TYPE : graph_{count}
DIMENSION: 19
EDGE_DATA_FORMAT: EDGE_LIST
EDGE_WEIGHT_TYPE: EXPLICIT
EDGE_WEIGHT_FORMAT: FULL_MATRIX
EDGE_DATA_SECTION
0 1
0 2
0 3
0 4
0 5
0 6
0 12
0 15
0 17
0 18
1 2
1 5
1 8
1 15
1 18
2 3
2 7
2 9
2 11
2 13
2 15
2 17
3 4
3 6
3 7
3 9
3 12
3 15
3 17
3 18
4 10
4 12
4 13
5 9
5 10
6 8
6 9
6 12
6 18
8 9
8 10
8 15
8 17
9 14
9 15
10 12
10 15
10 17
10 18
11 12
12 14
12 15
12 16
12 18
13 15
14 17
14 18
15 17
15 18
16 17
16 18
17 18
-1
EDGE_WEIGHT_SECTION
0	1	1	1	1	1	1	0	0	0	0	0	1	0	0	1	0	1	1
1	0	1	0	0	1	0	0	1	0	0	0	0	0	0	1	0	0	1
1	1	0	1	0	0	0	1	0	1	0	1	0	1	0	1	0	1	0
1	0	1	0	1	0	1	1	0	1	0	0	1	0	0	1	0	1	1
1	0	0	1	0	0	0	0	0	0	1	0	1	1	0	0	0	0	0
1	1	0	0	0	0	0	0	0	1	1	0	0	0	0	0	0	0	0
1	0	0	1	0	0	0	0	1	1	0	0	1	0	0	0	0	0	1
0	0	1	1	0	0	0	0	0	0	0	0	0	0	0	0	0	0	0
0	1	0	0	0	0	1	0	0	1	1	0	0	0	0	1	0	1	0
0	0	1	1	0	1	1	0	1	0	0	0	0	0	1	1	0	0	0
0	0	0	0	1	1	0	0	1	0	0	0	1	0	0	1	0	1	1
0	0	1	0	0	0	0	0	0	0	0	0	1	0	0	0	0	0	0
1	0	0	1	1	0	1	0	0	0	1	1	1	0	1	1	1	0	1
0	0	1	0	1	0	0	0	0	0	0	0	0	0	0	1	0	0	0
0	0	0	0	0	0	0	0	0	1	0	0	1	0	0	0	0	1	1
1	1	1	1	0	0	0	0	1	1	1	0	1	1	0	1	0	1	1
0	0	0	0	0	0	0	0	0	0	0	0	1	0	0	0	0	1	1
1	0	1	1	0	0	0	0	1	0	1	0	0	0	1	1	1	0	1
1	1	0	1	0	0	1	0	0	0	1	0	1	0	1	1	1	1	0
DIFF_EDGE
0 0
CHROM_NUMBER
10
EOF
