TYPE : graph_{count}
DIMENSION: 21
EDGE_DATA_FORMAT: EDGE_LIST
EDGE_WEIGHT_TYPE: EXPLICIT
EDGE_WEIGHT_FORMAT: FULL_MATRIX
EDGE_DATA_SECTION
0 1
0 2
0 4
0 6
0 7
0 8
0 11
0 14
0 18
1 3
1 5
1 8
1 9
1 10
1 12
1 18
2 11
2 16
3 5
3 6
3 8
3 14
3 15
3 16
3 18
4 6
4 7
4 10
4 11
4 14
4 18
4 19
5 6
5 7
5 9
5 10
5 14
5 17
5 18
6 8
7 8
7 9
7 11
8 11
8 14
8 18
9 11
9 19
11 12
11 14
11 18
12 13
12 18
13 14
14 18
16 18
17 20
-1
EDGE_WEIGHT_SECTION
0	1	1	0	1	0	1	1	1	0	0	1	0	0	1	0	0	0	1	0	0
1	0	0	1	0	1	0	0	1	1	1	0	1	0	0	0	0	0	1	0	0
1	0	0	0	0	0	0	0	0	0	0	1	0	0	0	0	1	0	0	0	0
0	1	0	0	0	1	1	0	1	0	0	0	0	0	1	1	1	0	1	0	0
1	0	0	0	0	0	1	1	0	0	1	1	0	0	1	0	0	0	1	1	0
0	1	0	1	0	0	1	1	0	1	1	0	0	0	1	0	0	1	1	0	0
1	0	0	1	1	1	0	0	1	0	0	0	0	0	0	0	0	0	0	0	0
1	0	0	0	1	1	0	0	1	1	0	1	0	0	0	0	0	0	0	0	0
1	1	0	1	0	0	1	1	0	0	0	1	0	0	1	0	0	0	1	0	0
0	1	0	0	0	1	0	1	0	0	0	1	0	0	0	0	0	0	0	1	0
0	1	0	0	1	1	0	0	0	0	0	0	0	0	0	0	0	0	0	0	0
1	0	1	0	1	0	0	1	1	1	0	1	1	0	1	0	0	0	1	0	0
0	1	0	0	0	0	0	0	0	0	0	1	0	1	0	0	0	0	1	0	0
0	0	0	0	0	0	0	0	0	0	0	0	1	0	1	0	0	0	0	0	0
1	0	0	1	1	1	0	0	1	0	0	1	0	1	1	0	0	0	1	0	0
0	0	0	1	0	0	0	0	0	0	0	0	0	0	0	0	0	0	0	0	0
0	0	1	1	0	0	0	0	0	0	0	0	0	0	0	0	0	0	1	0	0
0	0	0	0	0	1	0	0	0	0	0	0	0	0	0	0	0	0	0	0	1
1	1	0	1	1	1	0	0	1	0	0	1	1	0	1	0	1	0	0	0	0
0	0	0	0	1	0	0	0	0	1	0	0	0	0	0	0	0	0	0	0	0
0	0	0	0	0	0	0	0	0	0	0	0	0	0	0	0	0	1	0	0	0
DIFF_EDGE
0 0
CHROM_NUMBER
9
EOF
