TYPE : graph_{count}
DIMENSION: 17
EDGE_DATA_FORMAT: EDGE_LIST
EDGE_WEIGHT_TYPE: EXPLICIT
EDGE_WEIGHT_FORMAT: FULL_MATRIX
EDGE_DATA_SECTION
0 2
0 4
0 5
0 7
0 9
0 13
0 14
1 3
1 4
1 5
1 6
1 8
1 9
1 11
1 13
2 3
2 4
2 7
2 9
2 12
3 4
3 5
3 8
3 9
3 10
3 12
3 15
4 8
4 9
4 10
4 12
5 6
5 8
5 9
5 10
5 12
5 15
6 8
7 12
8 9
8 10
8 12
8 15
8 16
9 12
9 15
11 12
11 15
12 14
12 15
13 15
14 15
-1
EDGE_WEIGHT_SECTION
0	0	1	0	1	1	0	1	0	1	0	0	0	1	1	0	0
0	0	0	1	1	1	1	0	1	1	0	1	0	1	0	0	0
1	0	0	1	1	0	0	1	0	1	0	0	1	0	0	0	0
0	1	1	0	1	1	0	0	1	1	1	0	1	0	0	1	0
1	1	1	1	0	0	0	0	1	1	1	0	1	0	0	0	0
1	1	0	1	0	0	1	0	1	1	1	0	1	0	0	1	0
0	1	0	0	0	1	0	0	1	0	0	0	0	0	0	0	0
1	0	1	0	0	0	0	0	0	0	0	0	1	0	0	0	0
0	1	0	1	1	1	1	0	0	1	1	0	1	0	0	1	1
1	1	1	1	1	1	0	0	1	0	0	0	1	0	0	1	0
0	0	0	1	1	1	0	0	1	0	0	0	0	0	0	0	0
0	1	0	0	0	0	0	0	0	0	0	0	1	0	0	1	0
0	0	1	1	1	1	0	1	1	1	0	1	0	0	1	1	0
1	1	0	0	0	0	0	0	0	0	0	0	0	0	0	1	0
1	0	0	0	0	0	0	0	0	0	0	0	1	0	0	1	0
0	0	0	1	0	1	0	0	1	1	0	1	1	1	1	1	0
0	0	0	0	0	0	0	0	1	0	0	0	0	0	0	0	0
DIFF_EDGE
0 0
CHROM_NUMBER
8
EOF
