TYPE : graph_{count}
DIMENSION: 14
EDGE_DATA_FORMAT: EDGE_LIST
EDGE_WEIGHT_TYPE: EXPLICIT
EDGE_WEIGHT_FORMAT: FULL_MATRIX
EDGE_DATA_SECTION
0 2
0 3
0 4
0 5
0 7
0 11
0 12
0 13
1 3
1 4
1 7
1 8
1 9
1 12
1 13
2 4
2 7
2 8
2 10
2 11
2 12
2 13
3 4
3 6
3 10
3 11
3 13
4 5
4 7
4 10
4 11
4 12
4 13
5 7
5 8
5 11
6 7
6 9
6 10
6 11
7 8
7 11
8 10
8 12
8 13
10 11
10 12
10 13
11 12
11 13
12 13
-1
EDGE_WEIGHT_SECTION
0	0	1	1	1	1	0	1	0	0	0	1	1	1
0	0	0	1	1	0	0	1	1	1	0	0	1	1
1	0	0	0	1	0	0	1	1	0	1	1	1	1
1	1	0	0	1	0	1	0	0	0	1	1	0	1
1	1	1	1	0	1	0	1	0	0	1	1	1	1
1	0	0	0	1	0	0	1	1	0	0	1	0	0
0	0	0	1	0	0	0	1	0	1	1	1	0	0
1	1	1	0	1	1	1	0	1	0	0	1	0	0
0	1	1	0	0	1	0	1	0	0	1	0	1	1
0	1	0	0	0	0	1	0	0	0	0	0	0	0
0	0	1	1	1	0	1	0	1	0	0	1	1	1
1	0	1	1	1	1	1	1	0	0	1	0	1	1
1	1	1	0	1	0	0	0	1	0	1	1	0	1
1	1	1	1	1	0	0	0	1	0	1	1	1	0
DIFF_EDGE
0 0
CHROM_NUMBER
9
EOF
