TYPE : graph_{count}
DIMENSION: 21
EDGE_DATA_FORMAT: EDGE_LIST
EDGE_WEIGHT_TYPE: EXPLICIT
EDGE_WEIGHT_FORMAT: FULL_MATRIX
EDGE_DATA_SECTION
0 4
0 6
0 7
0 8
0 10
0 11
0 18
1 2
1 3
1 5
1 7
1 10
1 11
1 12
1 18
2 4
2 6
2 7
3 4
3 6
3 7
3 9
3 10
3 11
3 14
3 15
3 18
4 5
4 6
4 7
4 8
4 10
4 11
4 14
4 17
4 18
5 6
5 7
5 9
5 11
5 14
5 15
6 7
6 9
6 10
6 11
6 14
6 15
6 18
6 19
6 20
7 8
7 10
7 11
7 13
7 14
7 15
8 9
8 14
8 15
8 18
9 11
9 18
10 11
10 14
10 15
10 18
11 14
11 15
11 18
12 18
13 14
13 15
13 18
14 15
14 16
14 18
15 17
15 18
-1
EDGE_WEIGHT_SECTION
0	0	0	0	1	0	1	1	1	0	1	1	0	0	0	0	0	0	1	0	0
0	0	1	1	0	1	0	1	0	0	1	1	1	0	0	0	0	0	1	0	0
0	1	0	0	1	0	1	1	0	0	0	0	0	0	0	0	0	0	0	0	0
0	1	0	0	1	0	1	1	0	1	1	1	0	0	1	1	0	0	1	0	0
1	0	1	1	0	1	1	1	1	0	1	1	0	0	1	0	0	1	1	0	0
0	1	0	0	1	0	1	1	0	1	0	1	0	0	1	1	0	0	0	0	0
1	0	1	1	1	1	0	1	0	1	1	1	0	0	1	1	0	0	1	1	1
1	1	1	1	1	1	1	0	1	0	1	1	0	1	1	1	0	0	0	0	0
1	0	0	0	1	0	0	1	0	1	0	0	0	0	1	1	0	0	1	0	0
0	0	0	1	0	1	1	0	1	0	0	1	0	0	0	0	0	0	1	0	0
1	1	0	1	1	0	1	1	0	0	0	1	0	0	1	1	0	0	1	0	0
1	1	0	1	1	1	1	1	0	1	1	0	0	0	1	1	0	0	1	0	0
0	1	0	0	0	0	0	0	0	0	0	0	0	0	0	0	0	0	1	0	0
0	0	0	0	0	0	0	1	0	0	0	0	0	0	1	1	0	0	1	0	0
0	0	0	1	1	1	1	1	1	0	1	1	0	1	0	1	1	0	1	0	0
0	0	0	1	0	1	1	1	1	0	1	1	0	1	1	0	0	1	1	0	0
0	0	0	0	0	0	0	0	0	0	0	0	0	0	1	0	0	0	0	0	0
0	0	0	0	1	0	0	0	0	0	0	0	0	0	0	1	0	0	0	0	0
1	1	0	1	1	0	1	0	1	1	1	1	1	1	1	1	0	0	1	0	0
0	0	0	0	0	0	1	0	0	0	0	0	0	0	0	0	0	0	0	0	0
0	0	0	0	0	0	1	0	0	0	0	0	0	0	0	0	0	0	0	0	0
DIFF_EDGE
0 0
CHROM_NUMBER
11
EOF
