TYPE : graph_{count}
DIMENSION: 20
EDGE_DATA_FORMAT: EDGE_LIST
EDGE_WEIGHT_TYPE: EXPLICIT
EDGE_WEIGHT_FORMAT: FULL_MATRIX
EDGE_DATA_SECTION
0 1
0 3
0 6
0 8
0 10
0 11
0 12
0 13
0 16
0 19
1 3
1 4
1 6
1 8
1 10
1 11
1 12
1 13
1 15
1 18
2 6
2 7
2 16
3 13
4 5
4 7
4 12
5 7
5 15
6 8
6 9
6 10
6 11
6 12
6 13
6 16
7 8
7 10
7 18
8 10
8 11
8 12
8 13
8 16
9 10
9 13
10 11
10 12
10 13
10 16
11 12
11 13
11 16
12 13
12 16
12 17
13 14
13 16
15 16
-1
EDGE_WEIGHT_SECTION
0	1	0	1	0	0	1	0	1	0	1	1	1	1	0	0	1	0	0	1
1	0	0	1	1	0	1	0	1	0	1	1	1	1	0	1	0	0	1	0
0	0	0	0	0	0	1	1	0	0	0	0	0	0	0	0	1	0	0	0
1	1	0	0	0	0	0	0	0	0	0	0	0	1	0	0	0	0	0	0
0	1	0	0	0	1	0	1	0	0	0	0	1	0	0	0	0	0	0	0
0	0	0	0	1	0	0	1	0	0	0	0	0	0	0	1	0	0	0	0
1	1	1	0	0	0	0	0	1	1	1	1	1	1	0	0	1	0	0	0
0	0	1	0	1	1	0	0	1	0	1	0	0	0	0	0	0	0	1	0
1	1	0	0	0	0	1	1	0	0	1	1	1	1	0	0	1	0	0	0
0	0	0	0	0	0	1	0	0	0	1	0	0	1	0	0	0	0	0	0
1	1	0	0	0	0	1	1	1	1	0	1	1	1	0	0	1	0	0	0
1	1	0	0	0	0	1	0	1	0	1	0	1	1	0	0	1	0	0	0
1	1	0	0	1	0	1	0	1	0	1	1	0	1	0	0	1	1	0	0
1	1	0	1	0	0	1	0	1	1	1	1	1	0	1	0	1	0	0	0
0	0	0	0	0	0	0	0	0	0	0	0	0	1	0	0	0	0	0	0
0	1	0	0	0	1	0	0	0	0	0	0	0	0	0	0	1	0	0	0
1	0	1	0	0	0	1	0	1	0	1	1	1	1	0	1	1	0	0	0
0	0	0	0	0	0	0	0	0	0	0	0	1	0	0	0	0	0	0	0
0	1	0	0	0	0	0	1	0	0	0	0	0	0	0	0	0	0	0	0
1	0	0	0	0	0	0	0	0	0	0	0	0	0	0	0	0	0	0	0
DIFF_EDGE
0 0
CHROM_NUMBER
9
EOF
