TYPE : graph_{count}
DIMENSION: 17
EDGE_DATA_FORMAT: EDGE_LIST
EDGE_WEIGHT_TYPE: EXPLICIT
EDGE_WEIGHT_FORMAT: FULL_MATRIX
EDGE_DATA_SECTION
0 2
0 5
0 7
0 8
0 9
0 11
0 12
0 13
1 8
1 10
1 15
2 3
2 5
2 10
2 11
2 12
2 15
3 7
3 11
3 12
3 15
4 8
4 9
4 10
4 11
4 14
4 15
5 10
5 12
5 16
6 13
6 15
7 8
8 10
8 12
9 10
9 11
9 12
10 15
11 12
11 15
12 15
13 15
14 16
-1
EDGE_WEIGHT_SECTION
0	0	1	0	0	1	0	1	1	1	0	1	1	1	0	0	0
0	0	0	0	0	0	0	0	1	0	1	0	0	0	0	1	0
1	0	0	1	0	1	0	0	0	0	1	1	1	0	0	1	0
0	0	1	0	0	0	0	1	0	0	0	1	1	0	0	1	0
0	0	0	0	0	0	0	0	1	1	1	1	0	0	1	1	0
1	0	1	0	0	0	0	0	0	0	1	0	1	0	0	0	1
0	0	0	0	0	0	0	0	0	0	0	0	0	1	0	1	0
1	0	0	1	0	0	0	0	1	0	0	0	0	0	0	0	0
1	1	0	0	1	0	0	1	0	0	1	0	1	0	0	0	0
1	0	0	0	1	0	0	0	0	0	1	1	1	0	0	0	0
0	1	1	0	1	1	0	0	1	1	0	0	0	0	0	1	0
1	0	1	1	1	0	0	0	0	1	0	0	1	0	0	1	0
1	0	1	1	0	1	0	0	1	1	0	1	0	0	0	1	0
1	0	0	0	0	0	1	0	0	0	0	0	0	0	0	1	0
0	0	0	0	1	0	0	0	0	0	0	0	0	0	0	0	1
0	1	1	1	1	0	1	0	0	0	1	1	1	1	0	0	0
0	0	0	0	0	1	0	0	0	0	0	0	0	0	1	0	0
DIFF_EDGE
0 0
CHROM_NUMBER
8
EOF
