TYPE : graph_{count}
DIMENSION: 17
EDGE_DATA_FORMAT: EDGE_LIST
EDGE_WEIGHT_TYPE: EXPLICIT
EDGE_WEIGHT_FORMAT: FULL_MATRIX
EDGE_DATA_SECTION
0 1
0 2
0 3
0 5
0 8
0 11
0 12
0 13
0 15
1 2
1 3
1 5
1 7
1 8
1 11
1 12
1 13
2 5
2 7
2 8
2 9
2 11
2 13
2 14
3 4
3 5
3 6
3 7
3 8
3 9
3 10
3 11
4 6
4 7
4 8
4 10
5 8
5 9
5 11
5 12
5 13
6 7
6 8
6 9
7 8
7 11
7 12
7 13
8 10
8 11
8 12
8 13
9 10
11 12
11 13
11 16
12 13
12 14
-1
EDGE_WEIGHT_SECTION
0	1	1	1	0	1	0	0	1	0	0	1	1	1	0	1	0
1	0	1	1	0	1	0	1	1	0	0	1	1	1	0	0	0
1	1	0	0	0	1	0	1	1	1	0	1	0	1	1	0	0
1	1	0	0	1	1	1	1	1	1	1	1	0	0	0	0	0
0	0	0	1	0	0	1	1	1	0	1	0	0	0	0	0	0
1	1	1	1	0	0	0	0	1	1	0	1	1	1	0	0	0
0	0	0	1	1	0	0	1	1	1	0	0	0	0	0	0	0
0	1	1	1	1	0	1	0	1	0	0	1	1	1	0	0	0
1	1	1	1	1	1	1	1	0	0	1	1	1	1	0	0	0
0	0	1	1	0	1	1	0	0	0	1	0	0	0	0	0	0
0	0	0	1	1	0	0	0	1	1	0	0	0	0	0	0	0
1	1	1	1	0	1	0	1	1	0	0	0	1	1	0	0	1
1	1	0	0	0	1	0	1	1	0	0	1	0	1	1	0	0
1	1	1	0	0	1	0	1	1	0	0	1	1	0	0	0	0
0	0	1	0	0	0	0	0	0	0	0	0	1	0	0	0	0
1	0	0	0	0	0	0	0	0	0	0	0	0	0	0	0	0
0	0	0	0	0	0	0	0	0	0	0	1	0	0	0	0	0
DIFF_EDGE
0 0
CHROM_NUMBER
9
EOF
