TYPE : graph_{count}
DIMENSION: 20
EDGE_DATA_FORMAT: EDGE_LIST
EDGE_WEIGHT_TYPE: EXPLICIT
EDGE_WEIGHT_FORMAT: FULL_MATRIX
EDGE_DATA_SECTION
0 2
0 3
0 5
0 8
0 10
0 11
0 15
0 17
0 18
0 19
1 4
1 6
1 12
1 16
2 4
2 6
2 7
2 8
2 10
2 11
2 12
2 15
2 17
2 19
3 4
3 7
3 8
3 9
3 10
3 11
3 15
4 6
4 8
4 17
4 18
4 19
5 7
5 9
5 10
5 11
5 15
5 19
6 8
6 15
6 19
7 8
7 10
7 16
7 17
7 19
8 10
8 11
8 13
8 17
8 19
9 10
10 11
10 15
10 17
10 18
10 19
11 14
11 15
11 17
11 18
11 19
12 18
13 15
13 18
13 19
15 17
15 18
15 19
16 18
17 18
17 19
18 19
-1
EDGE_WEIGHT_SECTION
0	0	1	1	0	1	0	0	1	0	1	1	0	0	0	1	0	1	1	1
0	0	0	0	1	0	1	0	0	0	0	0	1	0	0	0	1	0	0	0
1	0	0	0	1	0	1	1	1	0	1	1	1	0	0	1	0	1	0	1
1	0	0	0	1	0	0	1	1	1	1	1	0	0	0	1	0	0	0	0
0	1	1	1	0	0	1	0	1	0	0	0	0	0	0	0	0	1	1	1
1	0	0	0	0	0	0	1	0	1	1	1	0	0	0	1	0	0	0	1
0	1	1	0	1	0	0	0	1	0	0	0	0	0	0	1	0	0	0	1
0	0	1	1	0	1	0	0	1	0	1	0	0	0	0	0	1	1	0	1
1	0	1	1	1	0	1	1	0	0	1	1	0	1	0	0	0	1	0	1
0	0	0	1	0	1	0	0	0	0	1	0	0	0	0	0	0	0	0	0
1	0	1	1	0	1	0	1	1	1	0	1	0	0	0	1	0	1	1	1
1	0	1	1	0	1	0	0	1	0	1	0	0	0	1	1	0	1	1	1
0	1	1	0	0	0	0	0	0	0	0	0	0	0	0	0	0	0	1	0
0	0	0	0	0	0	0	0	1	0	0	0	0	0	0	1	0	0	1	1
0	0	0	0	0	0	0	0	0	0	0	1	0	0	0	0	0	0	0	0
1	0	1	1	0	1	1	0	0	0	1	1	0	1	0	0	0	1	1	1
0	1	0	0	0	0	0	1	0	0	0	0	0	0	0	0	0	0	1	0
1	0	1	0	1	0	0	1	1	0	1	1	0	0	0	1	0	0	1	1
1	0	0	0	1	0	0	0	0	0	1	1	1	1	0	1	1	1	0	1
1	0	1	0	1	1	1	1	1	0	1	1	0	1	0	1	0	1	1	0
DIFF_EDGE
0 0
CHROM_NUMBER
11
EOF
