TYPE : graph_{count}
DIMENSION: 20
EDGE_DATA_FORMAT: EDGE_LIST
EDGE_WEIGHT_TYPE: EXPLICIT
EDGE_WEIGHT_FORMAT: FULL_MATRIX
EDGE_DATA_SECTION
0 1
0 3
0 4
0 6
0 8
0 9
0 11
0 14
0 17
0 18
1 2
1 3
1 6
1 7
1 8
1 11
1 13
1 14
1 19
2 3
2 5
2 6
2 8
2 10
2 11
2 12
2 13
2 18
3 4
3 5
3 6
3 7
3 9
3 10
3 11
3 13
3 14
3 19
4 6
4 8
4 13
4 14
5 7
5 9
5 10
6 8
6 10
6 11
6 13
6 14
6 19
7 8
7 9
7 11
7 13
7 19
8 9
8 11
8 13
8 19
9 11
9 14
10 14
11 13
11 14
11 15
11 19
12 16
12 19
13 14
13 17
13 19
14 16
14 19
16 19
18 19
-1
EDGE_WEIGHT_SECTION
0	1	0	1	1	0	1	0	1	1	0	1	0	0	1	0	0	1	1	0
1	0	1	1	0	0	1	1	1	0	0	1	0	1	1	0	0	0	0	1
0	1	0	1	0	1	1	0	1	0	1	1	1	1	0	0	0	0	1	0
1	1	1	0	1	1	1	1	0	1	1	1	0	1	1	0	0	0	0	1
1	0	0	1	0	0	1	0	1	0	0	0	0	1	1	0	0	0	0	0
0	0	1	1	0	0	0	1	0	1	1	0	0	0	0	0	0	0	0	0
1	1	1	1	1	0	0	0	1	0	1	1	0	1	1	0	0	0	0	1
0	1	0	1	0	1	0	0	1	1	0	1	0	1	0	0	0	0	0	1
1	1	1	0	1	0	1	1	0	1	0	1	0	1	0	0	0	0	0	1
1	0	0	1	0	1	0	1	1	0	0	1	0	0	1	0	0	0	0	0
0	0	1	1	0	1	1	0	0	0	0	0	0	0	1	0	0	0	0	0
1	1	1	1	0	0	1	1	1	1	0	0	0	1	1	1	0	0	0	1
0	0	1	0	0	0	0	0	0	0	0	0	0	0	0	0	1	0	0	1
0	1	1	1	1	0	1	1	1	0	0	1	0	0	1	0	0	1	0	1
1	1	0	1	1	0	1	0	0	1	1	1	0	1	0	0	1	0	0	1
0	0	0	0	0	0	0	0	0	0	0	1	0	0	0	0	0	0	0	0
0	0	0	0	0	0	0	0	0	0	0	0	1	0	1	0	0	0	0	1
1	0	0	0	0	0	0	0	0	0	0	0	0	1	0	0	0	0	0	0
1	0	1	0	0	0	0	0	0	0	0	0	0	0	0	0	0	0	0	1
0	1	0	1	0	0	1	1	1	0	0	1	1	1	1	0	1	0	1	0
DIFF_EDGE
0 0
CHROM_NUMBER
11
EOF
