TYPE : graph_{count}
DIMENSION: 15
EDGE_DATA_FORMAT: EDGE_LIST
EDGE_WEIGHT_TYPE: EXPLICIT
EDGE_WEIGHT_FORMAT: FULL_MATRIX
EDGE_DATA_SECTION
0 1
0 2
0 3
0 5
0 7
0 9
0 12
1 2
1 3
1 4
1 6
1 7
1 8
1 9
1 10
1 12
2 3
2 4
2 6
2 7
2 10
2 12
3 4
3 6
3 8
3 10
3 12
4 5
4 6
4 7
4 12
5 8
5 10
5 12
5 13
6 7
6 9
6 12
6 13
7 8
7 9
8 10
8 11
8 12
12 14
-1
EDGE_WEIGHT_SECTION
0	1	1	1	0	1	0	1	0	1	0	0	1	0	0
1	0	1	1	1	0	1	1	1	1	1	0	1	0	0
1	1	0	1	1	0	1	1	0	0	1	0	1	0	0
1	1	1	0	1	0	1	0	1	0	1	0	1	0	0
0	1	1	1	0	1	1	1	0	0	0	0	1	0	0
1	0	0	0	1	0	0	0	1	0	1	0	1	1	0
0	1	1	1	1	0	0	1	0	1	0	0	1	1	0
1	1	1	0	1	0	1	0	1	1	0	0	0	0	0
0	1	0	1	0	1	0	1	0	0	1	1	1	0	0
1	1	0	0	0	0	1	1	0	0	0	0	0	0	0
0	1	1	1	0	1	0	0	1	0	0	0	0	0	0
0	0	0	0	0	0	0	0	1	0	0	0	0	0	0
1	1	1	1	1	1	1	0	1	0	0	0	0	0	1
0	0	0	0	0	1	1	0	0	0	0	0	0	0	0
0	0	0	0	0	0	0	0	0	0	0	0	1	0	0
DIFF_EDGE
0 0
CHROM_NUMBER
8
EOF
