TYPE : graph_{count}
DIMENSION: 18
EDGE_DATA_FORMAT: EDGE_LIST
EDGE_WEIGHT_TYPE: EXPLICIT
EDGE_WEIGHT_FORMAT: FULL_MATRIX
EDGE_DATA_SECTION
0 4
0 8
0 9
0 10
0 13
0 17
1 4
1 7
1 8
1 10
1 11
1 14
2 3
2 4
2 5
2 7
2 9
2 12
3 4
3 6
3 9
3 10
3 14
4 5
4 9
4 14
5 8
5 9
6 8
6 10
6 14
7 10
7 13
7 14
8 14
8 15
9 10
9 11
9 14
10 14
10 15
13 14
14 16
-1
EDGE_WEIGHT_SECTION
0	0	0	0	1	0	0	0	1	1	1	0	0	1	0	0	0	1
0	0	0	0	1	0	0	1	1	0	1	1	0	0	1	0	0	0
0	0	0	1	1	1	0	1	0	1	0	0	1	0	0	0	0	0
0	0	1	0	1	0	1	0	0	1	1	0	0	0	1	0	0	0
1	1	1	1	0	1	0	0	0	1	0	0	0	0	1	0	0	0
0	0	1	0	1	0	0	0	1	1	0	0	0	0	0	0	0	0
0	0	0	1	0	0	0	0	1	0	1	0	0	0	1	0	0	0
0	1	1	0	0	0	0	0	0	0	1	0	0	1	1	0	0	0
1	1	0	0	0	1	1	0	0	0	0	0	0	0	1	1	0	0
1	0	1	1	1	1	0	0	0	0	1	1	0	0	1	0	0	0
1	1	0	1	0	0	1	1	0	1	0	0	0	0	1	1	0	0
0	1	0	0	0	0	0	0	0	1	0	0	0	0	0	0	0	0
0	0	1	0	0	0	0	0	0	0	0	0	0	0	0	0	0	0
1	0	0	0	0	0	0	1	0	0	0	0	0	0	1	0	0	0
0	1	0	1	1	0	1	1	1	1	1	0	0	1	1	0	1	0
0	0	0	0	0	0	0	0	1	0	1	0	0	0	0	0	0	0
0	0	0	0	0	0	0	0	0	0	0	0	0	0	1	0	0	0
1	0	0	0	0	0	0	0	0	0	0	0	0	0	0	0	0	0
DIFF_EDGE
0 0
CHROM_NUMBER
7
EOF
