TYPE : graph_{count}
DIMENSION: 20
EDGE_DATA_FORMAT: EDGE_LIST
EDGE_WEIGHT_TYPE: EXPLICIT
EDGE_WEIGHT_FORMAT: FULL_MATRIX
EDGE_DATA_SECTION
0 1
0 3
0 5
0 7
0 9
0 10
0 19
1 3
1 6
1 12
2 4
2 5
2 18
3 4
3 8
3 11
3 18
4 5
4 7
4 8
4 9
4 10
4 11
4 18
4 19
5 7
5 8
5 10
5 11
5 16
6 8
7 9
7 11
7 12
7 14
7 18
8 13
8 14
8 15
8 18
9 10
9 11
11 15
11 18
11 19
13 17
13 18
14 19
15 19
16 18
16 19
17 18
17 19
18 19
-1
EDGE_WEIGHT_SECTION
0	1	0	1	0	1	0	1	0	1	1	0	0	0	0	0	0	0	0	1
1	0	0	1	0	0	1	0	0	0	0	0	1	0	0	0	0	0	0	0
0	0	0	0	1	1	0	0	0	0	0	0	0	0	0	0	0	0	1	0
1	1	0	0	1	0	0	0	1	0	0	1	0	0	0	0	0	0	1	0
0	0	1	1	0	1	0	1	1	1	1	1	0	0	0	0	0	0	1	1
1	0	1	0	1	0	0	1	1	0	1	1	0	0	0	0	1	0	0	0
0	1	0	0	0	0	0	0	1	0	0	0	0	0	0	0	0	0	0	0
1	0	0	0	1	1	0	0	0	1	0	1	1	0	1	0	0	0	1	0
0	0	0	1	1	1	1	0	0	0	0	0	0	1	1	1	0	0	1	0
1	0	0	0	1	0	0	1	0	0	1	1	0	0	0	0	0	0	0	0
1	0	0	0	1	1	0	0	0	1	0	0	0	0	0	0	0	0	0	0
0	0	0	1	1	1	0	1	0	1	0	0	0	0	0	1	0	0	1	1
0	1	0	0	0	0	0	1	0	0	0	0	0	0	0	0	0	0	0	0
0	0	0	0	0	0	0	0	1	0	0	0	0	0	0	0	0	1	1	0
0	0	0	0	0	0	0	1	1	0	0	0	0	0	0	0	0	0	0	1
0	0	0	0	0	0	0	0	1	0	0	1	0	0	0	0	0	0	0	1
0	0	0	0	0	1	0	0	0	0	0	0	0	0	0	0	0	0	1	1
0	0	0	0	0	0	0	0	0	0	0	0	0	1	0	0	0	0	1	1
0	0	1	1	1	0	0	1	1	0	0	1	0	1	0	0	1	1	0	1
1	0	0	0	1	0	0	0	0	0	0	1	0	0	1	1	1	1	1	0
DIFF_EDGE
0 0
CHROM_NUMBER
8
EOF
