TYPE : graph_{count}
DIMENSION: 17
EDGE_DATA_FORMAT: EDGE_LIST
EDGE_WEIGHT_TYPE: EXPLICIT
EDGE_WEIGHT_FORMAT: FULL_MATRIX
EDGE_DATA_SECTION
0 1
0 4
0 5
0 7
0 9
0 11
1 3
1 4
1 6
1 7
1 8
1 10
1 11
2 5
2 6
2 8
2 10
3 4
3 5
3 7
3 8
3 9
3 10
3 11
3 12
4 5
4 8
4 14
4 15
5 6
5 7
5 8
6 9
7 9
7 10
7 11
9 13
10 11
10 13
11 15
15 16
-1
EDGE_WEIGHT_SECTION
0	1	0	0	1	1	0	1	0	1	0	1	0	0	0	0	0
1	0	0	1	1	0	1	1	1	0	1	1	0	0	0	0	0
0	0	0	0	0	1	1	0	1	0	1	0	0	0	0	0	0
0	1	0	0	1	1	0	1	1	1	1	1	1	0	0	0	0
1	1	0	1	0	1	0	0	1	0	0	0	0	0	1	1	0
1	0	1	1	1	0	1	1	1	0	0	0	0	0	0	0	0
0	1	1	0	0	1	0	0	0	1	0	0	0	0	0	0	0
1	1	0	1	0	1	0	0	0	1	1	1	0	0	0	0	0
0	1	1	1	1	1	0	0	0	0	0	0	0	0	0	0	0
1	0	0	1	0	0	1	1	0	0	0	0	0	1	0	0	0
0	1	1	1	0	0	0	1	0	0	0	1	0	1	0	0	0
1	1	0	1	0	0	0	1	0	0	1	0	0	0	0	1	0
0	0	0	1	0	0	0	0	0	0	0	0	0	0	0	0	0
0	0	0	0	0	0	0	0	0	1	1	0	0	0	0	0	0
0	0	0	0	1	0	0	0	0	0	0	0	0	0	0	0	0
0	0	0	0	1	0	0	0	0	0	0	1	0	0	0	0	1
0	0	0	0	0	0	0	0	0	0	0	0	0	0	0	1	0
DIFF_EDGE
0 0
CHROM_NUMBER
7
EOF
