TYPE : graph_{count}
DIMENSION: 16
EDGE_DATA_FORMAT: EDGE_LIST
EDGE_WEIGHT_TYPE: EXPLICIT
EDGE_WEIGHT_FORMAT: FULL_MATRIX
EDGE_DATA_SECTION
0 2
0 3
0 6
0 9
0 10
0 13
1 2
1 3
1 4
1 5
1 8
1 9
1 13
1 15
2 4
2 7
2 10
2 12
2 13
2 15
3 4
3 9
3 10
3 13
3 15
4 6
4 8
4 13
4 15
5 7
5 9
5 10
5 13
5 15
6 7
6 8
6 10
7 8
7 10
8 10
8 11
8 15
9 10
9 11
9 13
9 15
10 13
10 15
11 14
11 15
12 13
13 15
-1
EDGE_WEIGHT_SECTION
0	0	1	1	0	0	1	0	0	1	1	0	0	1	0	0
0	0	1	1	1	1	0	0	1	1	0	0	0	1	0	1
1	1	0	0	1	0	0	1	0	0	1	0	1	1	0	1
1	1	0	0	1	0	0	0	0	1	1	0	0	1	0	1
0	1	1	1	0	0	1	0	1	0	0	0	0	1	0	1
0	1	0	0	0	0	0	1	0	1	1	0	0	1	0	1
1	0	0	0	1	0	0	1	1	0	1	0	0	0	0	0
0	0	1	0	0	1	1	0	1	0	1	0	0	0	0	0
0	1	0	0	1	0	1	1	0	0	1	1	0	0	0	1
1	1	0	1	0	1	0	0	0	0	1	1	0	1	0	1
1	0	1	1	0	1	1	1	1	1	0	0	0	1	0	1
0	0	0	0	0	0	0	0	1	1	0	0	0	0	1	1
0	0	1	0	0	0	0	0	0	0	0	0	0	1	0	0
1	1	1	1	1	1	0	0	0	1	1	0	1	0	0	1
0	0	0	0	0	0	0	0	0	0	0	1	0	0	0	0
0	1	1	1	1	1	0	0	1	1	1	1	0	1	0	1
DIFF_EDGE
0 0
CHROM_NUMBER
8
EOF
