TYPE : graph_{count}
DIMENSION: 16
EDGE_DATA_FORMAT: EDGE_LIST
EDGE_WEIGHT_TYPE: EXPLICIT
EDGE_WEIGHT_FORMAT: FULL_MATRIX
EDGE_DATA_SECTION
0 3
0 4
0 5
0 6
0 8
0 13
0 15
1 3
1 4
1 6
1 8
1 9
1 13
1 15
2 14
3 4
3 8
3 10
4 6
4 7
4 10
4 12
4 13
5 7
5 10
5 12
5 15
6 9
6 10
6 11
6 13
7 11
7 13
8 13
9 10
10 13
11 15
12 15
13 14
13 15
14 15
-1
EDGE_WEIGHT_SECTION
0	0	0	1	1	1	1	0	1	0	0	0	0	1	0	1
0	0	0	1	1	0	1	0	1	1	0	0	0	1	0	1
0	0	0	0	0	0	0	0	0	0	0	0	0	0	1	0
1	1	0	0	1	0	0	0	1	0	1	0	0	0	0	0
1	1	0	1	0	0	1	1	0	0	1	0	1	1	0	0
1	0	0	0	0	0	0	1	0	0	1	0	1	0	0	1
1	1	0	0	1	0	0	0	0	1	1	1	0	1	0	0
0	0	0	0	1	1	0	0	0	0	0	1	0	1	0	0
1	1	0	1	0	0	0	0	0	0	0	0	0	1	0	0
0	1	0	0	0	0	1	0	0	0	1	0	0	0	0	0
0	0	0	1	1	1	1	0	0	1	0	0	0	1	0	0
0	0	0	0	0	0	1	1	0	0	0	0	0	0	0	1
0	0	0	0	1	1	0	0	0	0	0	0	0	0	0	1
1	1	0	0	1	0	1	1	1	0	1	0	0	1	1	1
0	0	1	0	0	0	0	0	0	0	0	0	0	1	0	1
1	1	0	0	0	1	0	0	0	0	0	1	1	1	1	0
DIFF_EDGE
0 0
CHROM_NUMBER
7
EOF
