TYPE : graph_{count}
DIMENSION: 16
EDGE_DATA_FORMAT: EDGE_LIST
EDGE_WEIGHT_TYPE: EXPLICIT
EDGE_WEIGHT_FORMAT: FULL_MATRIX
EDGE_DATA_SECTION
0 2
0 5
0 7
0 10
0 11
0 12
0 15
1 4
1 5
1 6
1 7
1 8
1 14
2 3
2 4
2 6
2 7
2 9
2 10
2 14
3 5
3 9
3 10
3 11
4 7
4 8
4 10
4 11
5 10
5 11
6 8
6 10
6 11
6 13
6 14
7 8
7 9
7 13
8 10
8 11
8 12
8 14
10 11
10 14
11 14
12 14
-1
EDGE_WEIGHT_SECTION
0	0	1	0	0	1	0	1	0	0	1	1	1	0	0	1
0	0	0	0	1	1	1	1	1	0	0	0	0	0	1	0
1	0	0	1	1	0	1	1	0	1	1	0	0	0	1	0
0	0	1	0	0	1	0	0	0	1	1	1	0	0	0	0
0	1	1	0	0	0	0	1	1	0	1	1	0	0	0	0
1	1	0	1	0	0	0	0	0	0	1	1	0	0	0	0
0	1	1	0	0	0	0	0	1	0	1	1	0	1	1	0
1	1	1	0	1	0	0	0	1	1	0	0	0	1	0	0
0	1	0	0	1	0	1	1	0	0	1	1	1	0	1	0
0	0	1	1	0	0	0	1	0	0	0	0	0	0	0	0
1	0	1	1	1	1	1	0	1	0	0	1	0	0	1	0
1	0	0	1	1	1	1	0	1	0	1	0	0	0	1	0
1	0	0	0	0	0	0	0	1	0	0	0	0	0	1	0
0	0	0	0	0	0	1	1	0	0	0	0	0	0	0	0
0	1	1	0	0	0	1	0	1	0	1	1	1	0	0	0
1	0	0	0	0	0	0	0	0	0	0	0	0	0	0	0
DIFF_EDGE
0 0
CHROM_NUMBER
8
EOF
