TYPE : graph_{count}
DIMENSION: 18
EDGE_DATA_FORMAT: EDGE_LIST
EDGE_WEIGHT_TYPE: EXPLICIT
EDGE_WEIGHT_FORMAT: FULL_MATRIX
EDGE_DATA_SECTION
0 1
0 3
0 6
0 7
0 14
1 2
1 3
1 4
1 5
1 7
1 8
1 14
2 5
2 8
2 9
2 13
2 14
2 15
2 17
3 4
3 7
3 8
3 10
3 12
3 13
3 14
5 7
5 9
6 9
6 11
6 16
7 14
8 9
8 10
8 14
8 16
9 14
-1
EDGE_WEIGHT_SECTION
0	1	0	1	0	0	1	1	0	0	0	0	0	0	1	0	0	0
1	0	1	1	1	1	0	1	1	0	0	0	0	0	1	0	0	0
0	1	0	0	0	1	0	0	1	1	0	0	0	1	1	1	0	1
1	1	0	0	1	0	0	1	1	0	1	0	1	1	1	0	0	0
0	1	0	1	0	0	0	0	0	0	0	0	0	0	0	0	0	0
0	1	1	0	0	0	0	1	0	1	0	0	0	0	0	0	0	0
1	0	0	0	0	0	0	0	0	1	0	1	0	0	0	0	1	0
1	1	0	1	0	1	0	0	0	0	0	0	0	0	1	0	0	0
0	1	1	1	0	0	0	0	0	1	1	0	0	0	1	0	1	0
0	0	1	0	0	1	1	0	1	0	0	0	0	0	1	0	0	0
0	0	0	1	0	0	0	0	1	0	0	0	0	0	0	0	0	0
0	0	0	0	0	0	1	0	0	0	0	0	0	0	0	0	0	0
0	0	0	1	0	0	0	0	0	0	0	0	0	0	0	0	0	0
0	0	1	1	0	0	0	0	0	0	0	0	0	0	0	0	0	0
1	1	1	1	0	0	0	1	1	1	0	0	0	0	0	0	0	0
0	0	1	0	0	0	0	0	0	0	0	0	0	0	0	0	0	0
0	0	0	0	0	0	1	0	1	0	0	0	0	0	0	0	0	0
0	0	1	0	0	0	0	0	0	0	0	0	0	0	0	0	0	0
DIFF_EDGE
0 0
CHROM_NUMBER
6
EOF
