TYPE : graph_{count}
DIMENSION: 16
EDGE_DATA_FORMAT: EDGE_LIST
EDGE_WEIGHT_TYPE: EXPLICIT
EDGE_WEIGHT_FORMAT: FULL_MATRIX
EDGE_DATA_SECTION
0 2
0 3
0 6
0 9
0 11
0 14
1 5
1 11
2 3
2 6
2 8
2 9
2 12
3 4
3 6
3 7
3 8
3 9
3 10
3 11
3 13
4 5
4 8
4 10
4 11
4 12
5 8
5 11
5 13
5 14
5 15
6 7
6 8
7 8
8 11
9 10
9 11
10 15
-1
EDGE_WEIGHT_SECTION
0	0	1	1	0	0	1	0	0	1	0	1	0	0	1	0
0	0	0	0	0	1	0	0	0	0	0	1	0	0	0	0
1	0	0	1	0	0	1	0	1	1	0	0	1	0	0	0
1	0	1	0	1	0	1	1	1	1	1	1	0	1	0	0
0	0	0	1	0	1	0	0	1	0	1	1	1	0	0	0
0	1	0	0	1	0	0	0	1	0	0	1	0	1	1	1
1	0	1	1	0	0	0	1	1	0	0	0	0	0	0	0
0	0	0	1	0	0	1	0	1	0	0	0	0	0	0	0
0	0	1	1	1	1	1	1	0	0	0	1	0	0	0	0
1	0	1	1	0	0	0	0	0	0	1	1	0	0	0	0
0	0	0	1	1	0	0	0	0	1	0	0	0	0	0	1
1	1	0	1	1	1	0	0	1	1	0	0	0	0	0	0
0	0	1	0	1	0	0	0	0	0	0	0	0	0	0	0
0	0	0	1	0	1	0	0	0	0	0	0	0	0	0	0
1	0	0	0	0	1	0	0	0	0	0	0	0	0	0	0
0	0	0	0	0	1	0	0	0	0	1	0	0	0	0	0
DIFF_EDGE
0 0
CHROM_NUMBER
6
EOF
