TYPE : graph_{count}
DIMENSION: 21
EDGE_DATA_FORMAT: EDGE_LIST
EDGE_WEIGHT_TYPE: EXPLICIT
EDGE_WEIGHT_FORMAT: FULL_MATRIX
EDGE_DATA_SECTION
0 1
0 2
0 3
0 4
0 5
0 6
0 7
0 9
0 10
0 11
0 13
1 5
1 7
1 9
1 10
1 14
2 8
2 9
2 10
2 13
3 4
3 5
3 10
4 5
4 6
4 7
4 10
4 13
4 14
4 19
5 6
5 7
5 8
5 13
5 14
5 15
6 7
6 10
6 12
6 13
6 14
6 18
7 9
7 10
7 13
7 16
7 17
8 10
8 16
8 19
8 20
9 14
10 13
10 14
11 13
11 14
13 14
14 17
14 20
-1
EDGE_WEIGHT_SECTION
0	1	1	1	1	1	1	1	0	1	1	1	0	1	0	0	0	0	0	0	0
1	0	0	0	0	1	0	1	0	1	1	0	0	0	1	0	0	0	0	0	0
1	0	0	0	0	0	0	0	1	1	1	0	0	1	0	0	0	0	0	0	0
1	0	0	0	1	1	0	0	0	0	1	0	0	0	0	0	0	0	0	0	0
1	0	0	1	0	1	1	1	0	0	1	0	0	1	1	0	0	0	0	1	0
1	1	0	1	1	0	1	1	1	0	0	0	0	1	1	1	0	0	0	0	0
1	0	0	0	1	1	0	1	0	0	1	0	1	1	1	0	0	0	1	0	0
1	1	0	0	1	1	1	0	0	1	1	0	0	1	0	0	1	1	0	0	0
0	0	1	0	0	1	0	0	0	0	1	0	0	0	0	0	1	0	0	1	1
1	1	1	0	0	0	0	1	0	0	0	0	0	0	1	0	0	0	0	0	0
1	1	1	1	1	0	1	1	1	0	0	0	0	1	1	0	0	0	0	0	0
1	0	0	0	0	0	0	0	0	0	0	0	0	1	1	0	0	0	0	0	0
0	0	0	0	0	0	1	0	0	0	0	0	0	0	0	0	0	0	0	0	0
1	0	1	0	1	1	1	1	0	0	1	1	0	0	1	0	0	0	0	0	0
0	1	0	0	1	1	1	0	0	1	1	1	0	1	1	0	0	1	0	0	1
0	0	0	0	0	1	0	0	0	0	0	0	0	0	0	0	0	0	0	0	0
0	0	0	0	0	0	0	1	1	0	0	0	0	0	0	0	0	0	0	0	0
0	0	0	0	0	0	0	1	0	0	0	0	0	0	1	0	0	0	0	0	0
0	0	0	0	0	0	1	0	0	0	0	0	0	0	0	0	0	0	0	0	0
0	0	0	0	1	0	0	0	1	0	0	0	0	0	0	0	0	0	0	0	0
0	0	0	0	0	0	0	0	1	0	0	0	0	0	1	0	0	0	0	0	0
DIFF_EDGE
0 0
CHROM_NUMBER
8
EOF
