TYPE : graph_{count}
DIMENSION: 21
EDGE_DATA_FORMAT: EDGE_LIST
EDGE_WEIGHT_TYPE: EXPLICIT
EDGE_WEIGHT_FORMAT: FULL_MATRIX
EDGE_DATA_SECTION
0 4
0 8
0 9
0 10
0 19
1 5
2 3
2 6
2 13
2 19
3 4
3 5
3 6
3 8
3 10
3 14
3 16
3 19
4 6
4 10
4 11
4 14
4 19
5 7
5 8
5 10
5 14
6 8
6 10
6 12
6 19
7 8
7 10
7 14
8 10
8 14
8 15
8 17
8 20
9 16
9 20
10 14
10 17
10 19
11 13
11 14
11 17
11 19
12 14
12 17
12 19
13 14
14 17
14 19
15 18
16 17
16 19
17 18
17 19
18 19
-1
EDGE_WEIGHT_SECTION
0	0	0	0	1	0	0	0	1	1	1	0	0	0	0	0	0	0	0	1	0
0	0	0	0	0	1	0	0	0	0	0	0	0	0	0	0	0	0	0	0	0
0	0	0	1	0	0	1	0	0	0	0	0	0	1	0	0	0	0	0	1	0
0	0	1	0	1	1	1	0	1	0	1	0	0	0	1	0	1	0	0	1	0
1	0	0	1	0	0	1	0	0	0	1	1	0	0	1	0	0	0	0	1	0
0	1	0	1	0	0	0	1	1	0	1	0	0	0	1	0	0	0	0	0	0
0	0	1	1	1	0	0	0	1	0	1	0	1	0	0	0	0	0	0	1	0
0	0	0	0	0	1	0	0	1	0	1	0	0	0	1	0	0	0	0	0	0
1	0	0	1	0	1	1	1	0	0	1	0	0	0	1	1	0	1	0	0	1
1	0	0	0	0	0	0	0	0	0	0	0	0	0	0	0	1	0	0	0	1
1	0	0	1	1	1	1	1	1	0	0	0	0	0	1	0	0	1	0	1	0
0	0	0	0	1	0	0	0	0	0	0	0	0	1	1	0	0	1	0	1	0
0	0	0	0	0	0	1	0	0	0	0	0	0	0	1	0	0	1	0	1	0
0	0	1	0	0	0	0	0	0	0	0	1	0	0	1	0	0	0	0	0	0
0	0	0	1	1	1	0	1	1	0	1	1	1	1	0	0	0	1	0	1	0
0	0	0	0	0	0	0	0	1	0	0	0	0	0	0	0	0	0	1	0	0
0	0	0	1	0	0	0	0	0	1	0	0	0	0	0	0	0	1	0	1	0
0	0	0	0	0	0	0	0	1	0	1	1	1	0	1	0	1	1	1	1	0
0	0	0	0	0	0	0	0	0	0	0	0	0	0	0	1	0	1	0	1	0
1	0	1	1	1	0	1	0	0	0	1	1	1	0	1	0	1	1	1	0	0
0	0	0	0	0	0	0	0	1	1	0	0	0	0	0	0	0	0	0	0	0
DIFF_EDGE
0 0
CHROM_NUMBER
8
EOF
