TYPE : graph_{count}
DIMENSION: 18
EDGE_DATA_FORMAT: EDGE_LIST
EDGE_WEIGHT_TYPE: EXPLICIT
EDGE_WEIGHT_FORMAT: FULL_MATRIX
EDGE_DATA_SECTION
0 1
0 2
0 3
0 5
0 7
0 9
0 12
0 14
0 16
1 2
1 5
1 6
1 7
1 8
1 9
1 10
1 12
1 13
1 16
2 3
2 4
2 5
2 6
2 7
2 8
2 10
2 12
2 16
2 17
3 4
3 5
3 6
3 8
3 9
3 10
3 16
4 6
4 9
4 10
5 6
5 7
5 12
5 16
5 17
6 8
6 9
7 9
7 12
7 15
7 16
8 9
8 16
9 10
9 11
9 12
10 17
11 12
11 17
12 16
12 17
13 16
13 17
14 17
15 17
16 17
-1
EDGE_WEIGHT_SECTION
0	1	1	1	0	1	0	1	0	1	0	0	1	0	1	0	1	0
1	0	1	0	0	1	1	1	1	1	1	0	1	1	0	0	1	0
1	1	0	1	1	1	1	1	1	0	1	0	1	0	0	0	1	1
1	0	1	0	1	1	1	0	1	1	1	0	0	0	0	0	1	0
0	0	1	1	0	0	1	0	0	1	1	0	0	0	0	0	0	0
1	1	1	1	0	0	1	1	0	0	0	0	1	0	0	0	1	1
0	1	1	1	1	1	0	0	1	1	0	0	0	0	0	0	0	0
1	1	1	0	0	1	0	0	0	1	0	0	1	0	0	1	1	0
0	1	1	1	0	0	1	0	0	1	0	0	0	0	0	0	1	0
1	1	0	1	1	0	1	1	1	0	1	1	1	0	0	0	0	0
0	1	1	1	1	0	0	0	0	1	0	0	0	0	0	0	0	1
0	0	0	0	0	0	0	0	0	1	0	0	1	0	0	0	0	1
1	1	1	0	0	1	0	1	0	1	0	1	0	0	0	0	1	1
0	1	0	0	0	0	0	0	0	0	0	0	0	0	0	0	1	1
1	0	0	0	0	0	0	0	0	0	0	0	0	0	0	0	0	1
0	0	0	0	0	0	0	1	0	0	0	0	0	0	0	0	0	1
1	1	1	1	0	1	0	1	1	0	0	0	1	1	0	0	1	1
0	0	1	0	0	1	0	0	0	0	1	1	1	1	1	1	1	0
DIFF_EDGE
0 0
CHROM_NUMBER
9
EOF
