TYPE : graph_{count}
DIMENSION: 21
EDGE_DATA_FORMAT: EDGE_LIST
EDGE_WEIGHT_TYPE: EXPLICIT
EDGE_WEIGHT_FORMAT: FULL_MATRIX
EDGE_DATA_SECTION
0 3
0 4
0 5
0 6
0 7
0 8
0 9
0 15
0 16
0 17
0 19
1 2
1 6
1 7
1 9
1 11
1 16
1 17
1 18
2 4
2 5
2 7
2 9
2 12
2 16
2 17
3 4
3 5
3 8
3 9
3 15
3 16
3 17
3 18
4 5
4 6
4 7
4 8
4 14
4 15
4 16
5 8
5 10
5 11
5 15
5 16
5 19
6 9
6 15
6 19
7 9
9 13
10 14
10 20
11 17
12 15
12 17
12 19
14 17
14 19
15 16
15 17
15 19
16 17
16 19
17 19
17 20
18 19
-1
EDGE_WEIGHT_SECTION
0	0	0	1	1	1	1	1	1	1	0	0	0	0	0	1	1	1	0	1	0
0	0	1	0	0	0	1	1	0	1	0	1	0	0	0	0	1	1	1	0	0
0	1	0	0	1	1	0	1	0	1	0	0	1	0	0	0	1	1	0	0	0
1	0	0	0	1	1	0	0	1	1	0	0	0	0	0	1	1	1	1	0	0
1	0	1	1	0	1	1	1	1	0	0	0	0	0	1	1	1	0	0	0	0
1	0	1	1	1	0	0	0	1	0	1	1	0	0	0	1	1	0	0	1	0
1	1	0	0	1	0	0	0	0	1	0	0	0	0	0	1	0	0	0	1	0
1	1	1	0	1	0	0	0	0	1	0	0	0	0	0	0	0	0	0	0	0
1	0	0	1	1	1	0	0	0	0	0	0	0	0	0	0	0	0	0	0	0
1	1	1	1	0	0	1	1	0	0	0	0	0	1	0	0	0	0	0	0	0
0	0	0	0	0	1	0	0	0	0	0	0	0	0	1	0	0	0	0	0	1
0	1	0	0	0	1	0	0	0	0	0	0	0	0	0	0	0	1	0	0	0
0	0	1	0	0	0	0	0	0	0	0	0	0	0	0	1	0	1	0	1	0
0	0	0	0	0	0	0	0	0	1	0	0	0	0	0	0	0	0	0	0	0
0	0	0	0	1	0	0	0	0	0	1	0	0	0	0	0	0	1	0	1	0
1	0	0	1	1	1	1	0	0	0	0	0	1	0	0	0	1	1	0	1	0
1	1	1	1	1	1	0	0	0	0	0	0	0	0	0	1	0	1	0	1	0
1	1	1	1	0	0	0	0	0	0	0	1	1	0	1	1	1	0	0	1	1
0	1	0	1	0	0	0	0	0	0	0	0	0	0	0	0	0	0	0	1	0
1	0	0	0	0	1	1	0	0	0	0	0	1	0	1	1	1	1	1	0	0
0	0	0	0	0	0	0	0	0	0	1	0	0	0	0	0	0	1	0	0	0
DIFF_EDGE
0 0
CHROM_NUMBER
10
EOF
