TYPE : graph_{count}
DIMENSION: 18
EDGE_DATA_FORMAT: EDGE_LIST
EDGE_WEIGHT_TYPE: EXPLICIT
EDGE_WEIGHT_FORMAT: FULL_MATRIX
EDGE_DATA_SECTION
0 5
0 6
0 10
1 2
1 4
1 5
1 11
1 13
1 15
2 6
2 8
2 9
3 6
3 7
3 8
3 9
3 10
3 11
3 13
4 5
4 6
4 7
4 9
4 10
4 13
5 7
5 8
6 7
6 9
6 12
6 13
7 9
7 14
7 16
8 13
9 10
9 13
9 17
10 12
10 13
11 13
13 16
14 15
-1
EDGE_WEIGHT_SECTION
0	0	0	0	0	1	1	0	0	0	1	0	0	0	0	0	0	0
0	0	1	0	1	1	0	0	0	0	0	1	0	1	0	1	0	0
0	1	0	0	0	0	1	0	1	1	0	0	0	0	0	0	0	0
0	0	0	0	0	0	1	1	1	1	1	1	0	1	0	0	0	0
0	1	0	0	0	1	1	1	0	1	1	0	0	1	0	0	0	0
1	1	0	0	1	0	0	1	1	0	0	0	0	0	0	0	0	0
1	0	1	1	1	0	0	1	0	1	0	0	1	1	0	0	0	0
0	0	0	1	1	1	1	0	0	1	0	0	0	0	1	0	1	0
0	0	1	1	0	1	0	0	0	0	0	0	0	1	0	0	0	0
0	0	1	1	1	0	1	1	0	0	1	0	0	1	0	0	0	1
1	0	0	1	1	0	0	0	0	1	0	0	1	1	0	0	0	0
0	1	0	1	0	0	0	0	0	0	0	0	0	1	0	0	0	0
0	0	0	0	0	0	1	0	0	0	1	0	0	0	0	0	0	0
0	1	0	1	1	0	1	0	1	1	1	1	0	0	0	0	1	0
0	0	0	0	0	0	0	1	0	0	0	0	0	0	0	1	0	0
0	1	0	0	0	0	0	0	0	0	0	0	0	0	1	0	0	0
0	0	0	0	0	0	0	1	0	0	0	0	0	1	0	0	0	0
0	0	0	0	0	0	0	0	0	1	0	0	0	0	0	0	0	0
DIFF_EDGE
0 0
CHROM_NUMBER
7
EOF
