TYPE : graph_{count}
DIMENSION: 16
EDGE_DATA_FORMAT: EDGE_LIST
EDGE_WEIGHT_TYPE: EXPLICIT
EDGE_WEIGHT_FORMAT: FULL_MATRIX
EDGE_DATA_SECTION
0 5
0 6
0 7
0 10
0 13
0 15
1 6
1 8
1 9
1 15
2 4
2 5
2 8
2 9
3 4
3 10
3 13
5 6
5 7
5 11
8 10
10 11
11 12
13 14
-1
EDGE_WEIGHT_SECTION
0	0	0	0	0	1	1	1	0	0	1	0	0	1	0	1
0	0	0	0	0	0	1	0	1	1	0	0	0	0	0	1
0	0	0	0	1	1	0	0	1	1	0	0	0	0	0	0
0	0	0	0	1	0	0	0	0	0	1	0	0	1	0	0
0	0	1	1	0	0	0	0	0	0	0	0	0	0	0	0
1	0	1	0	0	0	1	1	0	0	0	1	0	0	0	0
1	1	0	0	0	1	0	0	0	0	0	0	0	0	0	0
1	0	0	0	0	1	0	0	0	0	0	0	0	0	0	0
0	1	1	0	0	0	0	0	0	0	1	0	0	0	0	0
0	1	1	0	0	0	0	0	0	0	0	0	0	0	0	0
1	0	0	1	0	0	0	0	1	0	0	1	0	0	0	0
0	0	0	0	0	1	0	0	0	0	1	0	1	0	0	0
0	0	0	0	0	0	0	0	0	0	0	1	0	0	0	0
1	0	0	1	0	0	0	0	0	0	0	0	0	0	1	0
0	0	0	0	0	0	0	0	0	0	0	0	0	1	0	0
1	1	0	0	0	0	0	0	0	0	0	0	0	0	0	0
DIFF_EDGE
0 0
CHROM_NUMBER
5
EOF
