TYPE : graph_{count}
DIMENSION: 19
EDGE_DATA_FORMAT: EDGE_LIST
EDGE_WEIGHT_TYPE: EXPLICIT
EDGE_WEIGHT_FORMAT: FULL_MATRIX
EDGE_DATA_SECTION
0 2
0 8
0 10
0 12
0 13
0 15
0 17
1 6
1 7
1 10
1 12
1 15
2 3
2 5
2 7
3 5
3 11
3 13
3 14
4 9
4 13
4 15
5 7
5 10
6 8
6 10
6 12
7 8
7 9
7 10
7 12
7 13
7 15
7 17
8 9
8 10
8 11
8 12
8 13
8 15
8 16
9 13
9 15
10 12
10 13
10 15
10 17
11 12
11 13
11 15
11 17
12 13
12 15
12 17
13 15
13 17
15 17
16 17
16 18
-1
EDGE_WEIGHT_SECTION
0	0	1	0	0	0	0	0	1	0	1	0	1	1	0	1	0	1	0
0	0	0	0	0	0	1	1	0	0	1	0	1	0	0	1	0	0	0
1	0	0	1	0	1	0	1	0	0	0	0	0	0	0	0	0	0	0
0	0	1	0	0	1	0	0	0	0	0	1	0	1	1	0	0	0	0
0	0	0	0	0	0	0	0	0	1	0	0	0	1	0	1	0	0	0
0	0	1	1	0	0	0	1	0	0	1	0	0	0	0	0	0	0	0
0	1	0	0	0	0	0	0	1	0	1	0	1	0	0	0	0	0	0
0	1	1	0	0	1	0	0	1	1	1	0	1	1	0	1	0	1	0
1	0	0	0	0	0	1	1	0	1	1	1	1	1	0	1	1	0	0
0	0	0	0	1	0	0	1	1	0	0	0	0	1	0	1	0	0	0
1	1	0	0	0	1	1	1	1	0	0	0	1	1	0	1	0	1	0
0	0	0	1	0	0	0	0	1	0	0	0	1	1	0	1	0	1	0
1	1	0	0	0	0	1	1	1	0	1	1	0	1	0	1	0	1	0
1	0	0	1	1	0	0	1	1	1	1	1	1	0	0	1	0	1	0
0	0	0	1	0	0	0	0	0	0	0	0	0	0	0	0	0	0	0
1	1	0	0	1	0	0	1	1	1	1	1	1	1	0	0	0	1	0
0	0	0	0	0	0	0	0	1	0	0	0	0	0	0	0	0	1	1
1	0	0	0	0	0	0	1	0	0	1	1	1	1	0	1	1	0	0
0	0	0	0	0	0	0	0	0	0	0	0	0	0	0	0	1	0	0
DIFF_EDGE
0 0
CHROM_NUMBER
9
EOF
