TYPE : graph_{count}
DIMENSION: 17
EDGE_DATA_FORMAT: EDGE_LIST
EDGE_WEIGHT_TYPE: EXPLICIT
EDGE_WEIGHT_FORMAT: FULL_MATRIX
EDGE_DATA_SECTION
0 1
0 2
0 5
0 9
0 12
0 13
1 2
1 3
1 5
1 9
1 13
1 15
1 16
2 4
2 5
2 7
2 9
2 10
2 13
3 6
3 8
3 9
3 10
3 13
4 6
4 7
5 7
5 13
6 7
6 8
6 11
7 9
7 16
8 10
9 10
9 13
10 13
11 13
11 15
12 14
-1
EDGE_WEIGHT_SECTION
0	1	1	0	0	1	0	0	0	1	0	0	1	1	0	0	0
1	0	1	1	0	1	0	0	0	1	0	0	0	1	0	1	1
1	1	0	0	1	1	0	1	0	1	1	0	0	1	0	0	0
0	1	0	0	0	0	1	0	1	1	1	0	0	1	0	0	0
0	0	1	0	0	0	1	1	0	0	0	0	0	0	0	0	0
1	1	1	0	0	0	0	1	0	0	0	0	0	1	0	0	0
0	0	0	1	1	0	0	1	1	0	0	1	0	0	0	0	0
0	0	1	0	1	1	1	0	0	1	0	0	0	0	0	0	1
0	0	0	1	0	0	1	0	0	0	1	0	0	0	0	0	0
1	1	1	1	0	0	0	1	0	0	1	0	0	1	0	0	0
0	0	1	1	0	0	0	0	1	1	0	0	0	1	0	0	0
0	0	0	0	0	0	1	0	0	0	0	0	0	1	0	1	0
1	0	0	0	0	0	0	0	0	0	0	0	0	0	1	0	0
1	1	1	1	0	1	0	0	0	1	1	1	0	1	0	0	0
0	0	0	0	0	0	0	0	0	0	0	0	1	0	0	0	0
0	1	0	0	0	0	0	0	0	0	0	1	0	0	0	0	0
0	1	0	0	0	0	0	1	0	0	0	0	0	0	0	0	0
DIFF_EDGE
0 0
CHROM_NUMBER
6
EOF
