TYPE : graph_{count}
DIMENSION: 19
EDGE_DATA_FORMAT: EDGE_LIST
EDGE_WEIGHT_TYPE: EXPLICIT
EDGE_WEIGHT_FORMAT: FULL_MATRIX
EDGE_DATA_SECTION
0 2
0 3
0 10
0 11
0 13
0 14
1 5
1 6
2 3
2 6
2 9
2 11
2 13
2 14
2 15
3 7
3 9
3 11
3 13
3 14
3 17
4 6
4 7
4 13
4 14
4 15
5 7
5 13
5 14
6 8
6 13
7 8
7 10
7 13
7 14
8 12
9 14
10 11
10 12
10 13
10 14
11 13
11 14
12 16
13 14
13 18
-1
EDGE_WEIGHT_SECTION
0	0	1	1	0	0	0	0	0	0	1	1	0	1	1	0	0	0	0
0	0	0	0	0	1	1	0	0	0	0	0	0	0	0	0	0	0	0
1	0	0	1	0	0	1	0	0	1	0	1	0	1	1	1	0	0	0
1	0	1	0	0	0	0	1	0	1	0	1	0	1	1	0	0	1	0
0	0	0	0	0	0	1	1	0	0	0	0	0	1	1	1	0	0	0
0	1	0	0	0	0	0	1	0	0	0	0	0	1	1	0	0	0	0
0	1	1	0	1	0	0	0	1	0	0	0	0	1	0	0	0	0	0
0	0	0	1	1	1	0	0	1	0	1	0	0	1	1	0	0	0	0
0	0	0	0	0	0	1	1	0	0	0	0	1	0	0	0	0	0	0
0	0	1	1	0	0	0	0	0	0	0	0	0	0	1	0	0	0	0
1	0	0	0	0	0	0	1	0	0	0	1	1	1	1	0	0	0	0
1	0	1	1	0	0	0	0	0	0	1	1	0	1	1	0	0	0	0
0	0	0	0	0	0	0	0	1	0	1	0	0	0	0	0	1	0	0
1	0	1	1	1	1	1	1	0	0	1	1	0	0	1	0	0	0	1
1	0	1	1	1	1	0	1	0	1	1	1	0	1	0	0	0	0	0
0	0	1	0	1	0	0	0	0	0	0	0	0	0	0	0	0	0	0
0	0	0	0	0	0	0	0	0	0	0	0	1	0	0	0	0	0	0
0	0	0	1	0	0	0	0	0	0	0	0	0	0	0	0	0	0	0
0	0	0	0	0	0	0	0	0	0	0	0	0	1	0	0	0	0	0
DIFF_EDGE
0 0
CHROM_NUMBER
7
EOF
