TYPE : graph_{count}
DIMENSION: 17
EDGE_DATA_FORMAT: EDGE_LIST
EDGE_WEIGHT_TYPE: EXPLICIT
EDGE_WEIGHT_FORMAT: FULL_MATRIX
EDGE_DATA_SECTION
0 1
0 2
0 8
0 16
1 7
1 8
1 9
1 16
2 4
2 6
2 11
2 12
3 6
3 7
3 10
3 14
4 5
4 9
4 16
5 10
5 13
5 16
6 7
6 8
6 9
7 10
7 11
7 16
8 9
8 13
9 12
9 14
9 16
10 16
11 16
12 16
13 15
13 16
14 16
15 16
-1
EDGE_WEIGHT_SECTION
0	1	1	0	0	0	0	0	1	0	0	0	0	0	0	0	1
1	0	0	0	0	0	0	1	1	1	0	0	0	0	0	0	1
1	0	0	0	1	0	1	0	0	0	0	1	1	0	0	0	0
0	0	0	0	0	0	1	1	0	0	1	0	0	0	1	0	0
0	0	1	0	0	1	0	0	0	1	0	0	0	0	0	0	1
0	0	0	0	1	0	0	0	0	0	1	0	0	1	0	0	1
0	0	1	1	0	0	0	1	1	1	0	0	0	0	0	0	0
0	1	0	1	0	0	1	0	0	0	1	1	0	0	0	0	1
1	1	0	0	0	0	1	0	0	1	0	0	0	1	0	0	0
0	1	0	0	1	0	1	0	1	0	0	0	1	0	1	0	1
0	0	0	1	0	1	0	1	0	0	0	0	0	0	0	0	1
0	0	1	0	0	0	0	1	0	0	0	0	0	0	0	0	1
0	0	1	0	0	0	0	0	0	1	0	0	0	0	0	0	1
0	0	0	0	0	1	0	0	1	0	0	0	0	0	0	1	1
0	0	0	1	0	0	0	0	0	1	0	0	0	0	0	0	1
0	0	0	0	0	0	0	0	0	0	0	0	0	1	0	0	1
1	1	0	0	1	1	0	1	0	1	1	1	1	1	1	1	0
DIFF_EDGE
0 0
CHROM_NUMBER
7
EOF
