TYPE : graph_{count}
DIMENSION: 19
EDGE_DATA_FORMAT: EDGE_LIST
EDGE_WEIGHT_TYPE: EXPLICIT
EDGE_WEIGHT_FORMAT: FULL_MATRIX
EDGE_DATA_SECTION
0 1
0 2
0 9
1 4
1 5
1 6
1 9
1 13
1 14
1 15
1 16
2 4
2 6
2 8
2 9
2 13
3 6
3 7
3 10
3 14
3 17
4 6
4 7
4 9
4 10
4 14
5 7
5 8
5 9
5 13
6 8
6 13
7 8
7 9
7 12
7 13
7 14
8 9
8 13
8 14
9 11
9 17
10 12
11 13
11 14
11 18
12 13
13 14
-1
EDGE_WEIGHT_SECTION
0	1	1	0	0	0	0	0	0	1	0	0	0	0	0	0	0	0	0
1	0	0	0	1	1	1	0	0	1	0	0	0	1	1	1	1	0	0
1	0	0	0	1	0	1	0	1	1	0	0	0	1	0	0	0	0	0
0	0	0	0	0	0	1	1	0	0	1	0	0	0	1	0	0	1	0
0	1	1	0	0	0	1	1	0	1	1	0	0	0	1	0	0	0	0
0	1	0	0	0	0	0	1	1	1	0	0	0	1	0	0	0	0	0
0	1	1	1	1	0	0	0	1	0	0	0	0	1	0	0	0	0	0
0	0	0	1	1	1	0	0	1	1	0	0	1	1	1	0	0	0	0
0	0	1	0	0	1	1	1	0	1	0	0	0	1	1	0	0	0	0
1	1	1	0	1	1	0	1	1	0	0	1	0	0	0	0	0	1	0
0	0	0	1	1	0	0	0	0	0	0	0	1	0	0	0	0	0	0
0	0	0	0	0	0	0	0	0	1	0	0	0	1	1	0	0	0	1
0	0	0	0	0	0	0	1	0	0	1	0	0	1	0	0	0	0	0
0	1	1	0	0	1	1	1	1	0	0	1	1	0	1	0	0	0	0
0	1	0	1	1	0	0	1	1	0	0	1	0	1	0	0	0	0	0
0	1	0	0	0	0	0	0	0	0	0	0	0	0	0	0	0	0	0
0	1	0	0	0	0	0	0	0	0	0	0	0	0	0	0	0	0	0
0	0	0	1	0	0	0	0	0	1	0	0	0	0	0	0	0	0	0
0	0	0	0	0	0	0	0	0	0	0	1	0	0	0	0	0	0	0
DIFF_EDGE
0 0
CHROM_NUMBER
8
EOF
