TYPE : graph_{count}
DIMENSION: 21
EDGE_DATA_FORMAT: EDGE_LIST
EDGE_WEIGHT_TYPE: EXPLICIT
EDGE_WEIGHT_FORMAT: FULL_MATRIX
EDGE_DATA_SECTION
0 2
0 3
0 4
0 5
0 6
0 7
0 8
0 9
0 10
0 15
0 16
1 2
1 3
1 6
1 8
2 11
2 18
3 4
3 5
3 7
3 8
3 10
3 16
4 6
4 9
4 14
4 16
4 18
5 7
5 9
5 10
5 11
5 12
5 14
5 16
6 8
6 9
6 12
6 14
6 16
6 17
7 10
7 18
8 9
8 10
8 13
8 18
9 14
9 16
9 18
10 16
11 16
11 18
13 14
13 16
13 18
13 19
14 15
14 16
14 18
15 16
15 18
16 18
17 18
17 20
-1
EDGE_WEIGHT_SECTION
0	0	1	1	1	1	1	1	1	1	1	0	0	0	0	1	1	0	0	0	0
0	0	1	1	0	0	1	0	1	0	0	0	0	0	0	0	0	0	0	0	0
1	1	0	0	0	0	0	0	0	0	0	1	0	0	0	0	0	0	1	0	0
1	1	0	0	1	1	0	1	1	0	1	0	0	0	0	0	1	0	0	0	0
1	0	0	1	0	0	1	0	0	1	0	0	0	0	1	0	1	0	1	0	0
1	0	0	1	0	0	0	1	0	1	1	1	1	0	1	0	1	0	0	0	0
1	1	0	0	1	0	0	0	1	1	0	0	1	0	1	0	1	1	0	0	0
1	0	0	1	0	1	0	0	0	0	1	0	0	0	0	0	0	0	1	0	0
1	1	0	1	0	0	1	0	0	1	1	0	0	1	0	0	0	0	1	0	0
1	0	0	0	1	1	1	0	1	0	0	0	0	0	1	0	1	0	1	0	0
1	0	0	1	0	1	0	1	1	0	0	0	0	0	0	0	1	0	0	0	0
0	0	1	0	0	1	0	0	0	0	0	0	0	0	0	0	1	0	1	0	0
0	0	0	0	0	1	1	0	0	0	0	0	0	0	0	0	0	0	0	0	0
0	0	0	0	0	0	0	0	1	0	0	0	0	0	1	0	1	0	1	1	0
0	0	0	0	1	1	1	0	0	1	0	0	0	1	0	1	1	0	1	0	0
1	0	0	0	0	0	0	0	0	0	0	0	0	0	1	0	1	0	1	0	0
1	0	0	1	1	1	1	0	0	1	1	1	0	1	1	1	0	0	1	0	0
0	0	0	0	0	0	1	0	0	0	0	0	0	0	0	0	0	0	1	0	1
0	0	1	0	1	0	0	1	1	1	0	1	0	1	1	1	1	1	0	0	0
0	0	0	0	0	0	0	0	0	0	0	0	0	1	0	0	0	0	0	0	0
0	0	0	0	0	0	0	0	0	0	0	0	0	0	0	0	0	1	0	0	0
DIFF_EDGE
0 0
CHROM_NUMBER
9
EOF
