TYPE : graph_{count}
DIMENSION: 16
EDGE_DATA_FORMAT: EDGE_LIST
EDGE_WEIGHT_TYPE: EXPLICIT
EDGE_WEIGHT_FORMAT: FULL_MATRIX
EDGE_DATA_SECTION
0 2
0 5
0 6
0 8
0 10
0 12
0 13
0 15
1 2
1 3
1 4
1 7
1 10
1 12
1 14
1 15
2 3
2 4
2 7
2 9
2 12
2 14
2 15
3 9
3 10
3 12
3 14
3 15
4 8
4 9
4 11
4 12
4 14
5 7
5 8
5 10
5 14
6 7
6 8
6 9
6 14
7 8
7 10
7 12
7 15
8 9
8 15
11 12
12 14
12 15
13 14
14 15
-1
EDGE_WEIGHT_SECTION
0	0	1	0	0	1	1	0	1	0	1	0	1	1	0	1
0	0	1	1	1	0	0	1	0	0	1	0	1	0	1	1
1	1	0	1	1	0	0	1	0	1	0	0	1	0	1	1
0	1	1	0	0	0	0	0	0	1	1	0	1	0	1	1
0	1	1	0	0	0	0	0	1	1	0	1	1	0	1	0
1	0	0	0	0	0	0	1	1	0	1	0	0	0	1	0
1	0	0	0	0	0	0	1	1	1	0	0	0	0	1	0
0	1	1	0	0	1	1	0	1	0	1	0	1	0	0	1
1	0	0	0	1	1	1	1	0	1	0	0	0	0	0	1
0	0	1	1	1	0	1	0	1	0	0	0	0	0	0	0
1	1	0	1	0	1	0	1	0	0	0	0	0	0	0	0
0	0	0	0	1	0	0	0	0	0	0	0	1	0	0	0
1	1	1	1	1	0	0	1	0	0	0	1	1	0	1	1
1	0	0	0	0	0	0	0	0	0	0	0	0	0	1	0
0	1	1	1	1	1	1	0	0	0	0	0	1	1	0	1
1	1	1	1	0	0	0	1	1	0	0	0	1	0	1	0
DIFF_EDGE
0 0
CHROM_NUMBER
9
EOF
