TYPE : graph_{count}
DIMENSION: 21
EDGE_DATA_FORMAT: EDGE_LIST
EDGE_WEIGHT_TYPE: EXPLICIT
EDGE_WEIGHT_FORMAT: FULL_MATRIX
EDGE_DATA_SECTION
0 3
0 4
0 7
0 8
0 9
0 16
1 3
1 5
1 8
2 3
2 4
2 6
2 18
3 8
3 9
3 13
4 6
4 7
4 10
4 18
5 6
5 18
6 8
6 11
7 8
7 9
7 11
7 13
7 17
7 18
8 9
8 13
8 18
8 20
9 10
9 13
9 15
10 13
10 18
11 12
12 17
13 14
13 16
14 18
15 18
15 19
16 18
17 18
-1
EDGE_WEIGHT_SECTION
0	0	0	1	1	0	0	1	1	1	0	0	0	0	0	0	1	0	0	0	0
0	0	0	1	0	1	0	0	1	0	0	0	0	0	0	0	0	0	0	0	0
0	0	0	1	1	0	1	0	0	0	0	0	0	0	0	0	0	0	1	0	0
1	1	1	0	0	0	0	0	1	1	0	0	0	1	0	0	0	0	0	0	0
1	0	1	0	0	0	1	1	0	0	1	0	0	0	0	0	0	0	1	0	0
0	1	0	0	0	0	1	0	0	0	0	0	0	0	0	0	0	0	1	0	0
0	0	1	0	1	1	0	0	1	0	0	1	0	0	0	0	0	0	0	0	0
1	0	0	0	1	0	0	0	1	1	0	1	0	1	0	0	0	1	1	0	0
1	1	0	1	0	0	1	1	0	1	0	0	0	1	0	0	0	0	1	0	1
1	0	0	1	0	0	0	1	1	0	1	0	0	1	0	1	0	0	0	0	0
0	0	0	0	1	0	0	0	0	1	0	0	0	1	0	0	0	0	1	0	0
0	0	0	0	0	0	1	1	0	0	0	0	1	0	0	0	0	0	0	0	0
0	0	0	0	0	0	0	0	0	0	0	1	0	0	0	0	0	1	0	0	0
0	0	0	1	0	0	0	1	1	1	1	0	0	1	1	0	1	0	0	0	0
0	0	0	0	0	0	0	0	0	0	0	0	0	1	0	0	0	0	1	0	0
0	0	0	0	0	0	0	0	0	1	0	0	0	0	0	0	0	0	1	1	0
1	0	0	0	0	0	0	0	0	0	0	0	0	1	0	0	0	0	1	0	0
0	0	0	0	0	0	0	1	0	0	0	0	1	0	0	0	0	0	1	0	0
0	0	1	0	1	1	0	1	1	0	1	0	0	0	1	1	1	1	1	0	0
0	0	0	0	0	0	0	0	0	0	0	0	0	0	0	1	0	0	0	0	0
0	0	0	0	0	0	0	0	1	0	0	0	0	0	0	0	0	0	0	0	0
DIFF_EDGE
0 0
CHROM_NUMBER
7
EOF
