TYPE : graph_{count}
DIMENSION: 17
EDGE_DATA_FORMAT: EDGE_LIST
EDGE_WEIGHT_TYPE: EXPLICIT
EDGE_WEIGHT_FORMAT: FULL_MATRIX
EDGE_DATA_SECTION
0 3
0 9
0 10
1 5
1 8
1 9
1 10
1 14
2 3
2 9
3 5
3 8
3 10
3 12
4 5
4 7
4 9
4 11
4 16
5 7
5 8
5 10
6 9
6 10
6 11
6 14
6 15
7 8
8 9
9 10
11 13
12 16
-1
EDGE_WEIGHT_SECTION
0	0	0	1	0	0	0	0	0	1	1	0	0	0	0	0	0
0	0	0	0	0	1	0	0	1	1	1	0	0	0	1	0	0
0	0	0	1	0	0	0	0	0	1	0	0	0	0	0	0	0
1	0	1	0	0	1	0	0	1	0	1	0	1	0	0	0	0
0	0	0	0	0	1	0	1	0	1	0	1	0	0	0	0	1
0	1	0	1	1	0	0	1	1	0	1	0	0	0	0	0	0
0	0	0	0	0	0	0	0	0	1	1	1	0	0	1	1	0
0	0	0	0	1	1	0	0	1	0	0	0	0	0	0	0	0
0	1	0	1	0	1	0	1	0	1	0	0	0	0	0	0	0
1	1	1	0	1	0	1	0	1	0	1	0	0	0	0	0	0
1	1	0	1	0	1	1	0	0	1	0	0	0	0	0	0	0
0	0	0	0	1	0	1	0	0	0	0	0	0	1	0	0	0
0	0	0	1	0	0	0	0	0	0	0	0	0	0	0	0	1
0	0	0	0	0	0	0	0	0	0	0	1	0	0	0	0	0
0	1	0	0	0	0	1	0	0	0	0	0	0	0	0	0	0
0	0	0	0	0	0	1	0	0	0	0	0	0	0	0	0	0
0	0	0	0	1	0	0	0	0	0	0	0	1	0	0	0	0
DIFF_EDGE
0 0
CHROM_NUMBER
5
EOF
