TYPE : graph_{count}
DIMENSION: 20
EDGE_DATA_FORMAT: EDGE_LIST
EDGE_WEIGHT_TYPE: EXPLICIT
EDGE_WEIGHT_FORMAT: FULL_MATRIX
EDGE_DATA_SECTION
0 1
0 2
0 6
0 7
0 9
0 14
0 15
0 16
0 18
1 2
1 4
1 5
1 6
1 7
1 14
1 15
1 16
1 18
2 3
2 6
2 10
2 13
2 15
2 18
3 9
3 10
3 14
3 18
4 6
4 7
4 8
4 10
4 15
5 10
5 11
5 14
5 15
5 16
5 17
6 9
6 10
6 14
6 15
6 16
6 18
6 19
7 8
7 14
7 15
7 16
7 17
8 9
8 10
8 14
8 16
8 18
9 14
9 15
9 18
10 15
10 18
11 12
11 13
11 14
11 16
11 18
12 14
12 16
13 14
13 15
14 15
14 16
14 18
15 16
15 18
16 18
-1
EDGE_WEIGHT_SECTION
0	1	1	0	0	0	1	1	0	1	0	0	0	0	1	1	1	0	1	0
1	0	1	0	1	1	1	1	0	0	0	0	0	0	1	1	1	0	1	0
1	1	0	1	0	0	1	0	0	0	1	0	0	1	0	1	0	0	1	0
0	0	1	0	0	0	0	0	0	1	1	0	0	0	1	0	0	0	1	0
0	1	0	0	0	0	1	1	1	0	1	0	0	0	0	1	0	0	0	0
0	1	0	0	0	0	0	0	0	0	1	1	0	0	1	1	1	1	0	0
1	1	1	0	1	0	0	0	0	1	1	0	0	0	1	1	1	0	1	1
1	1	0	0	1	0	0	0	1	0	0	0	0	0	1	1	1	1	0	0
0	0	0	0	1	0	0	1	0	1	1	0	0	0	1	0	1	0	1	0
1	0	0	1	0	0	1	0	1	0	0	0	0	0	1	1	0	0	1	0
0	0	1	1	1	1	1	0	1	0	0	0	0	0	0	1	0	0	1	0
0	0	0	0	0	1	0	0	0	0	0	0	1	1	1	0	1	0	1	0
0	0	0	0	0	0	0	0	0	0	0	1	0	0	1	0	1	0	0	0
0	0	1	0	0	0	0	0	0	0	0	1	0	0	1	1	0	0	0	0
1	1	0	1	0	1	1	1	1	1	0	1	1	1	0	1	1	0	1	0
1	1	1	0	1	1	1	1	0	1	1	0	0	1	1	1	1	0	1	0
1	1	0	0	0	1	1	1	1	0	0	1	1	0	1	1	1	0	1	0
0	0	0	0	0	1	0	1	0	0	0	0	0	0	0	0	0	0	0	0
1	1	1	1	0	0	1	0	1	1	1	1	0	0	1	1	1	0	0	0
0	0	0	0	0	0	1	0	0	0	0	0	0	0	0	0	0	0	0	0
DIFF_EDGE
0 0
CHROM_NUMBER
10
EOF
