TYPE : graph_{count}
DIMENSION: 21
EDGE_DATA_FORMAT: EDGE_LIST
EDGE_WEIGHT_TYPE: EXPLICIT
EDGE_WEIGHT_FORMAT: FULL_MATRIX
EDGE_DATA_SECTION
0 1
0 5
0 6
0 7
0 9
0 12
0 13
0 14
0 16
1 7
1 10
1 13
2 5
2 7
2 8
3 7
3 8
3 9
3 12
3 13
3 16
4 9
5 9
5 10
5 13
6 7
6 10
6 11
6 13
6 16
7 20
8 17
9 10
9 11
9 12
9 13
9 16
9 19
10 12
10 16
11 12
11 18
12 13
12 16
13 16
13 18
13 20
14 15
15 17
-1
EDGE_WEIGHT_SECTION
0	1	0	0	0	1	1	1	0	1	0	0	1	1	1	0	1	0	0	0	0
1	0	0	0	0	0	0	1	0	0	1	0	0	1	0	0	0	0	0	0	0
0	0	0	0	0	1	0	1	1	0	0	0	0	0	0	0	0	0	0	0	0
0	0	0	0	0	0	0	1	1	1	0	0	1	1	0	0	1	0	0	0	0
0	0	0	0	0	0	0	0	0	1	0	0	0	0	0	0	0	0	0	0	0
1	0	1	0	0	0	0	0	0	1	1	0	0	1	0	0	0	0	0	0	0
1	0	0	0	0	0	0	1	0	0	1	1	0	1	0	0	1	0	0	0	0
1	1	1	1	0	0	1	0	0	0	0	0	0	0	0	0	0	0	0	0	1
0	0	1	1	0	0	0	0	0	0	0	0	0	0	0	0	0	1	0	0	0
1	0	0	1	1	1	0	0	0	0	1	1	1	1	0	0	1	0	0	1	0
0	1	0	0	0	1	1	0	0	1	0	0	1	0	0	0	1	0	0	0	0
0	0	0	0	0	0	1	0	0	1	0	0	1	0	0	0	0	0	1	0	0
1	0	0	1	0	0	0	0	0	1	1	1	0	1	0	0	1	0	0	0	0
1	1	0	1	0	1	1	0	0	1	0	0	1	0	0	0	1	0	1	0	1
1	0	0	0	0	0	0	0	0	0	0	0	0	0	0	1	0	0	0	0	0
0	0	0	0	0	0	0	0	0	0	0	0	0	0	1	0	0	1	0	0	0
1	0	0	1	0	0	1	0	0	1	1	0	1	1	0	0	0	0	0	0	0
0	0	0	0	0	0	0	0	1	0	0	0	0	0	0	1	0	0	0	0	0
0	0	0	0	0	0	0	0	0	0	0	1	0	1	0	0	0	0	0	0	0
0	0	0	0	0	0	0	0	0	1	0	0	0	0	0	0	0	0	0	0	0
0	0	0	0	0	0	0	1	0	0	0	0	0	1	0	0	0	0	0	0	0
DIFF_EDGE
0 0
CHROM_NUMBER
8
EOF
