TYPE : graph_{count}
DIMENSION: 20
EDGE_DATA_FORMAT: EDGE_LIST
EDGE_WEIGHT_TYPE: EXPLICIT
EDGE_WEIGHT_FORMAT: FULL_MATRIX
EDGE_DATA_SECTION
0 1
0 7
0 10
0 12
0 17
1 6
1 7
1 8
1 9
1 10
1 11
1 12
1 14
1 15
1 17
2 3
2 4
2 5
2 8
2 10
2 11
2 12
2 13
3 5
3 9
3 17
4 5
4 7
4 9
5 6
5 7
5 9
5 10
5 11
5 15
6 9
6 10
6 11
6 12
7 9
7 10
7 11
7 12
7 13
7 14
7 17
7 18
8 9
8 10
8 12
8 14
8 15
8 16
8 18
9 11
9 12
9 14
9 17
9 19
10 11
10 12
10 14
10 15
10 17
11 12
11 14
11 15
11 16
11 17
12 14
12 15
12 17
13 15
13 17
14 15
14 17
15 17
16 17
-1
EDGE_WEIGHT_SECTION
0	1	0	0	0	0	0	1	0	0	1	0	1	0	0	0	0	1	0	0
1	0	0	0	0	0	1	1	1	1	1	1	1	0	1	1	0	1	0	0
0	0	0	1	1	1	0	0	1	0	1	1	1	1	0	0	0	0	0	0
0	0	1	0	0	1	0	0	0	1	0	0	0	0	0	0	0	1	0	0
0	0	1	0	0	1	0	1	0	1	0	0	0	0	0	0	0	0	0	0
0	0	1	1	1	0	1	1	0	1	1	1	0	0	0	1	0	0	0	0
0	1	0	0	0	1	0	0	0	1	1	1	1	0	0	0	0	0	0	0
1	1	0	0	1	1	0	0	0	1	1	1	1	1	1	0	0	1	1	0
0	1	1	0	0	0	0	0	0	1	1	0	1	0	1	1	1	0	1	0
0	1	0	1	1	1	1	1	1	0	0	1	1	0	1	0	0	1	0	1
1	1	1	0	0	1	1	1	1	0	0	1	1	0	1	1	0	1	0	0
0	1	1	0	0	1	1	1	0	1	1	1	1	0	1	1	1	1	0	0
1	1	1	0	0	0	1	1	1	1	1	1	0	0	1	1	0	1	0	0
0	0	1	0	0	0	0	1	0	0	0	0	0	0	0	1	0	1	0	0
0	1	0	0	0	0	0	1	1	1	1	1	1	0	0	1	0	1	0	0
0	1	0	0	0	1	0	0	1	0	1	1	1	1	1	0	0	1	0	0
0	0	0	0	0	0	0	0	1	0	0	1	0	0	0	0	0	1	0	0
1	1	0	1	0	0	0	1	0	1	1	1	1	1	1	1	1	0	0	0
0	0	0	0	0	0	0	1	1	0	0	0	0	0	0	0	0	0	0	0
0	0	0	0	0	0	0	0	0	1	0	0	0	0	0	0	0	0	0	0
DIFF_EDGE
0 0
CHROM_NUMBER
10
EOF
