TYPE : graph_{count}
DIMENSION: 21
EDGE_DATA_FORMAT: EDGE_LIST
EDGE_WEIGHT_TYPE: EXPLICIT
EDGE_WEIGHT_FORMAT: FULL_MATRIX
EDGE_DATA_SECTION
0 3
0 5
0 7
0 10
0 16
1 2
1 8
1 14
1 16
2 4
2 6
2 8
2 9
2 10
2 12
2 14
2 16
2 17
2 18
2 20
3 4
3 6
3 7
3 8
3 12
3 18
4 16
5 7
5 9
5 10
6 7
6 9
6 13
6 14
6 20
7 8
7 9
7 10
7 12
7 16
7 17
7 20
8 11
8 12
8 16
8 18
9 11
9 12
9 14
9 16
9 17
9 18
9 20
10 14
10 18
11 12
11 14
11 17
11 18
11 19
12 14
12 16
12 17
12 18
12 20
13 14
13 16
13 17
13 18
13 20
14 15
14 16
14 17
14 18
15 20
16 17
16 18
16 20
17 18
17 20
18 20
19 20
-1
EDGE_WEIGHT_SECTION
0	0	0	1	0	1	0	1	0	0	1	0	0	0	0	0	1	0	0	0	0
0	0	1	0	0	0	0	0	1	0	0	0	0	0	1	0	1	0	0	0	0
0	1	0	0	1	0	1	0	1	1	1	0	1	0	1	0	1	1	1	0	1
1	0	0	0	1	0	1	1	1	0	0	0	1	0	0	0	0	0	1	0	0
0	0	1	1	0	0	0	0	0	0	0	0	0	0	0	0	1	0	0	0	0
1	0	0	0	0	0	0	1	0	1	1	0	0	0	0	0	0	0	0	0	0
0	0	1	1	0	0	0	1	0	1	0	0	0	1	1	0	0	0	0	0	1
1	0	0	1	0	1	1	0	1	1	1	0	1	0	0	0	1	1	0	0	1
0	1	1	1	0	0	0	1	0	0	0	1	1	0	0	0	1	0	1	0	0
0	0	1	0	0	1	1	1	0	0	0	1	1	0	1	0	1	1	1	0	1
1	0	1	0	0	1	0	1	0	0	0	0	0	0	1	0	0	0	1	0	0
0	0	0	0	0	0	0	0	1	1	0	0	1	0	1	0	0	1	1	1	0
0	0	1	1	0	0	0	1	1	1	0	1	0	0	1	0	1	1	1	0	1
0	0	0	0	0	0	1	0	0	0	0	0	0	0	1	0	1	1	1	0	1
0	1	1	0	0	0	1	0	0	1	1	1	1	1	0	1	1	1	1	0	0
0	0	0	0	0	0	0	0	0	0	0	0	0	0	1	0	0	0	0	0	1
1	1	1	0	1	0	0	1	1	1	0	0	1	1	1	0	0	1	1	0	1
0	0	1	0	0	0	0	1	0	1	0	1	1	1	1	0	1	0	1	0	1
0	0	1	1	0	0	0	0	1	1	1	1	1	1	1	0	1	1	0	0	1
0	0	0	0	0	0	0	0	0	0	0	1	0	0	0	0	0	0	0	0	1
0	0	1	0	0	0	1	1	0	1	0	0	1	1	0	1	1	1	1	1	0
DIFF_EDGE
0 0
CHROM_NUMBER
11
EOF
