TYPE : graph_{count}
DIMENSION: 16
EDGE_DATA_FORMAT: EDGE_LIST
EDGE_WEIGHT_TYPE: EXPLICIT
EDGE_WEIGHT_FORMAT: FULL_MATRIX
EDGE_DATA_SECTION
0 3
0 4
0 10
1 2
1 9
1 10
1 13
1 14
2 3
2 5
2 6
2 9
2 10
3 4
3 6
3 8
3 11
3 14
4 5
4 8
4 9
4 10
4 11
5 6
5 10
5 11
5 12
6 8
7 8
7 9
7 10
8 9
8 10
8 11
9 10
9 11
9 12
9 15
10 11
-1
EDGE_WEIGHT_SECTION
0	0	0	1	1	0	0	0	0	0	1	0	0	0	0	0
0	0	1	0	0	0	0	0	0	1	1	0	0	1	1	0
0	1	0	1	0	1	1	0	0	1	1	0	0	0	0	0
1	0	1	0	1	0	1	0	1	0	0	1	0	0	1	0
1	0	0	1	0	1	0	0	1	1	1	1	0	0	0	0
0	0	1	0	1	0	1	0	0	0	1	1	1	0	0	0
0	0	1	1	0	1	0	0	1	0	0	0	0	0	0	0
0	0	0	0	0	0	0	0	1	1	1	0	0	0	0	0
0	0	0	1	1	0	1	1	0	1	1	1	0	0	0	0
0	1	1	0	1	0	0	1	1	0	1	1	1	0	0	1
1	1	1	0	1	1	0	1	1	1	0	1	0	0	0	0
0	0	0	1	1	1	0	0	1	1	1	0	0	0	0	0
0	0	0	0	0	1	0	0	0	1	0	0	0	0	0	0
0	1	0	0	0	0	0	0	0	0	0	0	0	0	0	0
0	1	0	1	0	0	0	0	0	0	0	0	0	0	0	0
0	0	0	0	0	0	0	0	0	1	0	0	0	0	0	0
DIFF_EDGE
0 0
CHROM_NUMBER
7
EOF
