TYPE : graph_{count}
DIMENSION: 16
EDGE_DATA_FORMAT: EDGE_LIST
EDGE_WEIGHT_TYPE: EXPLICIT
EDGE_WEIGHT_FORMAT: FULL_MATRIX
EDGE_DATA_SECTION
0 6
0 7
0 8
0 9
0 13
1 7
1 8
1 9
1 15
2 12
3 8
4 6
4 7
4 8
4 10
5 8
5 11
6 7
6 8
6 10
6 13
7 8
8 9
8 13
9 10
10 13
11 12
13 14
14 15
-1
EDGE_WEIGHT_SECTION
0	0	0	0	0	0	1	1	1	1	0	0	0	1	0	0
0	0	0	0	0	0	0	1	1	1	0	0	0	0	0	1
0	0	0	0	0	0	0	0	0	0	0	0	1	0	0	0
0	0	0	0	0	0	0	0	1	0	0	0	0	0	0	0
0	0	0	0	0	0	1	1	1	0	1	0	0	0	0	0
0	0	0	0	0	0	0	0	1	0	0	1	0	0	0	0
1	0	0	0	1	0	0	1	1	0	1	0	0	1	0	0
1	1	0	0	1	0	1	0	1	0	0	0	0	0	0	0
1	1	0	1	1	1	1	1	0	1	0	0	0	1	0	0
1	1	0	0	0	0	0	0	1	0	1	0	0	0	0	0
0	0	0	0	1	0	1	0	0	1	0	0	0	1	0	0
0	0	0	0	0	1	0	0	0	0	0	0	1	0	0	0
0	0	1	0	0	0	0	0	0	0	0	1	0	0	0	0
1	0	0	0	0	0	1	0	1	0	1	0	0	1	1	0
0	0	0	0	0	0	0	0	0	0	0	0	0	1	0	1
0	1	0	0	0	0	0	0	0	0	0	0	0	0	1	0
DIFF_EDGE
0 0
CHROM_NUMBER
6
EOF
