TYPE : graph_{count}
DIMENSION: 20
EDGE_DATA_FORMAT: EDGE_LIST
EDGE_WEIGHT_TYPE: EXPLICIT
EDGE_WEIGHT_FORMAT: FULL_MATRIX
EDGE_DATA_SECTION
0 1
0 2
0 6
0 7
0 9
0 11
0 14
0 19
1 2
1 3
1 4
1 6
1 7
1 8
1 10
1 14
1 19
2 8
2 14
2 16
3 5
3 8
3 9
3 10
3 12
3 16
4 9
4 15
5 7
5 8
5 10
5 11
5 13
5 19
6 7
6 8
6 9
6 10
6 13
6 14
6 19
7 8
7 10
7 14
7 19
8 15
8 18
8 19
11 19
12 14
14 18
14 19
15 17
15 19
16 19
17 19
-1
EDGE_WEIGHT_SECTION
0	1	1	0	0	0	1	1	0	1	0	1	0	0	1	0	0	0	0	1
1	0	1	1	1	0	1	1	1	0	1	0	0	0	1	0	0	0	0	1
1	1	0	0	0	0	0	0	1	0	0	0	0	0	1	0	1	0	0	0
0	1	0	0	0	1	0	0	1	1	1	0	1	0	0	0	1	0	0	0
0	1	0	0	0	0	0	0	0	1	0	0	0	0	0	1	0	0	0	0
0	0	0	1	0	0	0	1	1	0	1	1	0	1	0	0	0	0	0	1
1	1	0	0	0	0	0	1	1	1	1	0	0	1	1	0	0	0	0	1
1	1	0	0	0	1	1	0	1	0	1	0	0	0	1	0	0	0	0	1
0	1	1	1	0	1	1	1	0	0	0	0	0	0	0	1	0	0	1	1
1	0	0	1	1	0	1	0	0	0	0	0	0	0	0	0	0	0	0	0
0	1	0	1	0	1	1	1	0	0	0	0	0	0	0	0	0	0	0	0
1	0	0	0	0	1	0	0	0	0	0	0	0	0	0	0	0	0	0	1
0	0	0	1	0	0	0	0	0	0	0	0	0	0	1	0	0	0	0	0
0	0	0	0	0	1	1	0	0	0	0	0	0	0	0	0	0	0	0	0
1	1	1	0	0	0	1	1	0	0	0	0	1	0	0	0	0	0	1	1
0	0	0	0	1	0	0	0	1	0	0	0	0	0	0	0	0	1	0	1
0	0	1	1	0	0	0	0	0	0	0	0	0	0	0	0	0	0	0	1
0	0	0	0	0	0	0	0	0	0	0	0	0	0	0	1	0	0	0	1
0	0	0	0	0	0	0	0	1	0	0	0	0	0	1	0	0	0	0	0
1	1	0	0	0	1	1	1	1	0	0	1	0	0	1	1	1	1	0	0
DIFF_EDGE
0 0
CHROM_NUMBER
8
EOF
