TYPE : graph_{count}
DIMENSION: 18
EDGE_DATA_FORMAT: EDGE_LIST
EDGE_WEIGHT_TYPE: EXPLICIT
EDGE_WEIGHT_FORMAT: FULL_MATRIX
EDGE_DATA_SECTION
0 2
0 3
0 5
0 6
0 7
0 15
1 8
1 9
2 5
2 8
2 9
2 17
3 4
3 7
3 8
3 9
3 10
3 17
4 5
4 7
4 10
4 13
4 17
5 7
5 8
5 10
5 16
6 9
6 10
6 11
6 12
6 13
7 9
7 10
7 12
7 17
8 9
8 17
10 17
11 16
11 17
12 14
12 17
14 17
-1
EDGE_WEIGHT_SECTION
0	0	1	1	0	1	1	1	0	0	0	0	0	0	0	1	0	0
0	0	0	0	0	0	0	0	1	1	0	0	0	0	0	0	0	0
1	0	0	0	0	1	0	0	1	1	0	0	0	0	0	0	0	1
1	0	0	0	1	0	0	1	1	1	1	0	0	0	0	0	0	1
0	0	0	1	0	1	0	1	0	0	1	0	0	1	0	0	0	1
1	0	1	0	1	0	0	1	1	0	1	0	0	0	0	0	1	0
1	0	0	0	0	0	0	0	0	1	1	1	1	1	0	0	0	0
1	0	0	1	1	1	0	0	0	1	1	0	1	0	0	0	0	1
0	1	1	1	0	1	0	0	0	1	0	0	0	0	0	0	0	1
0	1	1	1	0	0	1	1	1	0	0	0	0	0	0	0	0	0
0	0	0	1	1	1	1	1	0	0	0	0	0	0	0	0	0	1
0	0	0	0	0	0	1	0	0	0	0	0	0	0	0	0	1	1
0	0	0	0	0	0	1	1	0	0	0	0	0	0	1	0	0	1
0	0	0	0	1	0	1	0	0	0	0	0	0	0	0	0	0	0
0	0	0	0	0	0	0	0	0	0	0	0	1	0	0	0	0	1
1	0	0	0	0	0	0	0	0	0	0	0	0	0	0	0	0	0
0	0	0	0	0	1	0	0	0	0	0	1	0	0	0	0	0	0
0	0	1	1	1	0	0	1	1	0	1	1	1	0	1	0	0	0
DIFF_EDGE
0 0
CHROM_NUMBER
7
EOF
