TYPE : graph_{count}
DIMENSION: 15
EDGE_DATA_FORMAT: EDGE_LIST
EDGE_WEIGHT_TYPE: EXPLICIT
EDGE_WEIGHT_FORMAT: FULL_MATRIX
EDGE_DATA_SECTION
0 1
0 2
0 3
0 4
0 5
0 7
0 8
0 11
1 3
1 4
1 5
1 9
1 13
1 14
2 4
2 6
2 7
2 8
2 13
3 4
3 5
3 9
3 10
3 13
4 12
5 6
5 7
5 8
5 10
5 13
6 9
6 10
6 13
7 8
7 10
8 9
8 12
8 13
9 10
10 13
11 13
12 13
-1
EDGE_WEIGHT_SECTION
0	1	1	1	1	1	0	1	1	0	0	1	0	0	0
1	0	0	1	1	1	0	0	0	1	0	0	0	1	1
1	0	0	0	1	0	1	1	1	0	0	0	0	1	0
1	1	0	0	1	1	0	0	0	1	1	0	0	1	0
1	1	1	1	0	0	0	0	0	0	0	0	1	0	0
1	1	0	1	0	0	1	1	1	0	1	0	0	1	0
0	0	1	0	0	1	0	0	0	1	1	0	0	1	0
1	0	1	0	0	1	0	0	1	0	1	0	0	0	0
1	0	1	0	0	1	0	1	0	1	0	0	1	1	0
0	1	0	1	0	0	1	0	1	0	1	0	0	0	0
0	0	0	1	0	1	1	1	0	1	0	0	0	1	0
1	0	0	0	0	0	0	0	0	0	0	0	0	1	0
0	0	0	0	1	0	0	0	1	0	0	0	0	1	0
0	1	1	1	0	1	1	0	1	0	1	1	1	0	0
0	1	0	0	0	0	0	0	0	0	0	0	0	0	0
DIFF_EDGE
0 0
CHROM_NUMBER
8
EOF
