TYPE : graph_{count}
DIMENSION: 19
EDGE_DATA_FORMAT: EDGE_LIST
EDGE_WEIGHT_TYPE: EXPLICIT
EDGE_WEIGHT_FORMAT: FULL_MATRIX
EDGE_DATA_SECTION
0 1
0 2
0 7
0 8
0 9
0 18
1 5
1 6
1 7
1 14
1 15
2 3
2 4
2 5
2 8
2 9
2 10
2 14
2 15
2 18
3 4
3 5
3 6
3 7
3 9
3 10
3 14
3 18
4 5
4 6
4 8
4 12
5 6
5 7
5 8
5 9
5 10
5 14
5 15
5 18
6 14
7 8
7 10
7 14
7 18
8 13
8 14
8 15
8 18
9 10
9 13
9 14
9 15
9 18
10 14
10 15
11 12
11 15
11 17
14 15
14 16
14 17
14 18
15 18
-1
EDGE_WEIGHT_SECTION
0	1	1	0	0	0	0	1	1	1	0	0	0	0	0	0	0	0	1
1	0	0	0	0	1	1	1	0	0	0	0	0	0	1	1	0	0	0
1	0	0	1	1	1	0	0	1	1	1	0	0	0	1	1	0	0	1
0	0	1	0	1	1	1	1	0	1	1	0	0	0	1	0	0	0	1
0	0	1	1	0	1	1	0	1	0	0	0	1	0	0	0	0	0	0
0	1	1	1	1	0	1	1	1	1	1	0	0	0	1	1	0	0	1
0	1	0	1	1	1	0	0	0	0	0	0	0	0	1	0	0	0	0
1	1	0	1	0	1	0	0	1	0	1	0	0	0	1	0	0	0	1
1	0	1	0	1	1	0	1	0	0	0	0	0	1	1	1	0	0	1
1	0	1	1	0	1	0	0	0	0	1	0	0	1	1	1	0	0	1
0	0	1	1	0	1	0	1	0	1	0	0	0	0	1	1	0	0	0
0	0	0	0	0	0	0	0	0	0	0	0	1	0	0	1	0	1	0
0	0	0	0	1	0	0	0	0	0	0	1	0	0	0	0	0	0	0
0	0	0	0	0	0	0	0	1	1	0	0	0	0	0	0	0	0	0
0	1	1	1	0	1	1	1	1	1	1	0	0	0	0	1	1	1	1
0	1	1	0	0	1	0	0	1	1	1	1	0	0	1	0	0	0	1
0	0	0	0	0	0	0	0	0	0	0	0	0	0	1	0	0	0	0
0	0	0	0	0	0	0	0	0	0	0	1	0	0	1	0	0	0	0
1	0	1	1	0	1	0	1	1	1	0	0	0	0	1	1	0	0	0
DIFF_EDGE
0 0
CHROM_NUMBER
10
EOF
