TYPE : graph_{count}
DIMENSION: 14
EDGE_DATA_FORMAT: EDGE_LIST
EDGE_WEIGHT_TYPE: EXPLICIT
EDGE_WEIGHT_FORMAT: FULL_MATRIX
EDGE_DATA_SECTION
0 3
0 4
0 6
0 7
0 8
0 10
0 12
0 13
1 6
1 9
1 10
1 11
2 3
2 5
2 7
2 8
2 10
3 4
3 5
3 7
3 8
3 9
3 10
3 12
3 13
4 9
4 10
4 13
5 8
6 9
6 10
7 8
7 9
7 10
7 11
7 13
8 9
8 10
8 12
8 13
9 12
10 12
10 13
11 12
12 13
-1
EDGE_WEIGHT_SECTION
0	0	0	1	1	0	1	1	1	0	1	0	1	1
0	0	0	0	0	0	1	0	0	1	1	1	0	0
0	0	0	1	0	1	0	1	1	0	1	0	0	0
1	0	1	0	1	1	0	1	1	1	1	0	1	1
1	0	0	1	0	0	0	0	0	1	1	0	0	1
0	0	1	1	0	0	0	0	1	0	0	0	0	0
1	1	0	0	0	0	0	0	0	1	1	0	0	0
1	0	1	1	0	0	0	0	1	1	1	1	0	1
1	0	1	1	0	1	0	1	0	1	1	0	1	1
0	1	0	1	1	0	1	1	1	0	0	0	1	0
1	1	1	1	1	0	1	1	1	0	0	0	1	1
0	1	0	0	0	0	0	1	0	0	0	0	1	0
1	0	0	1	0	0	0	0	1	1	1	1	0	1
1	0	0	1	1	0	0	1	1	0	1	0	1	0
DIFF_EDGE
0 0
CHROM_NUMBER
8
EOF
