TYPE : graph_{count}
DIMENSION: 20
EDGE_DATA_FORMAT: EDGE_LIST
EDGE_WEIGHT_TYPE: EXPLICIT
EDGE_WEIGHT_FORMAT: FULL_MATRIX
EDGE_DATA_SECTION
0 1
0 3
0 4
0 6
0 8
0 12
0 16
1 4
1 5
1 8
1 10
1 12
1 15
1 16
2 4
2 5
2 7
2 9
3 4
3 5
3 10
3 16
3 17
4 7
4 11
5 6
5 8
5 9
5 12
5 14
5 16
6 10
6 12
6 15
6 16
6 18
7 10
8 9
8 10
8 12
8 16
8 18
9 10
9 11
9 12
9 16
11 13
12 16
15 19
-1
EDGE_WEIGHT_SECTION
0	1	0	1	1	0	1	0	1	0	0	0	1	0	0	0	1	0	0	0
1	0	0	0	1	1	0	0	1	0	1	0	1	0	0	1	1	0	0	0
0	0	0	0	1	1	0	1	0	1	0	0	0	0	0	0	0	0	0	0
1	0	0	0	1	1	0	0	0	0	1	0	0	0	0	0	1	1	0	0
1	1	1	1	0	0	0	1	0	0	0	1	0	0	0	0	0	0	0	0
0	1	1	1	0	0	1	0	1	1	0	0	1	0	1	0	1	0	0	0
1	0	0	0	0	1	0	0	0	0	1	0	1	0	0	1	1	0	1	0
0	0	1	0	1	0	0	0	0	0	1	0	0	0	0	0	0	0	0	0
1	1	0	0	0	1	0	0	0	1	1	0	1	0	0	0	1	0	1	0
0	0	1	0	0	1	0	0	1	0	1	1	1	0	0	0	1	0	0	0
0	1	0	1	0	0	1	1	1	1	0	0	0	0	0	0	0	0	0	0
0	0	0	0	1	0	0	0	0	1	0	0	0	1	0	0	0	0	0	0
1	1	0	0	0	1	1	0	1	1	0	0	0	0	0	0	1	0	0	0
0	0	0	0	0	0	0	0	0	0	0	1	0	0	0	0	0	0	0	0
0	0	0	0	0	1	0	0	0	0	0	0	0	0	0	0	0	0	0	0
0	1	0	0	0	0	1	0	0	0	0	0	0	0	0	0	0	0	0	1
1	1	0	1	0	1	1	0	1	1	0	0	1	0	0	0	0	0	0	0
0	0	0	1	0	0	0	0	0	0	0	0	0	0	0	0	0	0	0	0
0	0	0	0	0	0	1	0	1	0	0	0	0	0	0	0	0	0	0	0
0	0	0	0	0	0	0	0	0	0	0	0	0	0	0	1	0	0	0	0
DIFF_EDGE
0 0
CHROM_NUMBER
8
EOF
