TYPE : graph_{count}
DIMENSION: 17
EDGE_DATA_FORMAT: EDGE_LIST
EDGE_WEIGHT_TYPE: EXPLICIT
EDGE_WEIGHT_FORMAT: FULL_MATRIX
EDGE_DATA_SECTION
0 1
0 4
0 7
0 11
0 13
0 16
1 4
1 7
1 8
1 12
1 13
1 15
2 3
2 4
2 5
2 7
3 4
3 9
4 6
4 7
4 8
4 9
4 13
4 15
4 16
5 7
5 9
6 10
6 11
6 12
6 13
6 15
6 16
7 10
7 13
7 15
8 9
8 10
9 14
10 14
11 15
12 16
13 15
13 16
14 16
15 16
-1
EDGE_WEIGHT_SECTION
0	1	0	0	1	0	0	1	0	0	0	1	0	1	0	0	1
1	0	0	0	1	0	0	1	1	0	0	0	1	1	0	1	0
0	0	0	1	1	1	0	1	0	0	0	0	0	0	0	0	0
0	0	1	0	1	0	0	0	0	1	0	0	0	0	0	0	0
1	1	1	1	0	0	1	1	1	1	0	0	0	1	0	1	1
0	0	1	0	0	0	0	1	0	1	0	0	0	0	0	0	0
0	0	0	0	1	0	0	0	0	0	1	1	1	1	0	1	1
1	1	1	0	1	1	0	0	0	0	1	0	0	1	0	1	0
0	1	0	0	1	0	0	0	0	1	1	0	0	0	0	0	0
0	0	0	1	1	1	0	0	1	0	0	0	0	0	1	0	0
0	0	0	0	0	0	1	1	1	0	0	0	0	0	1	0	0
1	0	0	0	0	0	1	0	0	0	0	0	0	0	0	1	0
0	1	0	0	0	0	1	0	0	0	0	0	0	0	0	0	1
1	1	0	0	1	0	1	1	0	0	0	0	0	0	0	1	1
0	0	0	0	0	0	0	0	0	1	1	0	0	0	0	0	1
0	1	0	0	1	0	1	1	0	0	0	1	0	1	0	0	1
1	0	0	0	1	0	1	0	0	0	0	0	1	1	1	1	0
DIFF_EDGE
0 0
CHROM_NUMBER
8
EOF
