TYPE : graph_{count}
DIMENSION: 21
EDGE_DATA_FORMAT: EDGE_LIST
EDGE_WEIGHT_TYPE: EXPLICIT
EDGE_WEIGHT_FORMAT: FULL_MATRIX
EDGE_DATA_SECTION
0 4
0 6
0 7
0 8
0 9
0 11
0 16
1 4
1 5
1 7
1 11
1 13
2 3
2 5
2 8
2 9
2 10
2 14
2 15
3 4
3 7
3 8
3 10
3 11
3 13
3 14
3 16
3 17
4 5
4 6
4 8
4 13
4 14
5 6
5 7
5 10
5 11
5 20
6 7
6 11
6 14
7 8
7 10
7 11
7 13
7 14
7 16
8 12
8 16
9 13
9 16
10 13
10 14
11 12
11 13
11 14
11 15
11 16
12 13
12 14
12 19
13 14
13 16
13 18
13 20
14 16
15 16
-1
EDGE_WEIGHT_SECTION
0	0	0	0	1	0	1	1	1	1	0	1	0	0	0	0	1	0	0	0	0
0	0	0	0	1	1	0	1	0	0	0	1	0	1	0	0	0	0	0	0	0
0	0	0	1	0	1	0	0	1	1	1	0	0	0	1	1	0	0	0	0	0
0	0	1	0	1	0	0	1	1	0	1	1	0	1	1	0	1	1	0	0	0
1	1	0	1	0	1	1	0	1	0	0	0	0	1	1	0	0	0	0	0	0
0	1	1	0	1	0	1	1	0	0	1	1	0	0	0	0	0	0	0	0	1
1	0	0	0	1	1	0	1	0	0	0	1	0	0	1	0	0	0	0	0	0
1	1	0	1	0	1	1	0	1	0	1	1	0	1	1	0	1	0	0	0	0
1	0	1	1	1	0	0	1	0	0	0	0	1	0	0	0	1	0	0	0	0
1	0	1	0	0	0	0	0	0	0	0	0	0	1	0	0	1	0	0	0	0
0	0	1	1	0	1	0	1	0	0	0	0	0	1	1	0	0	0	0	0	0
1	1	0	1	0	1	1	1	0	0	0	0	1	1	1	1	1	0	0	0	0
0	0	0	0	0	0	0	0	1	0	0	1	0	1	1	0	0	0	0	1	0
0	1	0	1	1	0	0	1	0	1	1	1	1	1	1	0	1	0	1	0	1
0	0	1	1	1	0	1	1	0	0	1	1	1	1	0	0	1	0	0	0	0
0	0	1	0	0	0	0	0	0	0	0	1	0	0	0	0	1	0	0	0	0
1	0	0	1	0	0	0	1	1	1	0	1	0	1	1	1	0	0	0	0	0
0	0	0	1	0	0	0	0	0	0	0	0	0	0	0	0	0	0	0	0	0
0	0	0	0	0	0	0	0	0	0	0	0	0	1	0	0	0	0	0	0	0
0	0	0	0	0	0	0	0	0	0	0	0	1	0	0	0	0	0	0	0	0
0	0	0	0	0	1	0	0	0	0	0	0	0	1	0	0	0	0	0	0	0
DIFF_EDGE
0 0
CHROM_NUMBER
9
EOF
