TYPE : graph_{count}
DIMENSION: 21
EDGE_DATA_FORMAT: EDGE_LIST
EDGE_WEIGHT_TYPE: EXPLICIT
EDGE_WEIGHT_FORMAT: FULL_MATRIX
EDGE_DATA_SECTION
0 1
0 4
0 5
0 6
0 8
0 9
0 13
0 17
0 18
0 19
1 4
1 6
1 9
1 10
1 13
1 16
1 17
1 18
2 8
2 9
2 10
2 13
2 17
3 5
3 6
3 7
4 5
4 6
4 7
4 8
4 9
4 10
4 14
4 20
5 9
5 10
5 12
5 13
5 15
5 16
6 7
6 8
6 11
6 13
6 17
6 18
7 9
7 13
8 10
8 12
8 17
9 18
10 11
10 13
10 18
12 17
13 17
13 18
13 20
14 17
14 18
15 18
17 18
-1
EDGE_WEIGHT_SECTION
0	1	0	0	1	1	1	0	1	1	0	0	0	1	0	0	0	1	1	1	0
1	0	0	0	1	0	1	0	0	1	1	0	0	1	0	0	1	1	1	0	0
0	0	0	0	0	0	0	0	1	1	1	0	0	1	0	0	0	1	0	0	0
0	0	0	0	0	1	1	1	0	0	0	0	0	0	0	0	0	0	0	0	0
1	1	0	0	0	1	1	1	1	1	1	0	0	0	1	0	0	0	0	0	1
1	0	0	1	1	0	0	0	0	1	1	0	1	1	0	1	1	0	0	0	0
1	1	0	1	1	0	0	1	1	0	0	1	0	1	0	0	0	1	1	0	0
0	0	0	1	1	0	1	0	0	1	0	0	0	1	0	0	0	0	0	0	0
1	0	1	0	1	0	1	0	0	0	1	0	1	0	0	0	0	1	0	0	0
1	1	1	0	1	1	0	1	0	0	0	0	0	0	0	0	0	0	1	0	0
0	1	1	0	1	1	0	0	1	0	0	1	0	1	0	0	0	0	1	0	0
0	0	0	0	0	0	1	0	0	0	1	0	0	0	0	0	0	0	0	0	0
0	0	0	0	0	1	0	0	1	0	0	0	0	0	0	0	0	1	0	0	0
1	1	1	0	0	1	1	1	0	0	1	0	0	0	0	0	0	1	1	0	1
0	0	0	0	1	0	0	0	0	0	0	0	0	0	0	0	0	1	1	0	0
0	0	0	0	0	1	0	0	0	0	0	0	0	0	0	0	0	0	1	0	0
0	1	0	0	0	1	0	0	0	0	0	0	0	0	0	0	0	0	0	0	0
1	1	1	0	0	0	1	0	1	0	0	0	1	1	1	0	0	1	1	0	0
1	1	0	0	0	0	1	0	0	1	1	0	0	1	1	1	0	1	0	0	0
1	0	0	0	0	0	0	0	0	0	0	0	0	0	0	0	0	0	0	0	0
0	0	0	0	1	0	0	0	0	0	0	0	0	1	0	0	0	0	0	0	0
DIFF_EDGE
0 0
CHROM_NUMBER
10
EOF
