TYPE : graph_{count}
DIMENSION: 19
EDGE_DATA_FORMAT: EDGE_LIST
EDGE_WEIGHT_TYPE: EXPLICIT
EDGE_WEIGHT_FORMAT: FULL_MATRIX
EDGE_DATA_SECTION
0 1
0 2
0 4
0 5
0 7
0 10
0 11
0 15
0 16
0 17
1 2
1 5
1 7
1 9
1 11
1 13
1 15
1 16
1 17
1 18
2 4
2 7
2 8
2 11
2 14
2 15
2 16
3 4
3 6
3 10
3 11
4 9
4 11
4 15
5 6
5 10
5 16
6 8
6 9
7 8
7 11
7 15
7 16
7 17
8 9
8 15
8 16
8 18
9 14
9 15
9 16
9 17
11 12
11 15
11 16
12 15
12 17
13 15
13 16
13 17
14 16
14 17
15 16
15 17
16 17
-1
EDGE_WEIGHT_SECTION
0	1	1	0	1	1	0	1	0	0	1	1	0	0	0	1	1	1	0
1	0	1	0	0	1	0	1	0	1	0	1	0	1	0	1	1	1	1
1	1	0	0	1	0	0	1	1	0	0	1	0	0	1	1	1	0	0
0	0	0	0	1	0	1	0	0	0	1	1	0	0	0	0	0	0	0
1	0	1	1	0	0	0	0	0	1	0	1	0	0	0	1	0	0	0
1	1	0	0	0	0	1	0	0	0	1	0	0	0	0	0	1	0	0
0	0	0	1	0	1	0	0	1	1	0	0	0	0	0	0	0	0	0
1	1	1	0	0	0	0	0	1	0	0	1	0	0	0	1	1	1	0
0	0	1	0	0	0	1	1	0	1	0	0	0	0	0	1	1	0	1
0	1	0	0	1	0	1	0	1	0	0	0	0	0	1	1	1	1	0
1	0	0	1	0	1	0	0	0	0	0	0	0	0	0	0	0	0	0
1	1	1	1	1	0	0	1	0	0	0	0	1	0	0	1	1	0	0
0	0	0	0	0	0	0	0	0	0	0	1	0	0	0	1	0	1	0
0	1	0	0	0	0	0	0	0	0	0	0	0	0	0	1	1	1	0
0	0	1	0	0	0	0	0	0	1	0	0	0	0	0	0	1	1	0
1	1	1	0	1	0	0	1	1	1	0	1	1	1	0	0	1	1	0
1	1	1	0	0	1	0	1	1	1	0	1	0	1	1	1	1	1	0
1	1	0	0	0	0	0	1	0	1	0	0	1	1	1	1	1	0	0
0	1	0	0	0	0	0	0	1	0	0	0	0	0	0	0	0	0	0
DIFF_EDGE
0 0
CHROM_NUMBER
9
EOF
