TYPE : graph_{count}
DIMENSION: 18
EDGE_DATA_FORMAT: EDGE_LIST
EDGE_WEIGHT_TYPE: EXPLICIT
EDGE_WEIGHT_FORMAT: FULL_MATRIX
EDGE_DATA_SECTION
0 7
0 9
0 16
1 3
1 4
1 8
1 10
1 11
1 16
2 3
2 4
2 8
2 10
2 11
2 14
2 16
2 17
3 6
3 7
3 8
4 6
4 8
4 10
4 16
5 17
6 7
8 9
8 10
8 13
10 12
10 16
12 16
13 15
15 16
-1
EDGE_WEIGHT_SECTION
0	0	0	0	0	0	0	1	0	1	0	0	0	0	0	0	1	0
0	0	0	1	1	0	0	0	1	0	1	1	0	0	0	0	1	0
0	0	0	1	1	0	0	0	1	0	1	1	0	0	1	0	1	1
0	1	1	0	0	0	1	1	1	0	0	0	0	0	0	0	0	0
0	1	1	0	0	0	1	0	1	0	1	0	0	0	0	0	1	0
0	0	0	0	0	0	0	0	0	0	0	0	0	0	0	0	0	1
0	0	0	1	1	0	0	1	0	0	0	0	0	0	0	0	0	0
1	0	0	1	0	0	1	0	0	0	0	0	0	0	0	0	0	0
0	1	1	1	1	0	0	0	0	1	1	0	0	1	0	0	0	0
1	0	0	0	0	0	0	0	1	0	0	0	0	0	0	0	0	0
0	1	1	0	1	0	0	0	1	0	0	0	1	0	0	0	1	0
0	1	1	0	0	0	0	0	0	0	0	0	0	0	0	0	0	0
0	0	0	0	0	0	0	0	0	0	1	0	0	0	0	0	1	0
0	0	0	0	0	0	0	0	1	0	0	0	0	0	0	1	0	0
0	0	1	0	0	0	0	0	0	0	0	0	0	0	0	0	0	0
0	0	0	0	0	0	0	0	0	0	0	0	0	1	0	0	1	0
1	1	1	0	1	0	0	0	0	0	1	0	1	0	0	1	0	0
0	0	1	0	0	1	0	0	0	0	0	0	0	0	0	0	0	0
DIFF_EDGE
0 0
CHROM_NUMBER
6
EOF
