TYPE : graph_{count}
DIMENSION: 21
EDGE_DATA_FORMAT: EDGE_LIST
EDGE_WEIGHT_TYPE: EXPLICIT
EDGE_WEIGHT_FORMAT: FULL_MATRIX
EDGE_DATA_SECTION
0 2
0 5
0 6
0 7
0 8
0 9
0 11
0 13
0 16
1 2
1 4
1 6
1 7
1 13
1 14
1 16
2 3
2 5
2 7
2 9
2 10
2 11
2 13
2 16
2 17
3 5
3 8
3 13
3 16
4 7
4 8
4 9
4 13
4 20
5 6
5 7
5 8
5 9
5 11
5 12
5 13
5 14
5 16
6 9
6 11
6 13
6 15
7 9
7 11
7 13
7 16
8 9
8 11
8 16
9 10
9 11
9 13
9 16
10 13
11 13
11 16
12 16
13 16
15 16
16 18
18 19
-1
EDGE_WEIGHT_SECTION
0	0	1	0	0	1	1	1	1	1	0	1	0	1	0	0	1	0	0	0	0
0	0	1	0	1	0	1	1	0	0	0	0	0	1	1	0	1	0	0	0	0
1	1	0	1	0	1	0	1	0	1	1	1	0	1	0	0	1	1	0	0	0
0	0	1	0	0	1	0	0	1	0	0	0	0	1	0	0	1	0	0	0	0
0	1	0	0	0	0	0	1	1	1	0	0	0	1	0	0	0	0	0	0	1
1	0	1	1	0	0	1	1	1	1	0	1	1	1	1	0	1	0	0	0	0
1	1	0	0	0	1	0	0	0	1	0	1	0	1	0	1	0	0	0	0	0
1	1	1	0	1	1	0	0	0	1	0	1	0	1	0	0	1	0	0	0	0
1	0	0	1	1	1	0	0	0	1	0	1	0	0	0	0	1	0	0	0	0
1	0	1	0	1	1	1	1	1	0	1	1	0	1	0	0	1	0	0	0	0
0	0	1	0	0	0	0	0	0	1	0	0	0	1	0	0	0	0	0	0	0
1	0	1	0	0	1	1	1	1	1	0	0	0	1	0	0	1	0	0	0	0
0	0	0	0	0	1	0	0	0	0	0	0	0	0	0	0	1	0	0	0	0
1	1	1	1	1	1	1	1	0	1	1	1	0	1	0	0	1	0	0	0	0
0	1	0	0	0	1	0	0	0	0	0	0	0	0	0	0	0	0	0	0	0
0	0	0	0	0	0	1	0	0	0	0	0	0	0	0	0	1	0	0	0	0
1	1	1	1	0	1	0	1	1	1	0	1	1	1	0	1	0	0	1	0	0
0	0	1	0	0	0	0	0	0	0	0	0	0	0	0	0	0	0	0	0	0
0	0	0	0	0	0	0	0	0	0	0	0	0	0	0	0	1	0	0	1	0
0	0	0	0	0	0	0	0	0	0	0	0	0	0	0	0	0	0	1	0	0
0	0	0	0	1	0	0	0	0	0	0	0	0	0	0	0	0	0	0	0	0
DIFF_EDGE
0 0
CHROM_NUMBER
10
EOF
