TYPE : graph_{count}
DIMENSION: 18
EDGE_DATA_FORMAT: EDGE_LIST
EDGE_WEIGHT_TYPE: EXPLICIT
EDGE_WEIGHT_FORMAT: FULL_MATRIX
EDGE_DATA_SECTION
0 1
0 4
0 7
0 14
0 17
1 2
1 5
1 7
1 12
1 14
2 5
2 6
2 8
2 9
2 10
2 12
2 14
2 17
3 6
3 10
3 17
4 7
4 8
4 10
4 12
5 6
5 7
5 8
5 9
5 10
5 12
5 13
5 14
5 17
6 7
6 10
6 14
7 8
7 10
7 12
7 14
7 17
8 10
8 11
8 12
8 14
8 17
9 17
10 12
10 14
10 17
11 12
11 14
12 14
12 17
13 15
14 16
16 17
-1
EDGE_WEIGHT_SECTION
0	1	0	0	1	0	0	1	0	0	0	0	0	0	1	0	0	1
1	0	1	0	0	1	0	1	0	0	0	0	1	0	1	0	0	0
0	1	0	0	0	1	1	0	1	1	1	0	1	0	1	0	0	1
0	0	0	0	0	0	1	0	0	0	1	0	0	0	0	0	0	1
1	0	0	0	0	0	0	1	1	0	1	0	1	0	0	0	0	0
0	1	1	0	0	0	1	1	1	1	1	0	1	1	1	0	0	1
0	0	1	1	0	1	0	1	0	0	1	0	0	0	1	0	0	0
1	1	0	0	1	1	1	0	1	0	1	0	1	0	1	0	0	1
0	0	1	0	1	1	0	1	0	0	1	1	1	0	1	0	0	1
0	0	1	0	0	1	0	0	0	0	0	0	0	0	0	0	0	1
0	0	1	1	1	1	1	1	1	0	0	0	1	0	1	0	0	1
0	0	0	0	0	0	0	0	1	0	0	0	1	0	1	0	0	0
0	1	1	0	1	1	0	1	1	0	1	1	1	0	1	0	0	1
0	0	0	0	0	1	0	0	0	0	0	0	0	0	0	1	0	0
1	1	1	0	0	1	1	1	1	0	1	1	1	0	0	0	1	0
0	0	0	0	0	0	0	0	0	0	0	0	0	1	0	0	0	0
0	0	0	0	0	0	0	0	0	0	0	0	0	0	1	0	0	1
1	0	1	1	0	1	0	1	1	1	1	0	1	0	0	0	1	1
DIFF_EDGE
0 0
CHROM_NUMBER
9
EOF
