TYPE : graph_{count}
DIMENSION: 18
EDGE_DATA_FORMAT: EDGE_LIST
EDGE_WEIGHT_TYPE: EXPLICIT
EDGE_WEIGHT_FORMAT: FULL_MATRIX
EDGE_DATA_SECTION
0 1
0 2
0 4
0 6
0 7
0 9
0 10
0 11
0 13
0 14
0 15
0 17
1 2
1 8
1 13
2 3
2 4
2 5
2 6
2 9
2 11
2 12
2 13
3 4
3 5
3 7
3 10
3 11
3 13
4 5
4 9
4 11
4 13
4 14
4 15
4 17
5 8
5 9
5 10
5 11
5 14
5 15
5 17
6 7
6 8
6 9
7 8
7 9
7 11
7 13
7 14
7 15
7 17
9 11
9 13
9 14
9 15
9 17
10 11
10 13
10 16
11 13
11 14
11 15
11 17
12 13
12 14
12 15
12 17
13 14
13 15
13 17
14 15
14 17
15 17
16 17
-1
EDGE_WEIGHT_SECTION
0	1	1	0	1	0	1	1	0	1	1	1	0	1	1	1	0	1
1	0	1	0	0	0	0	0	1	0	0	0	0	1	0	0	0	0
1	1	0	1	1	1	1	0	0	1	0	1	1	1	0	0	0	0
0	0	1	0	1	1	0	1	0	0	1	1	0	1	0	0	0	0
1	0	1	1	0	1	0	0	0	1	0	1	0	1	1	1	0	1
0	0	1	1	1	0	0	0	1	1	1	1	0	0	1	1	0	1
1	0	1	0	0	0	0	1	1	1	0	0	0	0	0	0	0	0
1	0	0	1	0	0	1	0	1	1	0	1	0	1	1	1	0	1
0	1	0	0	0	1	1	1	0	0	0	0	0	0	0	0	0	0
1	0	1	0	1	1	1	1	0	0	0	1	0	1	1	1	0	1
1	0	0	1	0	1	0	0	0	0	0	1	0	1	0	0	1	0
1	0	1	1	1	1	0	1	0	1	1	0	0	1	1	1	0	1
0	0	1	0	0	0	0	0	0	0	0	0	0	1	1	1	0	1
1	1	1	1	1	0	0	1	0	1	1	1	1	1	1	1	0	1
1	0	0	0	1	1	0	1	0	1	0	1	1	1	0	1	0	1
1	0	0	0	1	1	0	1	0	1	0	1	1	1	1	0	0	1
0	0	0	0	0	0	0	0	0	0	1	0	0	0	0	0	0	1
1	0	0	0	1	1	0	1	0	1	0	1	1	1	1	1	1	0
DIFF_EDGE
0 0
CHROM_NUMBER
11
EOF
