TYPE : graph_{count}
DIMENSION: 19
EDGE_DATA_FORMAT: EDGE_LIST
EDGE_WEIGHT_TYPE: EXPLICIT
EDGE_WEIGHT_FORMAT: FULL_MATRIX
EDGE_DATA_SECTION
0 3
0 5
0 8
0 9
0 10
0 12
0 16
0 17
1 3
1 5
1 9
1 10
1 12
1 16
2 5
2 11
3 4
3 7
3 8
3 9
3 12
3 16
3 17
4 5
4 7
4 8
4 11
4 12
4 16
4 17
5 6
5 15
6 8
6 9
6 10
6 14
6 18
7 9
7 12
7 16
7 17
8 9
8 12
8 15
9 16
10 17
11 12
11 13
12 16
12 17
13 16
14 16
14 17
16 17
16 18
-1
EDGE_WEIGHT_SECTION
0	0	0	1	0	1	0	0	1	1	1	0	1	0	0	0	1	1	0
0	0	0	1	0	1	0	0	0	1	1	0	1	0	0	0	1	0	0
0	0	0	0	0	1	0	0	0	0	0	1	0	0	0	0	0	0	0
1	1	0	0	1	0	0	1	1	1	0	0	1	0	0	0	1	1	0
0	0	0	1	0	1	0	1	1	0	0	1	1	0	0	0	1	1	0
1	1	1	0	1	0	1	0	0	0	0	0	0	0	0	1	0	0	0
0	0	0	0	0	1	0	0	1	1	1	0	0	0	1	0	0	0	1
0	0	0	1	1	0	0	0	0	1	0	0	1	0	0	0	1	1	0
1	0	0	1	1	0	1	0	0	1	0	0	1	0	0	1	0	0	0
1	1	0	1	0	0	1	1	1	0	0	0	0	0	0	0	1	0	0
1	1	0	0	0	0	1	0	0	0	0	0	0	0	0	0	0	1	0
0	0	1	0	1	0	0	0	0	0	0	0	1	1	0	0	0	0	0
1	1	0	1	1	0	0	1	1	0	0	1	0	0	0	0	1	1	0
0	0	0	0	0	0	0	0	0	0	0	1	0	0	0	0	1	0	0
0	0	0	0	0	0	1	0	0	0	0	0	0	0	0	0	1	1	0
0	0	0	0	0	1	0	0	1	0	0	0	0	0	0	0	0	0	0
1	1	0	1	1	0	0	1	0	1	0	0	1	1	1	0	0	1	1
1	0	0	1	1	0	0	1	0	0	1	0	1	0	1	0	1	0	0
0	0	0	0	0	0	1	0	0	0	0	0	0	0	0	0	1	0	0
DIFF_EDGE
0 0
CHROM_NUMBER
9
EOF
