TYPE : graph_{count}
DIMENSION: 21
EDGE_DATA_FORMAT: EDGE_LIST
EDGE_WEIGHT_TYPE: EXPLICIT
EDGE_WEIGHT_FORMAT: FULL_MATRIX
EDGE_DATA_SECTION
0 3
0 5
0 7
0 8
0 12
0 16
1 2
1 3
1 7
1 8
1 10
2 5
2 7
2 9
2 12
2 16
3 4
3 10
3 12
3 15
3 16
4 6
5 7
5 8
5 9
5 10
5 12
5 16
6 9
6 10
6 15
6 16
7 11
7 13
8 12
8 13
8 16
9 10
9 16
11 12
11 16
12 14
12 16
13 17
13 19
14 16
14 18
17 19
17 20
-1
EDGE_WEIGHT_SECTION
0	0	0	1	0	1	0	1	1	0	0	0	1	0	0	0	1	0	0	0	0
0	0	1	1	0	0	0	1	1	0	1	0	0	0	0	0	0	0	0	0	0
0	1	0	0	0	1	0	1	0	1	0	0	1	0	0	0	1	0	0	0	0
1	1	0	0	1	0	0	0	0	0	1	0	1	0	0	1	1	0	0	0	0
0	0	0	1	0	0	1	0	0	0	0	0	0	0	0	0	0	0	0	0	0
1	0	1	0	0	0	0	1	1	1	1	0	1	0	0	0	1	0	0	0	0
0	0	0	0	1	0	0	0	0	1	1	0	0	0	0	1	1	0	0	0	0
1	1	1	0	0	1	0	0	0	0	0	1	0	1	0	0	0	0	0	0	0
1	1	0	0	0	1	0	0	0	0	0	0	1	1	0	0	1	0	0	0	0
0	0	1	0	0	1	1	0	0	0	1	0	0	0	0	0	1	0	0	0	0
0	1	0	1	0	1	1	0	0	1	0	0	0	0	0	0	0	0	0	0	0
0	0	0	0	0	0	0	1	0	0	0	0	1	0	0	0	1	0	0	0	0
1	0	1	1	0	1	0	0	1	0	0	1	0	0	1	0	1	0	0	0	0
0	0	0	0	0	0	0	1	1	0	0	0	0	0	0	0	0	1	0	1	0
0	0	0	0	0	0	0	0	0	0	0	0	1	0	0	0	1	0	1	0	0
0	0	0	1	0	0	1	0	0	0	0	0	0	0	0	0	0	0	0	0	0
1	0	1	1	0	1	1	0	1	1	0	1	1	0	1	0	0	0	0	0	0
0	0	0	0	0	0	0	0	0	0	0	0	0	1	0	0	0	0	0	1	1
0	0	0	0	0	0	0	0	0	0	0	0	0	0	1	0	0	0	0	0	0
0	0	0	0	0	0	0	0	0	0	0	0	0	1	0	0	0	1	0	0	0
0	0	0	0	0	0	0	0	0	0	0	0	0	0	0	0	0	1	0	0	0
DIFF_EDGE
0 0
CHROM_NUMBER
7
EOF
