TYPE : graph_{count}
DIMENSION: 19
EDGE_DATA_FORMAT: EDGE_LIST
EDGE_WEIGHT_TYPE: EXPLICIT
EDGE_WEIGHT_FORMAT: FULL_MATRIX
EDGE_DATA_SECTION
0 7
0 8
0 16
1 5
1 7
2 10
3 5
3 7
3 8
3 9
3 11
3 17
4 13
5 6
5 14
5 17
5 18
6 9
7 10
7 14
8 9
8 13
8 18
9 17
10 15
11 12
12 15
15 18
16 17
16 18
17 18
-1
EDGE_WEIGHT_SECTION
0	0	0	0	0	0	0	1	1	0	0	0	0	0	0	0	1	0	0
0	0	0	0	0	1	0	1	0	0	0	0	0	0	0	0	0	0	0
0	0	0	0	0	0	0	0	0	0	1	0	0	0	0	0	0	0	0
0	0	0	0	0	1	0	1	1	1	0	1	0	0	0	0	0	1	0
0	0	0	0	0	0	0	0	0	0	0	0	0	1	0	0	0	0	0
0	1	0	1	0	0	1	0	0	0	0	0	0	0	1	0	0	1	1
0	0	0	0	0	1	0	0	0	1	0	0	0	0	0	0	0	0	0
1	1	0	1	0	0	0	0	0	0	1	0	0	0	1	0	0	0	0
1	0	0	1	0	0	0	0	0	1	0	0	0	1	0	0	0	0	1
0	0	0	1	0	0	1	0	1	0	0	0	0	0	0	0	0	1	0
0	0	1	0	0	0	0	1	0	0	0	0	0	0	0	1	0	0	0
0	0	0	1	0	0	0	0	0	0	0	0	1	0	0	0	0	0	0
0	0	0	0	0	0	0	0	0	0	0	1	0	0	0	1	0	0	0
0	0	0	0	1	0	0	0	1	0	0	0	0	0	0	0	0	0	0
0	0	0	0	0	1	0	1	0	0	0	0	0	0	0	0	0	0	0
0	0	0	0	0	0	0	0	0	0	1	0	1	0	0	0	0	0	1
1	0	0	0	0	0	0	0	0	0	0	0	0	0	0	0	0	1	1
0	0	0	1	0	1	0	0	0	1	0	0	0	0	0	0	1	0	1
0	0	0	0	0	1	0	0	1	0	0	0	0	0	0	1	1	1	0
DIFF_EDGE
0 0
CHROM_NUMBER
6
EOF
