TYPE : graph_{count}
DIMENSION: 14
EDGE_DATA_FORMAT: EDGE_LIST
EDGE_WEIGHT_TYPE: EXPLICIT
EDGE_WEIGHT_FORMAT: FULL_MATRIX
EDGE_DATA_SECTION
0 2
0 3
0 4
0 6
0 7
0 8
0 9
0 10
0 11
0 13
1 2
1 5
1 6
1 7
1 8
1 10
2 6
2 7
3 4
3 5
3 6
3 7
3 12
3 13
4 6
4 8
4 9
4 10
4 11
4 13
5 8
5 9
5 10
5 11
6 8
6 10
6 11
6 13
7 9
7 10
7 13
8 10
8 11
8 13
9 10
9 11
10 11
10 13
11 13
12 13
-1
EDGE_WEIGHT_SECTION
0	0	1	1	1	0	1	1	1	1	1	1	0	1
0	0	1	0	0	1	1	1	1	0	1	0	0	0
1	1	0	0	0	0	1	1	0	0	0	0	0	0
1	0	0	0	1	1	1	1	0	0	0	0	1	1
1	0	0	1	0	0	1	0	1	1	1	1	0	1
0	1	0	1	0	0	0	0	1	1	1	1	0	0
1	1	1	1	1	0	0	0	1	0	1	1	0	1
1	1	1	1	0	0	0	0	0	1	1	0	0	1
1	1	0	0	1	1	1	0	0	0	1	1	0	1
1	0	0	0	1	1	0	1	0	0	1	1	0	0
1	1	0	0	1	1	1	1	1	1	0	1	0	1
1	0	0	0	1	1	1	0	1	1	1	0	0	1
0	0	0	1	0	0	0	0	0	0	0	0	0	1
1	0	0	1	1	0	1	1	1	0	1	1	1	0
DIFF_EDGE
0 0
CHROM_NUMBER
9
EOF
