TYPE : graph_{count}
DIMENSION: 17
EDGE_DATA_FORMAT: EDGE_LIST
EDGE_WEIGHT_TYPE: EXPLICIT
EDGE_WEIGHT_FORMAT: FULL_MATRIX
EDGE_DATA_SECTION
0 3
0 5
0 9
0 10
0 12
0 14
0 15
1 4
1 6
1 10
1 14
2 3
2 6
2 7
2 8
2 10
2 12
2 14
2 15
3 8
3 10
3 11
3 15
4 5
4 6
4 10
4 15
5 6
5 7
5 9
5 10
5 13
6 9
6 10
6 12
7 9
7 11
7 12
7 14
7 15
8 9
8 10
8 13
8 14
8 15
8 16
9 12
9 14
9 15
10 12
10 14
10 15
11 12
12 14
12 15
12 16
14 15
-1
EDGE_WEIGHT_SECTION
0	0	0	1	0	1	0	0	0	1	1	0	1	0	1	1	0
0	0	0	0	1	0	1	0	0	0	1	0	0	0	1	0	0
0	0	0	1	0	0	1	1	1	0	1	0	1	0	1	1	0
1	0	1	0	0	0	0	0	1	0	1	1	0	0	0	1	0
0	1	0	0	0	1	1	0	0	0	1	0	0	0	0	1	0
1	0	0	0	1	0	1	1	0	1	1	0	0	1	0	0	0
0	1	1	0	1	1	0	0	0	1	1	0	1	0	0	0	0
0	0	1	0	0	1	0	0	0	1	0	1	1	0	1	1	0
0	0	1	1	0	0	0	0	0	1	1	0	0	1	1	1	1
1	0	0	0	0	1	1	1	1	0	0	0	1	0	1	1	0
1	1	1	1	1	1	1	0	1	0	0	0	1	0	1	1	0
0	0	0	1	0	0	0	1	0	0	0	0	1	0	0	0	0
1	0	1	0	0	0	1	1	0	1	1	1	1	0	1	1	1
0	0	0	0	0	1	0	0	1	0	0	0	0	0	0	0	0
1	1	1	0	0	0	0	1	1	1	1	0	1	0	1	1	0
1	0	1	1	1	0	0	1	1	1	1	0	1	0	1	0	0
0	0	0	0	0	0	0	0	1	0	0	0	1	0	0	0	0
DIFF_EDGE
0 0
CHROM_NUMBER
9
EOF
