TYPE : graph_{count}
DIMENSION: 18
EDGE_DATA_FORMAT: EDGE_LIST
EDGE_WEIGHT_TYPE: EXPLICIT
EDGE_WEIGHT_FORMAT: FULL_MATRIX
EDGE_DATA_SECTION
0 1
0 3
0 4
0 5
0 7
0 8
0 9
0 10
0 12
0 14
0 17
1 2
1 3
1 6
1 11
1 12
1 17
2 3
2 4
2 9
2 10
2 12
3 4
3 6
3 7
3 12
3 14
3 17
4 5
4 12
4 14
4 17
5 12
5 16
7 8
7 9
7 10
7 12
8 17
9 12
11 12
11 14
11 17
12 14
12 15
12 17
13 15
13 17
14 16
14 17
15 17
-1
EDGE_WEIGHT_SECTION
0	1	0	1	1	1	0	1	1	1	1	0	1	0	1	0	0	1
1	0	1	1	0	0	1	0	0	0	0	1	1	0	0	0	0	1
0	1	0	1	1	0	0	0	0	1	1	0	1	0	0	0	0	0
1	1	1	0	1	0	1	1	0	0	0	0	1	0	1	0	0	1
1	0	1	1	0	1	0	0	0	0	0	0	1	0	1	0	0	1
1	0	0	0	1	0	0	0	0	0	0	0	1	0	0	0	1	0
0	1	0	1	0	0	0	0	0	0	0	0	0	0	0	0	0	0
1	0	0	1	0	0	0	0	1	1	1	0	1	0	0	0	0	0
1	0	0	0	0	0	0	1	0	0	0	0	0	0	0	0	0	1
1	0	1	0	0	0	0	1	0	0	0	0	1	0	0	0	0	0
1	0	1	0	0	0	0	1	0	0	0	0	0	0	0	0	0	0
0	1	0	0	0	0	0	0	0	0	0	0	1	0	1	0	0	1
1	1	1	1	1	1	0	1	0	1	0	1	0	0	1	1	0	1
0	0	0	0	0	0	0	0	0	0	0	0	0	0	0	1	0	1
1	0	0	1	1	0	0	0	0	0	0	1	1	0	0	0	1	1
0	0	0	0	0	0	0	0	0	0	0	0	1	1	0	0	0	1
0	0	0	0	0	1	0	0	0	0	0	0	0	0	1	0	0	0
1	1	0	1	1	0	0	0	1	0	0	1	1	1	1	1	0	1
DIFF_EDGE
0 0
CHROM_NUMBER
7
EOF
