TYPE : graph_{count}
DIMENSION: 18
EDGE_DATA_FORMAT: EDGE_LIST
EDGE_WEIGHT_TYPE: EXPLICIT
EDGE_WEIGHT_FORMAT: FULL_MATRIX
EDGE_DATA_SECTION
0 1
0 2
0 3
0 5
0 9
0 10
0 12
0 16
0 17
1 3
1 6
1 9
1 17
2 4
2 6
2 7
2 9
2 10
2 12
2 13
2 16
3 4
3 6
3 8
3 10
4 6
4 7
4 8
4 14
5 8
5 9
5 12
5 14
5 16
5 17
6 9
6 10
6 12
6 16
7 8
7 9
7 12
7 15
7 17
8 9
8 11
8 12
8 15
8 16
9 12
9 16
9 17
11 17
12 16
12 17
13 17
14 16
15 17
16 17
-1
EDGE_WEIGHT_SECTION
0	1	1	1	0	1	0	0	0	1	1	0	1	0	0	0	1	1
1	0	0	1	0	0	1	0	0	1	0	0	0	0	0	0	0	1
1	0	0	0	1	0	1	1	0	1	1	0	1	1	0	0	1	0
1	1	0	0	1	0	1	0	1	0	1	0	0	0	0	0	0	0
0	0	1	1	0	0	1	1	1	0	0	0	0	0	1	0	0	0
1	0	0	0	0	0	0	0	1	1	0	0	1	0	1	0	1	1
0	1	1	1	1	0	0	0	0	1	1	0	1	0	0	0	1	0
0	0	1	0	1	0	0	0	1	1	0	0	1	0	0	1	0	1
0	0	0	1	1	1	0	1	0	1	0	1	1	0	0	1	1	0
1	1	1	0	0	1	1	1	1	0	0	0	1	0	0	0	1	1
1	0	1	1	0	0	1	0	0	0	0	0	0	0	0	0	0	0
0	0	0	0	0	0	0	0	1	0	0	0	0	0	0	0	0	1
1	0	1	0	0	1	1	1	1	1	0	0	0	0	0	0	1	1
0	0	1	0	0	0	0	0	0	0	0	0	0	0	0	0	0	1
0	0	0	0	1	1	0	0	0	0	0	0	0	0	0	0	1	0
0	0	0	0	0	0	0	1	1	0	0	0	0	0	0	0	0	1
1	0	1	0	0	1	1	0	1	1	0	0	1	0	1	0	1	1
1	1	0	0	0	1	0	1	0	1	0	1	1	1	0	1	1	1
DIFF_EDGE
0 0
CHROM_NUMBER
9
EOF
