TYPE : graph_{count}
DIMENSION: 21
EDGE_DATA_FORMAT: EDGE_LIST
EDGE_WEIGHT_TYPE: EXPLICIT
EDGE_WEIGHT_FORMAT: FULL_MATRIX
EDGE_DATA_SECTION
0 1
0 3
0 5
0 7
0 8
0 9
0 10
0 16
1 2
1 4
1 7
1 9
1 14
2 5
2 9
2 10
2 13
2 16
2 19
3 4
3 7
3 10
3 14
3 16
3 17
3 19
4 5
4 6
4 8
4 18
5 11
5 15
6 13
6 15
7 9
7 10
7 16
7 18
8 12
8 17
8 20
9 12
10 16
11 16
12 16
14 16
-1
EDGE_WEIGHT_SECTION
0	1	0	1	0	1	0	1	1	1	1	0	0	0	0	0	1	0	0	0	0
1	0	1	0	1	0	0	1	0	1	0	0	0	0	1	0	0	0	0	0	0
0	1	0	0	0	1	0	0	0	1	1	0	0	1	0	0	1	0	0	1	0
1	0	0	0	1	0	0	1	0	0	1	0	0	0	1	0	1	1	0	1	0
0	1	0	1	0	1	1	0	1	0	0	0	0	0	0	0	0	0	1	0	0
1	0	1	0	1	0	0	0	0	0	0	1	0	0	0	1	0	0	0	0	0
0	0	0	0	1	0	0	0	0	0	0	0	0	1	0	1	0	0	0	0	0
1	1	0	1	0	0	0	0	0	1	1	0	0	0	0	0	1	0	1	0	0
1	0	0	0	1	0	0	0	0	0	0	0	1	0	0	0	0	1	0	0	1
1	1	1	0	0	0	0	1	0	0	0	0	1	0	0	0	0	0	0	0	0
1	0	1	1	0	0	0	1	0	0	0	0	0	0	0	0	1	0	0	0	0
0	0	0	0	0	1	0	0	0	0	0	0	0	0	0	0	1	0	0	0	0
0	0	0	0	0	0	0	0	1	1	0	0	0	0	0	0	1	0	0	0	0
0	0	1	0	0	0	1	0	0	0	0	0	0	0	0	0	0	0	0	0	0
0	1	0	1	0	0	0	0	0	0	0	0	0	0	0	0	1	0	0	0	0
0	0	0	0	0	1	1	0	0	0	0	0	0	0	0	0	0	0	0	0	0
1	0	1	1	0	0	0	1	0	0	1	1	1	0	1	0	0	0	0	0	0
0	0	0	1	0	0	0	0	1	0	0	0	0	0	0	0	0	0	0	0	0
0	0	0	0	1	0	0	1	0	0	0	0	0	0	0	0	0	0	0	0	0
0	0	1	1	0	0	0	0	0	0	0	0	0	0	0	0	0	0	0	0	0
0	0	0	0	0	0	0	0	1	0	0	0	0	0	0	0	0	0	0	0	0
DIFF_EDGE
0 0
CHROM_NUMBER
8
EOF
