TYPE : graph_{count}
DIMENSION: 18
EDGE_DATA_FORMAT: EDGE_LIST
EDGE_WEIGHT_TYPE: EXPLICIT
EDGE_WEIGHT_FORMAT: FULL_MATRIX
EDGE_DATA_SECTION
0 6
0 7
0 8
0 9
0 12
0 15
0 16
1 2
1 3
1 4
1 6
1 7
1 9
1 10
1 12
1 14
2 6
2 10
2 17
3 4
3 6
3 10
3 12
3 17
4 5
4 8
4 10
4 12
4 13
4 17
5 9
5 10
6 11
7 10
8 10
8 15
9 17
10 12
10 17
11 17
12 17
14 17
15 17
-1
EDGE_WEIGHT_SECTION
0	0	0	0	0	0	1	1	1	1	0	0	1	0	0	1	1	0
0	0	1	1	1	0	1	1	0	1	1	0	1	0	1	0	0	0
0	1	0	0	0	0	1	0	0	0	1	0	0	0	0	0	0	1
0	1	0	0	1	0	1	0	0	0	1	0	1	0	0	0	0	1
0	1	0	1	0	1	0	0	1	0	1	0	1	1	0	0	0	1
0	0	0	0	1	0	0	0	0	1	1	0	0	0	0	0	0	0
1	1	1	1	0	0	0	0	0	0	0	1	0	0	0	0	0	0
1	1	0	0	0	0	0	0	0	0	1	0	0	0	0	0	0	0
1	0	0	0	1	0	0	0	0	0	1	0	0	0	0	1	0	0
1	1	0	0	0	1	0	0	0	0	0	0	0	0	0	0	0	1
0	1	1	1	1	1	0	1	1	0	0	0	1	0	0	0	0	1
0	0	0	0	0	0	1	0	0	0	0	0	0	0	0	0	0	1
1	1	0	1	1	0	0	0	0	0	1	0	0	0	0	0	0	1
0	0	0	0	1	0	0	0	0	0	0	0	0	0	0	0	0	0
0	1	0	0	0	0	0	0	0	0	0	0	0	0	0	0	0	1
1	0	0	0	0	0	0	0	1	0	0	0	0	0	0	0	0	1
1	0	0	0	0	0	0	0	0	0	0	0	0	0	0	0	0	0
0	0	1	1	1	0	0	0	0	1	1	1	1	0	1	1	0	1
DIFF_EDGE
0 0
CHROM_NUMBER
7
EOF
