TYPE : graph_{count}
DIMENSION: 21
EDGE_DATA_FORMAT: EDGE_LIST
EDGE_WEIGHT_TYPE: EXPLICIT
EDGE_WEIGHT_FORMAT: FULL_MATRIX
EDGE_DATA_SECTION
0 1
0 3
0 4
0 5
0 10
0 15
1 2
1 3
1 8
1 9
1 10
1 11
2 3
2 9
2 10
2 15
2 16
3 8
3 9
3 10
3 15
3 16
3 19
4 7
4 10
4 11
5 8
5 10
5 15
5 16
6 8
6 9
6 10
7 14
8 9
9 10
9 12
9 15
9 18
10 13
10 14
11 15
11 16
12 16
13 17
13 20
14 15
15 16
15 20
16 17
-1
EDGE_WEIGHT_SECTION
0	1	0	1	1	1	0	0	0	0	1	0	0	0	0	1	0	0	0	0	0
1	0	1	1	0	0	0	0	1	1	1	1	0	0	0	0	0	0	0	0	0
0	1	0	1	0	0	0	0	0	1	1	0	0	0	0	1	1	0	0	0	0
1	1	1	0	0	0	0	0	1	1	1	0	0	0	0	1	1	0	0	1	0
1	0	0	0	0	0	0	1	0	0	1	1	0	0	0	0	0	0	0	0	0
1	0	0	0	0	0	0	0	1	0	1	0	0	0	0	1	1	0	0	0	0
0	0	0	0	0	0	0	0	1	1	1	0	0	0	0	0	0	0	0	0	0
0	0	0	0	1	0	0	0	0	0	0	0	0	0	1	0	0	0	0	0	0
0	1	0	1	0	1	1	0	0	1	0	0	0	0	0	0	0	0	0	0	0
0	1	1	1	0	0	1	0	1	0	1	0	1	0	0	1	0	0	1	0	0
1	1	1	1	1	1	1	0	0	1	0	0	0	1	1	0	0	0	0	0	0
0	1	0	0	1	0	0	0	0	0	0	0	0	0	0	1	1	0	0	0	0
0	0	0	0	0	0	0	0	0	1	0	0	0	0	0	0	1	0	0	0	0
0	0	0	0	0	0	0	0	0	0	1	0	0	0	0	0	0	1	0	0	1
0	0	0	0	0	0	0	1	0	0	1	0	0	0	0	1	0	0	0	0	0
1	0	1	1	0	1	0	0	0	1	0	1	0	0	1	0	1	0	0	0	1
0	0	1	1	0	1	0	0	0	0	0	1	1	0	0	1	0	1	0	0	0
0	0	0	0	0	0	0	0	0	0	0	0	0	1	0	0	1	0	0	0	0
0	0	0	0	0	0	0	0	0	1	0	0	0	0	0	0	0	0	0	0	0
0	0	0	1	0	0	0	0	0	0	0	0	0	0	0	0	0	0	0	0	0
0	0	0	0	0	0	0	0	0	0	0	0	0	1	0	1	0	0	0	0	0
DIFF_EDGE
0 0
CHROM_NUMBER
7
EOF
