TYPE : graph_{count}
DIMENSION: 16
EDGE_DATA_FORMAT: EDGE_LIST
EDGE_WEIGHT_TYPE: EXPLICIT
EDGE_WEIGHT_FORMAT: FULL_MATRIX
EDGE_DATA_SECTION
0 4
0 8
0 9
0 13
1 3
1 5
1 7
1 8
1 9
1 11
1 13
1 14
1 15
2 3
2 4
2 5
2 6
2 10
2 11
2 12
2 13
2 15
3 4
3 6
3 8
3 9
3 10
3 11
3 12
3 13
3 15
4 7
4 8
4 10
4 11
4 12
4 15
5 6
5 7
5 8
5 10
5 12
6 7
6 10
6 11
6 13
6 15
7 8
7 9
7 12
8 10
8 11
8 12
8 13
8 15
9 10
9 11
9 12
9 15
10 11
10 12
10 13
10 15
11 12
11 13
11 15
12 13
12 15
13 15
-1
EDGE_WEIGHT_SECTION
0	0	0	0	1	0	0	0	1	1	0	0	0	1	0	0
0	0	0	1	0	1	0	1	1	1	0	1	0	1	1	1
0	0	0	1	1	1	1	0	0	0	1	1	1	1	0	1
0	1	1	0	1	0	1	0	1	1	1	1	1	1	0	1
1	0	1	1	0	0	0	1	1	0	1	1	1	0	0	1
0	1	1	0	0	0	1	1	1	0	1	0	1	0	0	0
0	0	1	1	0	1	0	1	0	0	1	1	0	1	0	1
0	1	0	0	1	1	1	0	1	1	0	0	1	0	0	0
1	1	0	1	1	1	0	1	0	0	1	1	1	1	0	1
1	1	0	1	0	0	0	1	0	0	1	1	1	0	0	1
0	0	1	1	1	1	1	0	1	1	0	1	1	1	0	1
0	1	1	1	1	0	1	0	1	1	1	0	1	1	0	1
0	0	1	1	1	1	0	1	1	1	1	1	0	1	0	1
1	1	1	1	0	0	1	0	1	0	1	1	1	0	0	1
0	1	0	0	0	0	0	0	0	0	0	0	0	0	0	0
0	1	1	1	1	0	1	0	1	1	1	1	1	1	0	1
DIFF_EDGE
0 0
CHROM_NUMBER
11
EOF
