TYPE : graph_{count}
DIMENSION: 17
EDGE_DATA_FORMAT: EDGE_LIST
EDGE_WEIGHT_TYPE: EXPLICIT
EDGE_WEIGHT_FORMAT: FULL_MATRIX
EDGE_DATA_SECTION
0 1
0 2
0 3
0 4
0 5
0 6
0 7
0 9
0 12
0 15
1 3
1 7
1 9
1 15
2 5
2 8
2 9
2 10
2 12
2 15
3 5
3 7
4 6
4 8
4 9
4 10
4 11
4 12
4 15
5 6
5 7
5 8
5 15
6 8
6 9
6 10
6 12
6 13
7 8
8 12
9 12
9 15
9 16
10 12
10 15
11 12
11 15
12 15
13 14
14 15
-1
EDGE_WEIGHT_SECTION
0	1	1	1	1	1	1	1	0	1	0	0	1	0	0	1	0
1	0	0	1	0	0	0	1	0	1	0	0	0	0	0	1	0
1	0	0	0	0	1	0	0	1	1	1	0	1	0	0	1	0
1	1	0	0	0	1	0	1	0	0	0	0	0	0	0	0	0
1	0	0	0	0	0	1	0	1	1	1	1	1	0	0	1	0
1	0	1	1	0	0	1	1	1	0	0	0	0	0	0	1	0
1	0	0	0	1	1	0	0	1	1	1	0	1	1	0	0	0
1	1	0	1	0	1	0	0	1	0	0	0	0	0	0	0	0
0	0	1	0	1	1	1	1	0	0	0	0	1	0	0	0	0
1	1	1	0	1	0	1	0	0	0	0	0	1	0	0	1	1
0	0	1	0	1	0	1	0	0	0	0	0	1	0	0	1	0
0	0	0	0	1	0	0	0	0	0	0	0	1	0	0	1	0
1	0	1	0	1	0	1	0	1	1	1	1	0	0	0	1	0
0	0	0	0	0	0	1	0	0	0	0	0	0	0	1	0	0
0	0	0	0	0	0	0	0	0	0	0	0	0	1	0	1	0
1	1	1	0	1	1	0	0	0	1	1	1	1	0	1	1	0
0	0	0	0	0	0	0	0	0	1	0	0	0	0	0	0	0
DIFF_EDGE
0 0
CHROM_NUMBER
8
EOF
