TYPE : graph_{count}
DIMENSION: 17
EDGE_DATA_FORMAT: EDGE_LIST
EDGE_WEIGHT_TYPE: EXPLICIT
EDGE_WEIGHT_FORMAT: FULL_MATRIX
EDGE_DATA_SECTION
0 2
0 3
0 5
0 6
0 8
0 10
0 12
0 15
0 16
1 4
1 9
1 14
3 4
3 5
3 7
3 8
3 9
3 10
3 15
4 6
4 8
4 12
4 13
4 15
5 6
5 7
5 9
5 13
5 14
5 15
7 9
7 10
8 9
9 11
9 15
10 15
-1
EDGE_WEIGHT_SECTION
0	0	1	1	0	1	1	0	1	0	1	0	1	0	0	1	1
0	0	0	0	1	0	0	0	0	1	0	0	0	0	1	0	0
1	0	0	0	0	0	0	0	0	0	0	0	0	0	0	0	0
1	0	0	0	1	1	0	1	1	1	1	0	0	0	0	1	0
0	1	0	1	0	0	1	0	1	0	0	0	1	1	0	1	0
1	0	0	1	0	0	1	1	0	1	0	0	0	1	1	1	0
1	0	0	0	1	1	0	0	0	0	0	0	0	0	0	0	0
0	0	0	1	0	1	0	0	0	1	1	0	0	0	0	0	0
1	0	0	1	1	0	0	0	0	1	0	0	0	0	0	0	0
0	1	0	1	0	1	0	1	1	0	0	1	0	0	0	1	0
1	0	0	1	0	0	0	1	0	0	0	0	0	0	0	1	0
0	0	0	0	0	0	0	0	0	1	0	0	0	0	0	0	0
1	0	0	0	1	0	0	0	0	0	0	0	0	0	0	0	0
0	0	0	0	1	1	0	0	0	0	0	0	0	0	0	0	0
0	1	0	0	0	1	0	0	0	0	0	0	0	0	0	0	0
1	0	0	1	1	1	0	0	0	1	1	0	0	0	0	1	0
1	0	0	0	0	0	0	0	0	0	0	0	0	0	0	0	0
DIFF_EDGE
0 0
CHROM_NUMBER
6
EOF
