TYPE : graph_{count}
DIMENSION: 20
EDGE_DATA_FORMAT: EDGE_LIST
EDGE_WEIGHT_TYPE: EXPLICIT
EDGE_WEIGHT_FORMAT: FULL_MATRIX
EDGE_DATA_SECTION
0 1
0 2
0 4
0 7
0 8
0 9
0 11
0 12
0 13
0 14
0 16
1 2
1 5
1 6
1 11
1 12
1 13
1 14
1 16
1 18
2 5
2 6
2 7
2 9
2 10
2 11
2 12
2 13
2 14
2 16
3 4
3 6
3 10
4 7
4 11
4 13
4 18
5 7
5 8
5 10
5 13
5 14
5 16
6 9
6 11
6 12
6 13
7 8
7 9
7 10
7 11
7 12
7 13
7 19
9 10
9 11
9 13
9 14
9 16
10 12
10 14
10 15
10 16
11 12
11 13
11 14
11 16
12 13
12 14
12 16
13 14
13 15
13 16
14 16
16 17
-1
EDGE_WEIGHT_SECTION
0	1	1	0	1	0	0	1	1	1	0	1	1	1	1	0	1	0	0	0
1	0	1	0	0	1	1	0	0	0	0	1	1	1	1	0	1	0	1	0
1	1	0	0	0	1	1	1	0	1	1	1	1	1	1	0	1	0	0	0
0	0	0	0	1	0	1	0	0	0	1	0	0	0	0	0	0	0	0	0
1	0	0	1	0	0	0	1	0	0	0	1	0	1	0	0	0	0	1	0
0	1	1	0	0	0	0	1	1	0	1	0	0	1	1	0	1	0	0	0
0	1	1	1	0	0	0	0	0	1	0	1	1	1	0	0	0	0	0	0
1	0	1	0	1	1	0	0	1	1	1	1	1	1	0	0	0	0	0	1
1	0	0	0	0	1	0	1	0	0	0	0	0	0	0	0	0	0	0	0
1	0	1	0	0	0	1	1	0	0	1	1	0	1	1	0	1	0	0	0
0	0	1	1	0	1	0	1	0	1	0	0	1	0	1	1	1	0	0	0
1	1	1	0	1	0	1	1	0	1	0	0	1	1	1	0	1	0	0	0
1	1	1	0	0	0	1	1	0	0	1	1	0	1	1	0	1	0	0	0
1	1	1	0	1	1	1	1	0	1	0	1	1	0	1	1	1	0	0	0
1	1	1	0	0	1	0	0	0	1	1	1	1	1	0	0	1	0	0	0
0	0	0	0	0	0	0	0	0	0	1	0	0	1	0	0	0	0	0	0
1	1	1	0	0	1	0	0	0	1	1	1	1	1	1	0	0	1	0	0
0	0	0	0	0	0	0	0	0	0	0	0	0	0	0	0	1	0	0	0
0	1	0	0	1	0	0	0	0	0	0	0	0	0	0	0	0	0	0	0
0	0	0	0	0	0	0	1	0	0	0	0	0	0	0	0	0	0	0	0
DIFF_EDGE
0 0
CHROM_NUMBER
11
EOF
