TYPE : graph_{count}
DIMENSION: 18
EDGE_DATA_FORMAT: EDGE_LIST
EDGE_WEIGHT_TYPE: EXPLICIT
EDGE_WEIGHT_FORMAT: FULL_MATRIX
EDGE_DATA_SECTION
0 2
0 10
0 12
1 4
1 5
1 6
1 7
1 9
1 15
1 16
2 3
2 6
2 8
2 9
3 5
3 9
3 15
3 16
4 5
4 8
4 9
4 10
4 13
4 15
5 6
5 10
5 14
5 15
6 8
6 10
6 12
6 16
7 9
8 9
9 11
9 15
9 17
11 16
12 15
13 16
14 15
15 16
-1
EDGE_WEIGHT_SECTION
0	0	1	0	0	0	0	0	0	0	1	0	1	0	0	0	0	0
0	0	0	0	1	1	1	1	0	1	0	0	0	0	0	1	1	0
1	0	0	1	0	0	1	0	1	1	0	0	0	0	0	0	0	0
0	0	1	0	0	1	0	0	0	1	0	0	0	0	0	1	1	0
0	1	0	0	0	1	0	0	1	1	1	0	0	1	0	1	0	0
0	1	0	1	1	0	1	0	0	0	1	0	0	0	1	1	0	0
0	1	1	0	0	1	0	0	1	0	1	0	1	0	0	0	1	0
0	1	0	0	0	0	0	0	0	1	0	0	0	0	0	0	0	0
0	0	1	0	1	0	1	0	0	1	0	0	0	0	0	0	0	0
0	1	1	1	1	0	0	1	1	0	0	1	0	0	0	1	0	1
1	0	0	0	1	1	1	0	0	0	0	0	0	0	0	0	0	0
0	0	0	0	0	0	0	0	0	1	0	0	0	0	0	0	1	0
1	0	0	0	0	0	1	0	0	0	0	0	0	0	0	1	0	0
0	0	0	0	1	0	0	0	0	0	0	0	0	0	0	0	1	0
0	0	0	0	0	1	0	0	0	0	0	0	0	0	0	1	0	0
0	1	0	1	1	1	0	0	0	1	0	0	1	0	1	0	1	0
0	1	0	1	0	0	1	0	0	0	0	1	0	1	0	1	0	0
0	0	0	0	0	0	0	0	0	1	0	0	0	0	0	0	0	0
DIFF_EDGE
0 0
CHROM_NUMBER
7
EOF
