TYPE : graph_{count}
DIMENSION: 19
EDGE_DATA_FORMAT: EDGE_LIST
EDGE_WEIGHT_TYPE: EXPLICIT
EDGE_WEIGHT_FORMAT: FULL_MATRIX
EDGE_DATA_SECTION
0 3
0 4
0 5
0 7
0 8
1 2
1 3
1 6
1 7
1 8
1 9
1 10
1 12
1 16
1 17
2 3
2 7
2 10
2 16
3 6
3 8
3 10
3 12
3 15
3 16
3 17
4 5
4 8
4 9
4 13
4 16
4 17
5 7
5 9
5 10
5 16
5 17
5 18
6 7
6 9
6 10
6 11
6 13
6 16
7 8
7 9
7 12
7 14
7 17
8 9
9 10
9 12
9 16
9 17
10 12
10 16
10 17
11 12
11 16
11 17
11 18
12 16
12 17
13 16
14 16
15 16
15 17
16 17
-1
EDGE_WEIGHT_SECTION
0	0	0	1	1	1	0	1	1	0	0	0	0	0	0	0	0	0	0
0	0	1	1	0	0	1	1	1	1	1	0	1	0	0	0	1	1	0
0	1	0	1	0	0	0	1	0	0	1	0	0	0	0	0	1	0	0
1	1	1	0	0	0	1	0	1	0	1	0	1	0	0	1	1	1	0
1	0	0	0	0	1	0	0	1	1	0	0	0	1	0	0	1	1	0
1	0	0	0	1	0	0	1	0	1	1	0	0	0	0	0	1	1	1
0	1	0	1	0	0	0	1	0	1	1	1	0	1	0	0	1	0	0
1	1	1	0	0	1	1	0	1	1	0	0	1	0	1	0	0	1	0
1	1	0	1	1	0	0	1	0	1	0	0	0	0	0	0	0	0	0
0	1	0	0	1	1	1	1	1	0	1	0	1	0	0	0	1	1	0
0	1	1	1	0	1	1	0	0	1	0	0	1	0	0	0	1	1	0
0	0	0	0	0	0	1	0	0	0	0	0	1	0	0	0	1	1	1
0	1	0	1	0	0	0	1	0	1	1	1	0	0	0	0	1	1	0
0	0	0	0	1	0	1	0	0	0	0	0	0	0	0	0	1	0	0
0	0	0	0	0	0	0	1	0	0	0	0	0	0	0	0	1	0	0
0	0	0	1	0	0	0	0	0	0	0	0	0	0	0	0	1	1	0
0	1	1	1	1	1	1	0	0	1	1	1	1	1	1	1	0	1	0
0	1	0	1	1	1	0	1	0	1	1	1	1	0	0	1	1	0	0
0	0	0	0	0	1	0	0	0	0	0	1	0	0	0	0	0	0	0
DIFF_EDGE
0 0
CHROM_NUMBER
9
EOF
