TYPE : graph_{count}
DIMENSION: 20
EDGE_DATA_FORMAT: EDGE_LIST
EDGE_WEIGHT_TYPE: EXPLICIT
EDGE_WEIGHT_FORMAT: FULL_MATRIX
EDGE_DATA_SECTION
0 1
0 3
0 8
0 9
0 16
0 17
0 19
1 3
1 4
1 5
1 6
1 7
1 9
1 10
1 16
1 17
1 19
2 3
2 4
2 5
2 6
2 7
2 10
2 16
2 17
2 19
3 5
3 9
3 10
3 12
3 17
4 5
4 6
4 7
4 10
5 8
5 9
5 10
5 16
5 17
5 19
6 7
6 8
6 10
7 9
7 10
7 16
7 17
8 9
8 10
8 12
8 16
8 17
8 19
9 19
10 15
11 14
11 15
11 16
12 13
12 16
12 19
14 17
15 19
16 17
16 18
16 19
17 19
-1
EDGE_WEIGHT_SECTION
0	1	0	1	0	0	0	0	1	1	0	0	0	0	0	0	1	1	0	1
1	0	0	1	1	1	1	1	0	1	1	0	0	0	0	0	1	1	0	1
0	0	0	1	1	1	1	1	0	0	1	0	0	0	0	0	1	1	0	1
1	1	1	0	0	1	0	0	0	1	1	0	1	0	0	0	0	1	0	0
0	1	1	0	0	1	1	1	0	0	1	0	0	0	0	0	0	0	0	0
0	1	1	1	1	0	0	0	1	1	1	0	0	0	0	0	1	1	0	1
0	1	1	0	1	0	0	1	1	0	1	0	0	0	0	0	0	0	0	0
0	1	1	0	1	0	1	0	0	1	1	0	0	0	0	0	1	1	0	0
1	0	0	0	0	1	1	0	0	1	1	0	1	0	0	0	1	1	0	1
1	1	0	1	0	1	0	1	1	0	0	0	0	0	0	0	0	0	0	1
0	1	1	1	1	1	1	1	1	0	0	0	0	0	0	1	0	0	0	0
0	0	0	0	0	0	0	0	0	0	0	0	0	0	1	1	1	0	0	0
0	0	0	1	0	0	0	0	1	0	0	0	0	1	0	0	1	0	0	1
0	0	0	0	0	0	0	0	0	0	0	0	1	0	0	0	0	0	0	0
0	0	0	0	0	0	0	0	0	0	0	1	0	0	0	0	0	1	0	0
0	0	0	0	0	0	0	0	0	0	1	1	0	0	0	0	0	0	0	1
1	1	1	0	0	1	0	1	1	0	0	1	1	0	0	0	0	1	1	1
1	1	1	1	0	1	0	1	1	0	0	0	0	0	1	0	1	0	0	1
0	0	0	0	0	0	0	0	0	0	0	0	0	0	0	0	1	0	0	0
1	1	1	0	0	1	0	0	1	1	0	0	1	0	0	1	1	1	0	0
DIFF_EDGE
0 0
CHROM_NUMBER
10
EOF
