TYPE : graph_{count}
DIMENSION: 17
EDGE_DATA_FORMAT: EDGE_LIST
EDGE_WEIGHT_TYPE: EXPLICIT
EDGE_WEIGHT_FORMAT: FULL_MATRIX
EDGE_DATA_SECTION
0 2
0 5
0 8
0 10
0 11
0 12
0 15
1 2
1 3
1 7
1 9
2 6
2 8
2 12
3 4
3 5
3 6
3 10
3 12
3 14
4 5
4 6
5 6
5 8
5 10
5 12
5 13
6 8
6 12
7 8
7 9
7 11
7 12
8 9
8 12
8 16
9 10
11 15
14 16
-1
EDGE_WEIGHT_SECTION
0	0	1	0	0	1	0	0	1	0	1	1	1	0	0	1	0
0	0	1	1	0	0	0	1	0	1	0	0	0	0	0	0	0
1	1	0	0	0	0	1	0	1	0	0	0	1	0	0	0	0
0	1	0	0	1	1	1	0	0	0	1	0	1	0	1	0	0
0	0	0	1	0	1	1	0	0	0	0	0	0	0	0	0	0
1	0	0	1	1	0	1	0	1	0	1	0	1	1	0	0	0
0	0	1	1	1	1	0	0	1	0	0	0	1	0	0	0	0
0	1	0	0	0	0	0	0	1	1	0	1	1	0	0	0	0
1	0	1	0	0	1	1	1	0	1	0	0	1	0	0	0	1
0	1	0	0	0	0	0	1	1	0	1	0	0	0	0	0	0
1	0	0	1	0	1	0	0	0	1	0	0	0	0	0	0	0
1	0	0	0	0	0	0	1	0	0	0	0	0	0	0	1	0
1	0	1	1	0	1	1	1	1	0	0	0	0	0	0	0	0
0	0	0	0	0	1	0	0	0	0	0	0	0	0	0	0	0
0	0	0	1	0	0	0	0	0	0	0	0	0	0	0	0	1
1	0	0	0	0	0	0	0	0	0	0	1	0	0	0	0	0
0	0	0	0	0	0	0	0	1	0	0	0	0	0	1	0	0
DIFF_EDGE
0 0
CHROM_NUMBER
6
EOF
