TYPE : graph_{count}
DIMENSION: 17
EDGE_DATA_FORMAT: EDGE_LIST
EDGE_WEIGHT_TYPE: EXPLICIT
EDGE_WEIGHT_FORMAT: FULL_MATRIX
EDGE_DATA_SECTION
0 1
0 3
0 6
0 7
0 8
0 9
0 12
0 16
1 2
1 3
1 4
1 10
1 16
2 7
2 9
2 10
2 16
3 7
3 16
4 6
4 8
4 10
4 15
4 16
5 7
5 8
5 9
5 10
5 16
6 7
6 10
7 8
7 9
7 15
8 9
8 14
9 11
10 16
12 13
13 16
-1
EDGE_WEIGHT_SECTION
0	1	0	1	0	0	1	1	1	1	0	0	1	0	0	0	1
1	0	1	1	1	0	0	0	0	0	1	0	0	0	0	0	1
0	1	0	0	0	0	0	1	0	1	1	0	0	0	0	0	1
1	1	0	0	0	0	0	1	0	0	0	0	0	0	0	0	1
0	1	0	0	0	0	1	0	1	0	1	0	0	0	0	1	1
0	0	0	0	0	0	0	1	1	1	1	0	0	0	0	0	1
1	0	0	0	1	0	0	1	0	0	1	0	0	0	0	0	0
1	0	1	1	0	1	1	0	1	1	0	0	0	0	0	1	0
1	0	0	0	1	1	0	1	0	1	0	0	0	0	1	0	0
1	0	1	0	0	1	0	1	1	0	0	1	0	0	0	0	0
0	1	1	0	1	1	1	0	0	0	0	0	0	0	0	0	1
0	0	0	0	0	0	0	0	0	1	0	0	0	0	0	0	0
1	0	0	0	0	0	0	0	0	0	0	0	0	1	0	0	0
0	0	0	0	0	0	0	0	0	0	0	0	1	0	0	0	1
0	0	0	0	0	0	0	0	1	0	0	0	0	0	0	0	0
0	0	0	0	1	0	0	1	0	0	0	0	0	0	0	0	0
1	1	1	1	1	1	0	0	0	0	1	0	0	1	0	0	0
DIFF_EDGE
0 0
CHROM_NUMBER
7
EOF
