TYPE : graph_{count}
DIMENSION: 21
EDGE_DATA_FORMAT: EDGE_LIST
EDGE_WEIGHT_TYPE: EXPLICIT
EDGE_WEIGHT_FORMAT: FULL_MATRIX
EDGE_DATA_SECTION
0 4
0 7
0 8
0 9
0 10
0 12
1 3
1 4
1 5
1 6
1 11
1 14
3 14
3 15
3 17
4 6
4 8
4 9
4 14
4 16
5 7
5 8
5 9
5 12
5 14
5 16
6 7
6 9
7 9
7 11
7 12
7 14
7 20
9 12
9 14
9 19
11 12
11 13
12 14
13 18
14 18
17 19
-1
EDGE_WEIGHT_SECTION
0	0	0	0	1	0	0	1	1	1	1	0	1	0	0	0	0	0	0	0	0
0	0	0	1	1	1	1	0	0	0	0	1	0	0	1	0	0	0	0	0	0
0	0	0	0	0	0	0	0	0	0	0	0	0	0	0	0	0	0	0	0	0
0	1	0	0	0	0	0	0	0	0	0	0	0	0	1	1	0	1	0	0	0
1	1	0	0	0	0	1	0	1	1	0	0	0	0	1	0	1	0	0	0	0
0	1	0	0	0	0	0	1	1	1	0	0	1	0	1	0	1	0	0	0	0
0	1	0	0	1	0	0	1	0	1	0	0	0	0	0	0	0	0	0	0	0
1	0	0	0	0	1	1	0	0	1	0	1	1	0	1	0	0	0	0	0	1
1	0	0	0	1	1	0	0	0	0	0	0	0	0	0	0	0	0	0	0	0
1	0	0	0	1	1	1	1	0	0	0	0	1	0	1	0	0	0	0	1	0
1	0	0	0	0	0	0	0	0	0	0	0	0	0	0	0	0	0	0	0	0
0	1	0	0	0	0	0	1	0	0	0	0	1	1	0	0	0	0	0	0	0
1	0	0	0	0	1	0	1	0	1	0	1	0	0	1	0	0	0	0	0	0
0	0	0	0	0	0	0	0	0	0	0	1	0	0	0	0	0	0	1	0	0
0	1	0	1	1	1	0	1	0	1	0	0	1	0	1	0	0	0	1	0	0
0	0	0	1	0	0	0	0	0	0	0	0	0	0	0	0	0	0	0	0	0
0	0	0	0	1	1	0	0	0	0	0	0	0	0	0	0	0	0	0	0	0
0	0	0	1	0	0	0	0	0	0	0	0	0	0	0	0	0	0	0	1	0
0	0	0	0	0	0	0	0	0	0	0	0	0	1	1	0	0	0	0	0	0
0	0	0	0	0	0	0	0	0	1	0	0	0	0	0	0	0	1	0	0	0
0	0	0	0	0	0	0	1	0	0	0	0	0	0	0	0	0	0	0	0	0
DIFF_EDGE
0 0
CHROM_NUMBER
7
EOF
