TYPE : graph_{count}
DIMENSION: 15
EDGE_DATA_FORMAT: EDGE_LIST
EDGE_WEIGHT_TYPE: EXPLICIT
EDGE_WEIGHT_FORMAT: FULL_MATRIX
EDGE_DATA_SECTION
0 4
0 9
0 11
0 13
0 14
1 3
1 11
2 4
2 6
2 8
2 9
2 14
3 4
3 5
3 6
3 7
3 9
3 10
3 11
3 14
4 5
4 6
4 7
4 9
4 10
4 11
4 12
4 14
5 7
5 11
6 8
6 9
6 10
6 11
6 14
7 8
7 10
7 14
8 9
8 11
9 11
9 14
10 11
10 13
10 14
11 14
-1
EDGE_WEIGHT_SECTION
0	0	0	0	1	0	0	0	0	1	0	1	0	1	1
0	0	0	1	0	0	0	0	0	0	0	1	0	0	0
0	0	0	0	1	0	1	0	1	1	0	0	0	0	1
0	1	0	0	1	1	1	1	0	1	1	1	0	0	1
1	0	1	1	0	1	1	1	0	1	1	1	1	0	1
0	0	0	1	1	0	0	1	0	0	0	1	0	0	0
0	0	1	1	1	0	0	0	1	1	1	1	0	0	1
0	0	0	1	1	1	0	0	1	0	1	0	0	0	1
0	0	1	0	0	0	1	1	0	1	0	1	0	0	0
1	0	1	1	1	0	1	0	1	0	0	1	0	0	1
0	0	0	1	1	0	1	1	0	0	0	1	0	1	1
1	1	0	1	1	1	1	0	1	1	1	0	0	0	1
0	0	0	0	1	0	0	0	0	0	0	0	0	0	0
1	0	0	0	0	0	0	0	0	0	1	0	0	0	0
1	0	1	1	1	0	1	1	0	1	1	1	0	0	0
DIFF_EDGE
0 0
CHROM_NUMBER
8
EOF
