TYPE : graph_{count}
DIMENSION: 15
EDGE_DATA_FORMAT: EDGE_LIST
EDGE_WEIGHT_TYPE: EXPLICIT
EDGE_WEIGHT_FORMAT: FULL_MATRIX
EDGE_DATA_SECTION
0 1
0 2
0 3
0 4
0 5
0 6
0 11
0 12
1 3
1 6
1 8
1 9
1 11
1 12
1 13
2 4
2 7
2 8
2 11
3 5
3 6
3 8
3 11
3 12
4 8
4 10
4 12
5 6
5 9
5 11
5 12
6 7
6 8
6 9
6 10
6 11
6 12
7 9
7 10
7 11
8 9
8 11
8 12
9 10
9 11
9 14
11 12
-1
EDGE_WEIGHT_SECTION
0	1	1	1	1	1	1	0	0	0	0	1	1	0	0
1	0	0	1	0	0	1	0	1	1	0	1	1	1	0
1	0	0	0	1	0	0	1	1	0	0	1	0	0	0
1	1	0	0	0	1	1	0	1	0	0	1	1	0	0
1	0	1	0	0	0	0	0	1	0	1	0	1	0	0
1	0	0	1	0	0	1	0	0	1	0	1	1	0	0
1	1	0	1	0	1	0	1	1	1	1	1	1	0	0
0	0	1	0	0	0	1	0	0	1	1	1	0	0	0
0	1	1	1	1	0	1	0	0	1	0	1	1	0	0
0	1	0	0	0	1	1	1	1	0	1	1	0	0	1
0	0	0	0	1	0	1	1	0	1	0	0	0	0	0
1	1	1	1	0	1	1	1	1	1	0	0	1	0	0
1	1	0	1	1	1	1	0	1	0	0	1	1	0	0
0	1	0	0	0	0	0	0	0	0	0	0	0	0	0
0	0	0	0	0	0	0	0	0	1	0	0	0	0	0
DIFF_EDGE
0 0
CHROM_NUMBER
8
EOF
