TYPE : graph_{count}
DIMENSION: 16
EDGE_DATA_FORMAT: EDGE_LIST
EDGE_WEIGHT_TYPE: EXPLICIT
EDGE_WEIGHT_FORMAT: FULL_MATRIX
EDGE_DATA_SECTION
0 1
0 3
0 6
0 8
0 10
0 14
0 15
1 6
1 8
1 9
1 14
2 3
2 8
2 9
3 7
3 10
3 11
3 15
4 7
4 8
5 8
5 9
5 10
6 7
6 8
6 9
6 10
6 13
6 14
6 15
7 8
7 9
7 10
7 12
8 9
8 10
8 14
8 15
9 10
9 15
10 14
10 15
11 15
12 14
14 15
-1
EDGE_WEIGHT_SECTION
0	1	0	1	0	0	1	0	1	0	1	0	0	0	1	1
1	0	0	0	0	0	1	0	1	1	0	0	0	0	1	0
0	0	0	1	0	0	0	0	1	1	0	0	0	0	0	0
1	0	1	0	0	0	0	1	0	0	1	1	0	0	0	1
0	0	0	0	0	0	0	1	1	0	0	0	0	0	0	0
0	0	0	0	0	0	0	0	1	1	1	0	0	0	0	0
1	1	0	0	0	0	0	1	1	1	1	0	0	1	1	1
0	0	0	1	1	0	1	0	1	1	1	0	1	0	0	0
1	1	1	0	1	1	1	1	0	1	1	0	0	0	1	1
0	1	1	0	0	1	1	1	1	0	1	0	0	0	0	1
1	0	0	1	0	1	1	1	1	1	0	0	0	0	1	1
0	0	0	1	0	0	0	0	0	0	0	0	0	0	0	1
0	0	0	0	0	0	0	1	0	0	0	0	0	0	1	0
0	0	0	0	0	0	1	0	0	0	0	0	0	0	0	0
1	1	0	0	0	0	1	0	1	0	1	0	1	0	0	1
1	0	0	1	0	0	1	0	1	1	1	1	0	0	1	0
DIFF_EDGE
0 0
CHROM_NUMBER
8
EOF
