TYPE : graph_{count}
DIMENSION: 20
EDGE_DATA_FORMAT: EDGE_LIST
EDGE_WEIGHT_TYPE: EXPLICIT
EDGE_WEIGHT_FORMAT: FULL_MATRIX
EDGE_DATA_SECTION
0 3
0 5
0 7
0 8
0 9
0 10
0 12
0 13
0 16
0 19
1 5
1 6
1 7
1 13
1 16
1 18
2 4
2 5
2 6
2 7
2 10
2 12
2 16
2 19
3 4
3 5
3 6
3 12
3 13
3 19
4 7
4 8
4 10
4 13
4 15
4 17
5 6
5 7
5 9
5 11
5 16
5 19
6 8
6 12
6 13
7 8
7 12
7 13
7 14
7 16
7 19
8 12
8 16
8 18
8 19
9 12
10 12
10 13
10 16
11 12
11 13
12 13
12 16
12 19
13 16
13 19
14 16
15 16
16 19
-1
EDGE_WEIGHT_SECTION
0	0	0	1	0	1	0	1	1	1	1	0	1	1	0	0	1	0	0	1
0	0	0	0	0	1	1	1	0	0	0	0	0	1	0	0	1	0	1	0
0	0	0	0	1	1	1	1	0	0	1	0	1	0	0	0	1	0	0	1
1	0	0	0	1	1	1	0	0	0	0	0	1	1	0	0	0	0	0	1
0	0	1	1	0	0	0	1	1	0	1	0	0	1	0	1	0	1	0	0
1	1	1	1	0	0	1	1	0	1	0	1	0	0	0	0	1	0	0	1
0	1	1	1	0	1	0	0	1	0	0	0	1	1	0	0	0	0	0	0
1	1	1	0	1	1	0	0	1	0	0	0	1	1	1	0	1	0	0	1
1	0	0	0	1	0	1	1	0	0	0	0	1	0	0	0	1	0	1	1
1	0	0	0	0	1	0	0	0	0	0	0	1	0	0	0	0	0	0	0
1	0	1	0	1	0	0	0	0	0	0	0	1	1	0	0	1	0	0	0
0	0	0	0	0	1	0	0	0	0	0	0	1	1	0	0	0	0	0	0
1	0	1	1	0	0	1	1	1	1	1	1	0	1	0	0	1	0	0	1
1	1	0	1	1	0	1	1	0	0	1	1	1	1	0	0	1	0	0	1
0	0	0	0	0	0	0	1	0	0	0	0	0	0	0	0	1	0	0	0
0	0	0	0	1	0	0	0	0	0	0	0	0	0	0	0	1	0	0	0
1	1	1	0	0	1	0	1	1	0	1	0	1	1	1	1	0	0	0	1
0	0	0	0	1	0	0	0	0	0	0	0	0	0	0	0	0	0	0	0
0	1	0	0	0	0	0	0	1	0	0	0	0	0	0	0	0	0	0	0
1	0	1	1	0	1	0	1	1	0	0	0	1	1	0	0	1	0	0	0
DIFF_EDGE
0 0
CHROM_NUMBER
10
EOF
