TYPE : graph_{count}
DIMENSION: 21
EDGE_DATA_FORMAT: EDGE_LIST
EDGE_WEIGHT_TYPE: EXPLICIT
EDGE_WEIGHT_FORMAT: FULL_MATRIX
EDGE_DATA_SECTION
0 1
0 2
0 3
0 6
0 7
0 8
0 11
0 17
0 19
0 20
1 2
1 3
1 5
1 6
1 9
2 10
2 12
2 15
2 17
2 19
3 4
3 5
3 6
3 7
3 8
3 9
3 11
3 17
3 19
3 20
4 5
4 7
4 8
4 10
4 11
4 12
4 19
4 20
6 7
6 10
6 11
6 17
6 19
6 20
7 8
7 10
7 11
7 13
7 16
7 17
7 20
8 9
8 10
8 14
8 15
8 20
9 10
9 17
9 19
9 20
10 11
10 17
10 18
11 14
11 17
11 19
11 20
12 17
12 19
12 20
13 17
14 17
14 19
15 19
16 19
17 19
17 20
18 20
19 20
-1
EDGE_WEIGHT_SECTION
0	1	1	1	0	0	1	1	1	0	0	1	0	0	0	0	0	1	0	1	1
1	0	1	1	0	1	1	0	0	1	0	0	0	0	0	0	0	0	0	0	0
1	1	0	0	0	0	0	0	0	0	1	0	1	0	0	1	0	1	0	1	0
1	1	0	0	1	1	1	1	1	1	0	1	0	0	0	0	0	1	0	1	1
0	0	0	1	0	1	0	1	1	0	1	1	1	0	0	0	0	0	0	1	1
0	1	0	1	1	0	0	0	0	0	0	0	0	0	0	0	0	0	0	0	0
1	1	0	1	0	0	0	1	0	0	1	1	0	0	0	0	0	1	0	1	1
1	0	0	1	1	0	1	0	1	0	1	1	0	1	0	0	1	1	0	0	1
1	0	0	1	1	0	0	1	0	1	1	0	0	0	1	1	0	0	0	0	1
0	1	0	1	0	0	0	0	1	0	1	0	0	0	0	0	0	1	0	1	1
0	0	1	0	1	0	1	1	1	1	0	1	0	0	0	0	0	1	1	0	0
1	0	0	1	1	0	1	1	0	0	1	1	0	0	1	0	0	1	0	1	1
0	0	1	0	1	0	0	0	0	0	0	0	0	0	0	0	0	1	0	1	1
0	0	0	0	0	0	0	1	0	0	0	0	0	0	0	0	0	1	0	0	0
0	0	0	0	0	0	0	0	1	0	0	1	0	0	0	0	0	1	0	1	0
0	0	1	0	0	0	0	0	1	0	0	0	0	0	0	0	0	0	0	1	0
0	0	0	0	0	0	0	1	0	0	0	0	0	0	0	0	0	0	0	1	0
1	0	1	1	0	0	1	1	0	1	1	1	1	1	1	0	0	1	0	1	1
0	0	0	0	0	0	0	0	0	0	1	0	0	0	0	0	0	0	0	0	1
1	0	1	1	1	0	1	0	0	1	0	1	1	0	1	1	1	1	0	1	1
1	0	0	1	1	0	1	1	1	1	0	1	1	0	0	0	0	1	1	1	1
DIFF_EDGE
0 0
CHROM_NUMBER
10
EOF
