TYPE : graph_{count}
DIMENSION: 16
EDGE_DATA_FORMAT: EDGE_LIST
EDGE_WEIGHT_TYPE: EXPLICIT
EDGE_WEIGHT_FORMAT: FULL_MATRIX
EDGE_DATA_SECTION
0 1
0 2
0 3
0 4
0 8
0 9
0 11
0 13
0 14
1 3
1 8
1 10
1 11
1 12
1 13
2 4
2 5
2 6
2 9
2 10
2 11
3 4
3 6
3 10
3 11
3 13
4 6
4 7
4 10
4 11
4 12
4 13
5 7
5 8
5 10
5 11
6 8
6 11
7 8
7 10
7 11
8 10
8 13
10 13
10 15
11 13
-1
EDGE_WEIGHT_SECTION
0	1	1	1	1	0	0	0	1	1	0	1	0	1	1	0
1	0	0	1	0	0	0	0	1	0	1	1	1	1	0	0
1	0	0	0	1	1	1	0	0	1	1	1	0	0	0	0
1	1	0	0	1	0	1	0	0	0	1	1	0	1	0	0
1	0	1	1	0	0	1	1	0	0	1	1	1	1	0	0
0	0	1	0	0	0	0	1	1	0	1	1	0	0	0	0
0	0	1	1	1	0	0	0	1	0	0	1	0	0	0	0
0	0	0	0	1	1	0	0	1	0	1	1	0	0	0	0
1	1	0	0	0	1	1	1	0	0	1	0	0	1	0	0
1	0	1	0	0	0	0	0	0	0	0	0	0	0	0	0
0	1	1	1	1	1	0	1	1	0	0	0	0	1	0	1
1	1	1	1	1	1	1	1	0	0	0	0	0	1	0	0
0	1	0	0	1	0	0	0	0	0	0	0	0	0	0	0
1	1	0	1	1	0	0	0	1	0	1	1	0	0	0	0
1	0	0	0	0	0	0	0	0	0	0	0	0	0	0	0
0	0	0	0	0	0	0	0	0	0	1	0	0	0	0	0
DIFF_EDGE
0 0
CHROM_NUMBER
8
EOF
