TYPE : graph_{count}
DIMENSION: 17
EDGE_DATA_FORMAT: EDGE_LIST
EDGE_WEIGHT_TYPE: EXPLICIT
EDGE_WEIGHT_FORMAT: FULL_MATRIX
EDGE_DATA_SECTION
0 3
0 5
0 7
0 8
0 10
0 11
0 12
0 13
1 2
1 4
1 5
1 12
2 7
2 8
2 9
2 10
2 12
3 4
3 5
3 7
3 12
4 5
4 8
4 9
4 13
5 9
5 10
5 12
5 13
6 8
6 9
6 12
7 8
7 10
7 12
7 14
8 12
8 13
9 11
9 12
9 13
9 15
9 16
10 12
10 15
12 13
13 14
-1
EDGE_WEIGHT_SECTION
0	0	0	1	0	1	0	1	1	0	1	1	1	1	0	0	0
0	0	1	0	1	1	0	0	0	0	0	0	1	0	0	0	0
0	1	0	0	0	0	0	1	1	1	1	0	1	0	0	0	0
1	0	0	0	1	1	0	1	0	0	0	0	1	0	0	0	0
0	1	0	1	0	1	0	0	1	1	0	0	0	1	0	0	0
1	1	0	1	1	0	0	0	0	1	1	0	1	1	0	0	0
0	0	0	0	0	0	0	0	1	1	0	0	1	0	0	0	0
1	0	1	1	0	0	0	0	1	0	1	0	1	0	1	0	0
1	0	1	0	1	0	1	1	0	0	0	0	1	1	0	0	0
0	0	1	0	1	1	1	0	0	0	0	1	1	1	0	1	1
1	0	1	0	0	1	0	1	0	0	0	0	1	0	0	1	0
1	0	0	0	0	0	0	0	0	1	0	0	0	0	0	0	0
1	1	1	1	0	1	1	1	1	1	1	0	0	1	0	0	0
1	0	0	0	1	1	0	0	1	1	0	0	1	1	1	0	0
0	0	0	0	0	0	0	1	0	0	0	0	0	1	0	0	0
0	0	0	0	0	0	0	0	0	1	1	0	0	0	0	0	0
0	0	0	0	0	0	0	0	0	1	0	0	0	0	0	0	0
DIFF_EDGE
0 0
CHROM_NUMBER
8
EOF
