TYPE : graph_{count}
DIMENSION: 18
EDGE_DATA_FORMAT: EDGE_LIST
EDGE_WEIGHT_TYPE: EXPLICIT
EDGE_WEIGHT_FORMAT: FULL_MATRIX
EDGE_DATA_SECTION
0 1
0 3
0 4
0 6
0 9
0 10
0 11
0 13
0 16
0 17
1 3
1 6
1 8
1 10
1 11
1 16
2 3
2 8
2 9
2 10
2 11
2 16
2 17
3 8
3 9
3 10
3 11
3 16
4 5
4 6
5 7
5 8
5 10
6 10
6 16
7 8
7 9
8 9
8 10
8 15
9 10
9 11
9 12
10 11
10 16
11 16
12 16
13 16
14 15
14 16
-1
EDGE_WEIGHT_SECTION
0	1	0	1	1	0	1	0	0	1	1	1	0	1	0	0	1	1
1	0	0	1	0	0	1	0	1	0	1	1	0	0	0	0	1	0
0	0	0	1	0	0	0	0	1	1	1	1	0	0	0	0	1	1
1	1	1	0	0	0	0	0	1	1	1	1	0	0	0	0	1	0
1	0	0	0	0	1	1	0	0	0	0	0	0	0	0	0	0	0
0	0	0	0	1	0	0	1	1	0	1	0	0	0	0	0	0	0
1	1	0	0	1	0	0	0	0	0	1	0	0	0	0	0	1	0
0	0	0	0	0	1	0	0	1	1	0	0	0	0	0	0	0	0
0	1	1	1	0	1	0	1	0	1	1	0	0	0	0	1	0	0
1	0	1	1	0	0	0	1	1	0	1	1	1	0	0	0	0	0
1	1	1	1	0	1	1	0	1	1	0	1	0	0	0	0	1	0
1	1	1	1	0	0	0	0	0	1	1	1	0	0	0	0	1	0
0	0	0	0	0	0	0	0	0	1	0	0	0	0	0	0	1	0
1	0	0	0	0	0	0	0	0	0	0	0	0	0	0	0	1	0
0	0	0	0	0	0	0	0	0	0	0	0	0	0	0	1	1	0
0	0	0	0	0	0	0	0	1	0	0	0	0	0	1	0	0	0
1	1	1	1	0	0	1	0	0	0	1	1	1	1	1	0	0	0
1	0	1	0	0	0	0	0	0	0	0	0	0	0	0	0	0	0
DIFF_EDGE
0 0
CHROM_NUMBER
8
EOF
