TYPE : graph_{count}
DIMENSION: 14
EDGE_DATA_FORMAT: EDGE_LIST
EDGE_WEIGHT_TYPE: EXPLICIT
EDGE_WEIGHT_FORMAT: FULL_MATRIX
EDGE_DATA_SECTION
0 3
0 5
0 6
0 8
0 9
0 10
0 11
0 12
0 13
1 3
1 4
1 5
1 6
1 9
1 13
2 4
2 6
2 11
3 7
3 8
3 9
3 10
3 11
3 12
4 5
4 8
4 9
4 10
4 11
4 13
5 8
5 9
5 12
8 9
8 10
8 11
8 12
8 13
9 10
9 11
9 12
9 13
10 11
10 12
10 13
11 12
11 13
12 13
-1
EDGE_WEIGHT_SECTION
0	0	0	1	0	1	1	0	1	1	1	1	1	1
0	0	0	1	1	1	1	0	0	1	0	0	0	1
0	0	0	0	1	0	1	0	0	0	0	1	0	0
1	1	0	0	0	0	0	1	1	1	1	1	1	0
0	1	1	0	0	1	0	0	1	1	1	1	0	1
1	1	0	0	1	0	0	0	1	1	0	0	1	0
1	1	1	0	0	0	0	0	0	0	0	0	0	0
0	0	0	1	0	0	0	0	0	0	0	0	0	0
1	0	0	1	1	1	0	0	0	1	1	1	1	1
1	1	0	1	1	1	0	0	1	0	1	1	1	1
1	0	0	1	1	0	0	0	1	1	0	1	1	1
1	0	1	1	1	0	0	0	1	1	1	1	1	1
1	0	0	1	0	1	0	0	1	1	1	1	0	1
1	1	0	0	1	0	0	0	1	1	1	1	1	0
DIFF_EDGE
0 0
CHROM_NUMBER
9
EOF
