TYPE : graph_{count}
DIMENSION: 21
EDGE_DATA_FORMAT: EDGE_LIST
EDGE_WEIGHT_TYPE: EXPLICIT
EDGE_WEIGHT_FORMAT: FULL_MATRIX
EDGE_DATA_SECTION
0 5
0 7
0 10
0 15
1 3
1 4
1 8
1 15
2 5
2 6
2 7
2 10
2 15
2 19
3 4
3 5
3 6
3 7
3 8
3 9
3 10
3 11
3 15
3 18
4 5
4 6
4 8
4 9
4 10
4 11
4 14
4 15
4 18
5 6
5 9
5 10
5 11
5 13
5 15
6 10
6 11
6 18
7 8
7 13
8 9
8 10
8 12
8 15
8 16
9 15
10 11
10 15
10 18
11 12
11 15
11 18
12 18
12 20
13 18
15 17
15 18
16 20
-1
EDGE_WEIGHT_SECTION
0	0	0	0	0	1	0	1	0	0	1	0	0	0	0	1	0	0	0	0	0
0	0	0	1	1	0	0	0	1	0	0	0	0	0	0	1	0	0	0	0	0
0	0	0	0	0	1	1	1	0	0	1	0	0	0	0	1	0	0	0	1	0
0	1	0	0	1	1	1	1	1	1	1	1	0	0	0	1	0	0	1	0	0
0	1	0	1	0	1	1	0	1	1	1	1	0	0	1	1	0	0	1	0	0
1	0	1	1	1	0	1	0	0	1	1	1	0	1	0	1	0	0	0	0	0
0	0	1	1	1	1	0	0	0	0	1	1	0	0	0	0	0	0	1	0	0
1	0	1	1	0	0	0	0	1	0	0	0	0	1	0	0	0	0	0	0	0
0	1	0	1	1	0	0	1	0	1	1	0	1	0	0	1	1	0	0	0	0
0	0	0	1	1	1	0	0	1	0	0	0	0	0	0	1	0	0	0	0	0
1	0	1	1	1	1	1	0	1	0	0	1	0	0	0	1	0	0	1	0	0
0	0	0	1	1	1	1	0	0	0	1	0	1	0	0	1	0	0	1	0	0
0	0	0	0	0	0	0	0	1	0	0	1	0	0	0	0	0	0	1	0	1
0	0	0	0	0	1	0	1	0	0	0	0	0	0	0	0	0	0	1	0	0
0	0	0	0	1	0	0	0	0	0	0	0	0	0	0	0	0	0	0	0	0
1	1	1	1	1	1	0	0	1	1	1	1	0	0	0	1	0	1	1	0	0
0	0	0	0	0	0	0	0	1	0	0	0	0	0	0	0	0	0	0	0	1
0	0	0	0	0	0	0	0	0	0	0	0	0	0	0	1	0	0	0	0	0
0	0	0	1	1	0	1	0	0	0	1	1	1	1	0	1	0	0	0	0	0
0	0	1	0	0	0	0	0	0	0	0	0	0	0	0	0	0	0	0	0	0
0	0	0	0	0	0	0	0	0	0	0	0	1	0	0	0	1	0	0	0	0
DIFF_EDGE
0 0
CHROM_NUMBER
9
EOF
