TYPE : graph_{count}
DIMENSION: 21
EDGE_DATA_FORMAT: EDGE_LIST
EDGE_WEIGHT_TYPE: EXPLICIT
EDGE_WEIGHT_FORMAT: FULL_MATRIX
EDGE_DATA_SECTION
0 2
0 3
0 4
0 7
0 8
0 9
0 14
0 15
1 3
1 4
1 7
1 9
1 10
1 11
1 13
1 14
1 20
2 3
2 5
2 6
2 8
3 4
3 9
3 10
3 13
3 14
3 16
3 17
3 18
3 20
4 5
4 8
4 10
4 13
4 20
5 6
5 7
5 10
5 13
5 20
6 7
6 9
6 10
6 14
6 15
6 18
6 20
7 9
7 12
7 14
8 10
9 13
9 14
9 15
9 19
9 20
10 13
10 14
10 15
10 19
10 20
11 15
11 20
12 13
12 20
13 14
13 15
13 20
14 15
14 20
15 16
15 20
16 20
17 20
-1
EDGE_WEIGHT_SECTION
0	0	1	1	1	0	0	1	1	1	0	0	0	0	1	1	0	0	0	0	0
0	0	0	1	1	0	0	1	0	1	1	1	0	1	1	0	0	0	0	0	1
1	0	0	1	0	1	1	0	1	0	0	0	0	0	0	0	0	0	0	0	0
1	1	1	0	1	0	0	0	0	1	1	0	0	1	1	0	1	1	1	0	1
1	1	0	1	0	1	0	0	1	0	1	0	0	1	0	0	0	0	0	0	1
0	0	1	0	1	0	1	1	0	0	1	0	0	1	0	0	0	0	0	0	1
0	0	1	0	0	1	0	1	0	1	1	0	0	0	1	1	0	0	1	0	1
1	1	0	0	0	1	1	0	0	1	0	0	1	0	1	0	0	0	0	0	0
1	0	1	0	1	0	0	0	0	0	1	0	0	0	0	0	0	0	0	0	0
1	1	0	1	0	0	1	1	0	0	0	0	0	1	1	1	0	0	0	1	1
0	1	0	1	1	1	1	0	1	0	0	0	0	1	1	1	0	0	0	1	1
0	1	0	0	0	0	0	0	0	0	0	0	0	0	0	1	0	0	0	0	1
0	0	0	0	0	0	0	1	0	0	0	0	0	1	0	0	0	0	0	0	1
0	1	0	1	1	1	0	0	0	1	1	0	1	0	1	1	0	0	0	0	1
1	1	0	1	0	0	1	1	0	1	1	0	0	1	0	1	0	0	0	0	1
1	0	0	0	0	0	1	0	0	1	1	1	0	1	1	0	1	0	0	0	1
0	0	0	1	0	0	0	0	0	0	0	0	0	0	0	1	0	0	0	0	1
0	0	0	1	0	0	0	0	0	0	0	0	0	0	0	0	0	0	0	0	1
0	0	0	1	0	0	1	0	0	0	0	0	0	0	0	0	0	0	0	0	0
0	0	0	0	0	0	0	0	0	1	1	0	0	0	0	0	0	0	0	0	0
0	1	0	1	1	1	1	0	0	1	1	1	1	1	1	1	1	1	0	0	0
DIFF_EDGE
0 0
CHROM_NUMBER
10
EOF
