TYPE : graph_{count}
DIMENSION: 18
EDGE_DATA_FORMAT: EDGE_LIST
EDGE_WEIGHT_TYPE: EXPLICIT
EDGE_WEIGHT_FORMAT: FULL_MATRIX
EDGE_DATA_SECTION
0 2
0 5
0 7
0 8
0 9
0 10
0 11
0 13
1 3
1 6
1 8
1 9
1 15
1 17
2 3
2 4
2 6
2 7
2 12
2 14
2 15
2 16
3 4
3 5
3 6
3 7
3 9
3 10
3 15
3 16
4 5
4 6
4 8
4 9
4 10
4 13
4 15
4 16
5 7
5 9
6 10
6 16
7 9
7 15
7 16
8 9
8 10
8 16
9 10
10 15
10 16
11 15
11 16
12 15
14 16
15 16
-1
EDGE_WEIGHT_SECTION
0	0	1	0	0	1	0	1	1	1	1	1	0	1	0	0	0	0
0	0	0	1	0	0	1	0	1	1	0	0	0	0	0	1	0	1
1	0	0	1	1	0	1	1	0	0	0	0	1	0	1	1	1	0
0	1	1	0	1	1	1	1	0	1	1	0	0	0	0	1	1	0
0	0	1	1	0	1	1	0	1	1	1	0	0	1	0	1	1	0
1	0	0	1	1	0	0	1	0	1	0	0	0	0	0	0	0	0
0	1	1	1	1	0	0	0	0	0	1	0	0	0	0	0	1	0
1	0	1	1	0	1	0	0	0	1	0	0	0	0	0	1	1	0
1	1	0	0	1	0	0	0	0	1	1	0	0	0	0	0	1	0
1	1	0	1	1	1	0	1	1	0	1	0	0	0	0	0	0	0
1	0	0	1	1	0	1	0	1	1	0	0	0	0	0	1	1	0
1	0	0	0	0	0	0	0	0	0	0	0	0	0	0	1	1	0
0	0	1	0	0	0	0	0	0	0	0	0	0	0	0	1	0	0
1	0	0	0	1	0	0	0	0	0	0	0	0	0	0	0	0	0
0	0	1	0	0	0	0	0	0	0	0	0	0	0	0	0	1	0
0	1	1	1	1	0	0	1	0	0	1	1	1	0	0	0	1	0
0	0	1	1	1	0	1	1	1	0	1	1	0	0	1	1	0	0
0	1	0	0	0	0	0	0	0	0	0	0	0	0	0	0	0	0
DIFF_EDGE
0 0
CHROM_NUMBER
9
EOF
