TYPE : graph_{count}
DIMENSION: 17
EDGE_DATA_FORMAT: EDGE_LIST
EDGE_WEIGHT_TYPE: EXPLICIT
EDGE_WEIGHT_FORMAT: FULL_MATRIX
EDGE_DATA_SECTION
0 2
0 6
0 7
0 8
0 10
0 13
1 2
1 5
1 6
1 7
1 9
1 10
1 11
1 13
2 10
3 5
3 9
3 10
3 13
4 5
4 8
4 9
4 11
4 13
4 15
5 10
5 11
6 7
6 9
6 10
6 11
6 13
6 15
6 16
7 9
8 11
9 10
9 11
9 13
10 11
10 12
11 13
12 13
13 14
-1
EDGE_WEIGHT_SECTION
0	0	1	0	0	0	1	1	1	0	1	0	0	1	0	0	0
0	0	1	0	0	1	1	1	0	1	1	1	0	1	0	0	0
1	1	0	0	0	0	0	0	0	0	1	0	0	0	0	0	0
0	0	0	0	0	1	0	0	0	1	1	0	0	1	0	0	0
0	0	0	0	0	1	0	0	1	1	0	1	0	1	0	1	0
0	1	0	1	1	0	0	0	0	0	1	1	0	0	0	0	0
1	1	0	0	0	0	0	1	0	1	1	1	0	1	0	1	1
1	1	0	0	0	0	1	0	0	1	0	0	0	0	0	0	0
1	0	0	0	1	0	0	0	0	0	0	1	0	0	0	0	0
0	1	0	1	1	0	1	1	0	0	1	1	0	1	0	0	0
1	1	1	1	0	1	1	0	0	1	0	1	1	0	0	0	0
0	1	0	0	1	1	1	0	1	1	1	0	0	1	0	0	0
0	0	0	0	0	0	0	0	0	0	1	0	0	1	0	0	0
1	1	0	1	1	0	1	0	0	1	0	1	1	1	1	0	0
0	0	0	0	0	0	0	0	0	0	0	0	0	1	0	0	0
0	0	0	0	1	0	1	0	0	0	0	0	0	0	0	0	0
0	0	0	0	0	0	1	0	0	0	0	0	0	0	0	0	0
DIFF_EDGE
0 0
CHROM_NUMBER
8
EOF
