TYPE : graph_{count}
DIMENSION: 18
EDGE_DATA_FORMAT: EDGE_LIST
EDGE_WEIGHT_TYPE: EXPLICIT
EDGE_WEIGHT_FORMAT: FULL_MATRIX
EDGE_DATA_SECTION
0 1
0 2
0 5
0 7
0 8
0 12
0 16
1 2
1 4
1 5
1 12
1 17
2 3
2 4
2 9
2 10
2 12
3 5
3 6
3 7
3 8
3 9
3 10
3 11
3 12
3 17
4 5
4 6
4 10
4 11
4 12
4 16
5 6
5 10
5 12
5 17
6 8
6 9
6 12
6 13
7 12
7 14
7 17
8 9
8 10
8 12
8 14
8 17
9 10
9 17
10 12
10 13
10 15
10 17
12 17
13 17
14 17
16 17
-1
EDGE_WEIGHT_SECTION
0	1	1	0	0	1	0	1	1	0	0	0	1	0	0	0	1	0
1	0	1	0	1	1	0	0	0	0	0	0	1	0	0	0	0	1
1	1	0	1	1	0	0	0	0	1	1	0	1	0	0	0	0	0
0	0	1	0	0	1	1	1	1	1	1	1	1	0	0	0	0	1
0	1	1	0	0	1	1	0	0	0	1	1	1	0	0	0	1	0
1	1	0	1	1	0	1	0	0	0	1	0	1	0	0	0	0	1
0	0	0	1	1	1	0	0	1	1	0	0	1	1	0	0	0	0
1	0	0	1	0	0	0	0	0	0	0	0	1	0	1	0	0	1
1	0	0	1	0	0	1	0	0	1	1	0	1	0	1	0	0	1
0	0	1	1	0	0	1	0	1	0	1	0	0	0	0	0	0	1
0	0	1	1	1	1	0	0	1	1	0	0	1	1	0	1	0	1
0	0	0	1	1	0	0	0	0	0	0	0	0	0	0	0	0	0
1	1	1	1	1	1	1	1	1	0	1	0	0	0	0	0	0	1
0	0	0	0	0	0	1	0	0	0	1	0	0	0	0	0	0	1
0	0	0	0	0	0	0	1	1	0	0	0	0	0	0	0	0	1
0	0	0	0	0	0	0	0	0	0	1	0	0	0	0	0	0	0
1	0	0	0	1	0	0	0	0	0	0	0	0	0	0	0	0	1
0	1	0	1	0	1	0	1	1	1	1	0	1	1	1	0	1	1
DIFF_EDGE
0 0
CHROM_NUMBER
9
EOF
