TYPE : graph_{count}
DIMENSION: 19
EDGE_DATA_FORMAT: EDGE_LIST
EDGE_WEIGHT_TYPE: EXPLICIT
EDGE_WEIGHT_FORMAT: FULL_MATRIX
EDGE_DATA_SECTION
0 1
0 2
0 3
0 5
0 8
0 9
0 10
0 11
0 13
1 3
1 4
1 6
1 8
2 3
2 4
2 7
2 9
2 10
2 12
2 13
3 4
3 6
3 9
3 13
4 6
5 6
6 7
6 8
6 11
6 14
7 8
7 9
8 9
8 10
8 13
8 18
9 10
9 11
9 13
9 16
10 11
10 13
10 14
11 12
11 13
11 15
11 18
12 13
16 17
-1
EDGE_WEIGHT_SECTION
0	1	1	1	0	1	0	0	1	1	1	1	0	1	0	0	0	0	0
1	0	0	1	1	0	1	0	1	0	0	0	0	0	0	0	0	0	0
1	0	0	1	1	0	0	1	0	1	1	0	1	1	0	0	0	0	0
1	1	1	0	1	0	1	0	0	1	0	0	0	1	0	0	0	0	0
0	1	1	1	0	0	1	0	0	0	0	0	0	0	0	0	0	0	0
1	0	0	0	0	0	1	0	0	0	0	0	0	0	0	0	0	0	0
0	1	0	1	1	1	0	1	1	0	0	1	0	0	1	0	0	0	0
0	0	1	0	0	0	1	0	1	1	0	0	0	0	0	0	0	0	0
1	1	0	0	0	0	1	1	0	1	1	0	0	1	0	0	0	0	1
1	0	1	1	0	0	0	1	1	0	1	1	0	1	0	0	1	0	0
1	0	1	0	0	0	0	0	1	1	0	1	0	1	1	0	0	0	0
1	0	0	0	0	0	1	0	0	1	1	0	1	1	0	1	0	0	1
0	0	1	0	0	0	0	0	0	0	0	1	0	1	0	0	0	0	0
1	0	1	1	0	0	0	0	1	1	1	1	1	1	0	0	0	0	0
0	0	0	0	0	0	1	0	0	0	1	0	0	0	0	0	0	0	0
0	0	0	0	0	0	0	0	0	0	0	1	0	0	0	0	0	0	0
0	0	0	0	0	0	0	0	0	1	0	0	0	0	0	0	0	1	0
0	0	0	0	0	0	0	0	0	0	0	0	0	0	0	0	1	0	0
0	0	0	0	0	0	0	0	1	0	0	1	0	0	0	0	0	0	0
DIFF_EDGE
0 0
CHROM_NUMBER
8
EOF
