TYPE : graph_{count}
DIMENSION: 21
EDGE_DATA_FORMAT: EDGE_LIST
EDGE_WEIGHT_TYPE: EXPLICIT
EDGE_WEIGHT_FORMAT: FULL_MATRIX
EDGE_DATA_SECTION
0 1
0 2
0 3
0 4
0 5
0 8
0 9
0 13
0 20
1 4
1 6
2 5
2 7
2 9
2 18
3 6
3 11
4 10
4 20
5 9
5 15
5 20
6 7
6 9
6 10
6 19
6 20
8 12
8 16
9 10
9 16
10 13
10 14
11 14
12 19
13 17
13 20
16 20
17 20
18 20
-1
EDGE_WEIGHT_SECTION
0	1	1	1	1	1	0	0	1	1	0	0	0	1	0	0	0	0	0	0	1
1	0	0	0	1	0	1	0	0	0	0	0	0	0	0	0	0	0	0	0	0
1	0	0	0	0	1	0	1	0	1	0	0	0	0	0	0	0	0	1	0	0
1	0	0	0	0	0	1	0	0	0	0	1	0	0	0	0	0	0	0	0	0
1	1	0	0	0	0	0	0	0	0	1	0	0	0	0	0	0	0	0	0	1
1	0	1	0	0	0	0	0	0	1	0	0	0	0	0	1	0	0	0	0	1
0	1	0	1	0	0	0	1	0	1	1	0	0	0	0	0	0	0	0	1	1
0	0	1	0	0	0	1	0	0	0	0	0	0	0	0	0	0	0	0	0	0
1	0	0	0	0	0	0	0	0	0	0	0	1	0	0	0	1	0	0	0	0
1	0	1	0	0	1	1	0	0	0	1	0	0	0	0	0	1	0	0	0	0
0	0	0	0	1	0	1	0	0	1	0	0	0	1	1	0	0	0	0	0	0
0	0	0	1	0	0	0	0	0	0	0	0	0	0	1	0	0	0	0	0	0
0	0	0	0	0	0	0	0	1	0	0	0	0	0	0	0	0	0	0	1	0
1	0	0	0	0	0	0	0	0	0	1	0	0	0	0	0	0	1	0	0	1
0	0	0	0	0	0	0	0	0	0	1	1	0	0	0	0	0	0	0	0	0
0	0	0	0	0	1	0	0	0	0	0	0	0	0	0	0	0	0	0	0	0
0	0	0	0	0	0	0	0	1	1	0	0	0	0	0	0	0	0	0	0	1
0	0	0	0	0	0	0	0	0	0	0	0	0	1	0	0	0	0	0	0	1
0	0	1	0	0	0	0	0	0	0	0	0	0	0	0	0	0	0	0	0	1
0	0	0	0	0	0	1	0	0	0	0	0	1	0	0	0	0	0	0	0	0
1	0	0	0	1	1	1	0	0	0	0	0	0	1	0	0	1	1	1	0	0
DIFF_EDGE
0 0
CHROM_NUMBER
5
EOF
