TYPE : graph_{count}
DIMENSION: 18
EDGE_DATA_FORMAT: EDGE_LIST
EDGE_WEIGHT_TYPE: EXPLICIT
EDGE_WEIGHT_FORMAT: FULL_MATRIX
EDGE_DATA_SECTION
0 1
0 2
0 3
0 8
0 9
0 10
0 12
0 16
1 2
1 5
1 8
2 3
2 4
2 5
2 7
2 12
2 14
2 15
3 4
3 8
3 12
4 6
4 7
4 9
4 10
4 17
5 6
5 7
5 10
5 12
6 7
6 9
6 12
6 13
6 15
7 9
7 12
7 15
8 9
8 11
8 12
8 14
9 10
9 12
10 15
11 12
11 15
12 15
15 16
15 17
-1
EDGE_WEIGHT_SECTION
0	1	1	1	0	0	0	0	1	1	1	0	1	0	0	0	1	0
1	0	1	0	0	1	0	0	1	0	0	0	0	0	0	0	0	0
1	1	0	1	1	1	0	1	0	0	0	0	1	0	1	1	0	0
1	0	1	0	1	0	0	0	1	0	0	0	1	0	0	0	0	0
0	0	1	1	0	0	1	1	0	1	1	0	0	0	0	0	0	1
0	1	1	0	0	0	1	1	0	0	1	0	1	0	0	0	0	0
0	0	0	0	1	1	0	1	0	1	0	0	1	1	0	1	0	0
0	0	1	0	1	1	1	0	0	1	0	0	1	0	0	1	0	0
1	1	0	1	0	0	0	0	0	1	0	1	1	0	1	0	0	0
1	0	0	0	1	0	1	1	1	0	1	0	1	0	0	0	0	0
1	0	0	0	1	1	0	0	0	1	0	0	0	0	0	1	0	0
0	0	0	0	0	0	0	0	1	0	0	0	1	0	0	1	0	0
1	0	1	1	0	1	1	1	1	1	0	1	1	0	0	1	0	0
0	0	0	0	0	0	1	0	0	0	0	0	0	0	0	0	0	0
0	0	1	0	0	0	0	0	1	0	0	0	0	0	0	0	0	0
0	0	1	0	0	0	1	1	0	0	1	1	1	0	0	0	1	1
1	0	0	0	0	0	0	0	0	0	0	0	0	0	0	1	0	0
0	0	0	0	1	0	0	0	0	0	0	0	0	0	0	1	0	0
DIFF_EDGE
0 0
CHROM_NUMBER
8
EOF
