TYPE : graph_{count}
DIMENSION: 21
EDGE_DATA_FORMAT: EDGE_LIST
EDGE_WEIGHT_TYPE: EXPLICIT
EDGE_WEIGHT_FORMAT: FULL_MATRIX
EDGE_DATA_SECTION
0 1
0 3
0 5
0 6
0 11
0 17
1 2
1 7
1 8
1 14
2 3
2 5
2 9
2 12
3 7
4 5
4 9
4 10
5 9
5 20
6 10
6 19
7 8
7 10
7 17
8 9
8 13
8 20
9 10
10 13
11 15
12 16
12 17
12 19
13 17
14 17
14 18
-1
EDGE_WEIGHT_SECTION
0	1	0	1	0	1	1	0	0	0	0	1	0	0	0	0	0	1	0	0	0
1	0	1	0	0	0	0	1	1	0	0	0	0	0	1	0	0	0	0	0	0
0	1	0	1	0	1	0	0	0	1	0	0	1	0	0	0	0	0	0	0	0
1	0	1	0	0	0	0	1	0	0	0	0	0	0	0	0	0	0	0	0	0
0	0	0	0	0	1	0	0	0	1	1	0	0	0	0	0	0	0	0	0	0
1	0	1	0	1	0	0	0	0	1	0	0	0	0	0	0	0	0	0	0	1
1	0	0	0	0	0	0	0	0	0	1	0	0	0	0	0	0	0	0	1	0
0	1	0	1	0	0	0	0	1	0	1	0	0	0	0	0	0	1	0	0	0
0	1	0	0	0	0	0	1	0	1	0	0	0	1	0	0	0	0	0	0	1
0	0	1	0	1	1	0	0	1	0	1	0	0	0	0	0	0	0	0	0	0
0	0	0	0	1	0	1	1	0	1	0	0	0	1	0	0	0	0	0	0	0
1	0	0	0	0	0	0	0	0	0	0	0	0	0	0	1	0	0	0	0	0
0	0	1	0	0	0	0	0	0	0	0	0	0	0	0	0	1	1	0	1	0
0	0	0	0	0	0	0	0	1	0	1	0	0	0	0	0	0	1	0	0	0
0	1	0	0	0	0	0	0	0	0	0	0	0	0	0	0	0	1	1	0	0
0	0	0	0	0	0	0	0	0	0	0	1	0	0	0	0	0	0	0	0	0
0	0	0	0	0	0	0	0	0	0	0	0	1	0	0	0	0	0	0	0	0
1	0	0	0	0	0	0	1	0	0	0	0	1	1	1	0	0	0	0	0	0
0	0	0	0	0	0	0	0	0	0	0	0	0	0	1	0	0	0	0	0	0
0	0	0	0	0	0	1	0	0	0	0	0	1	0	0	0	0	0	0	0	0
0	0	0	0	0	1	0	0	1	0	0	0	0	0	0	0	0	0	0	0	0
DIFF_EDGE
0 0
CHROM_NUMBER
6
EOF
