TYPE : graph_{count}
DIMENSION: 19
EDGE_DATA_FORMAT: EDGE_LIST
EDGE_WEIGHT_TYPE: EXPLICIT
EDGE_WEIGHT_FORMAT: FULL_MATRIX
EDGE_DATA_SECTION
0 3
0 4
0 6
0 7
0 8
0 11
0 14
0 15
1 4
1 5
1 9
2 3
2 4
2 12
2 16
3 4
3 5
3 6
3 8
3 9
3 13
3 15
4 5
4 7
4 8
4 10
4 14
4 15
5 11
5 14
5 17
6 8
7 10
7 14
8 14
9 14
12 15
12 17
13 14
13 18
14 15
14 16
-1
EDGE_WEIGHT_SECTION
0	0	0	1	1	0	1	1	1	0	0	1	0	0	1	1	0	0	0
0	0	0	0	1	1	0	0	0	1	0	0	0	0	0	0	0	0	0
0	0	0	1	1	0	0	0	0	0	0	0	1	0	0	0	1	0	0
1	0	1	0	1	1	1	0	1	1	0	0	0	1	0	1	0	0	0
1	1	1	1	0	1	0	1	1	0	1	0	0	0	1	1	0	0	0
0	1	0	1	1	0	0	0	0	0	0	1	0	0	1	0	0	1	0
1	0	0	1	0	0	0	0	1	0	0	0	0	0	0	0	0	0	0
1	0	0	0	1	0	0	0	0	0	1	0	0	0	1	0	0	0	0
1	0	0	1	1	0	1	0	0	0	0	0	0	0	1	0	0	0	0
0	1	0	1	0	0	0	0	0	0	0	0	0	0	1	0	0	0	0
0	0	0	0	1	0	0	1	0	0	0	0	0	0	0	0	0	0	0
1	0	0	0	0	1	0	0	0	0	0	0	0	0	0	0	0	0	0
0	0	1	0	0	0	0	0	0	0	0	0	0	0	0	1	0	1	0
0	0	0	1	0	0	0	0	0	0	0	0	0	0	1	0	0	0	1
1	0	0	0	1	1	0	1	1	1	0	0	0	1	0	1	1	0	0
1	0	0	1	1	0	0	0	0	0	0	0	1	0	1	0	0	0	0
0	0	1	0	0	0	0	0	0	0	0	0	0	0	1	0	0	0	0
0	0	0	0	0	1	0	0	0	0	0	0	1	0	0	0	0	0	0
0	0	0	0	0	0	0	0	0	0	0	0	0	1	0	0	0	0	0
DIFF_EDGE
0 0
CHROM_NUMBER
6
EOF
