TYPE : graph_{count}
DIMENSION: 20
EDGE_DATA_FORMAT: EDGE_LIST
EDGE_WEIGHT_TYPE: EXPLICIT
EDGE_WEIGHT_FORMAT: FULL_MATRIX
EDGE_DATA_SECTION
0 1
0 4
0 5
0 6
0 8
1 2
1 5
1 6
1 9
2 4
2 7
2 10
2 11
2 15
2 17
2 19
3 5
3 8
4 6
4 12
4 15
5 7
5 9
5 10
5 12
5 15
5 17
6 7
6 8
6 10
6 11
6 13
6 15
6 17
6 18
7 8
8 10
8 15
8 17
8 19
9 15
10 15
10 16
11 15
12 15
13 14
14 15
15 17
16 17
-1
EDGE_WEIGHT_SECTION
0	1	0	0	1	1	1	0	1	0	0	0	0	0	0	0	0	0	0	0
1	0	1	0	0	1	1	0	0	1	0	0	0	0	0	0	0	0	0	0
0	1	0	0	1	0	0	1	0	0	1	1	0	0	0	1	0	1	0	1
0	0	0	0	0	1	0	0	1	0	0	0	0	0	0	0	0	0	0	0
1	0	1	0	0	0	1	0	0	0	0	0	1	0	0	1	0	0	0	0
1	1	0	1	0	0	0	1	0	1	1	0	1	0	0	1	0	1	0	0
1	1	0	0	1	0	0	1	1	0	1	1	0	1	0	1	0	1	1	0
0	0	1	0	0	1	1	0	1	0	0	0	0	0	0	0	0	0	0	0
1	0	0	1	0	0	1	1	0	0	1	0	0	0	0	1	0	1	0	1
0	1	0	0	0	1	0	0	0	0	0	0	0	0	0	1	0	0	0	0
0	0	1	0	0	1	1	0	1	0	0	0	0	0	0	1	1	0	0	0
0	0	1	0	0	0	1	0	0	0	0	0	0	0	0	1	0	0	0	0
0	0	0	0	1	1	0	0	0	0	0	0	0	0	0	1	0	0	0	0
0	0	0	0	0	0	1	0	0	0	0	0	0	0	1	0	0	0	0	0
0	0	0	0	0	0	0	0	0	0	0	0	0	1	0	1	0	0	0	0
0	0	1	0	1	1	1	0	1	1	1	1	1	0	1	0	0	1	0	0
0	0	0	0	0	0	0	0	0	0	1	0	0	0	0	0	0	1	0	0
0	0	1	0	0	1	1	0	1	0	0	0	0	0	0	1	1	0	0	0
0	0	0	0	0	0	1	0	0	0	0	0	0	0	0	0	0	0	0	0
0	0	1	0	0	0	0	0	1	0	0	0	0	0	0	0	0	0	0	0
DIFF_EDGE
0 0
CHROM_NUMBER
7
EOF
