TYPE : graph_{count}
DIMENSION: 21
EDGE_DATA_FORMAT: EDGE_LIST
EDGE_WEIGHT_TYPE: EXPLICIT
EDGE_WEIGHT_FORMAT: FULL_MATRIX
EDGE_DATA_SECTION
0 1
0 4
0 6
0 7
0 12
0 13
0 20
1 2
1 5
1 7
1 8
1 11
1 12
1 13
1 14
1 16
1 19
2 3
2 5
2 6
2 8
2 11
2 12
2 13
2 16
2 20
3 5
3 7
3 8
3 9
3 10
3 11
3 13
3 16
3 20
4 5
4 6
4 9
4 11
4 20
5 6
5 9
5 11
5 12
5 13
5 15
5 16
5 20
6 8
6 9
6 10
6 11
6 16
6 20
7 10
7 11
7 12
7 17
8 11
8 12
8 13
8 15
8 16
8 20
9 14
9 20
10 13
10 20
11 12
11 13
11 16
11 20
12 13
12 16
12 20
13 16
13 20
14 20
15 20
16 20
18 19
-1
EDGE_WEIGHT_SECTION
0	1	0	0	1	0	1	1	0	0	0	0	1	1	0	0	0	0	0	0	1
1	0	1	0	0	1	0	1	1	0	0	1	1	1	1	0	1	0	0	1	0
0	1	0	1	0	1	1	0	1	0	0	1	1	1	0	0	1	0	0	0	1
0	0	1	0	0	1	0	1	1	1	1	1	0	1	0	0	1	0	0	0	1
1	0	0	0	0	1	1	0	0	1	0	1	0	0	0	0	0	0	0	0	1
0	1	1	1	1	0	1	0	0	1	0	1	1	1	0	1	1	0	0	0	1
1	0	1	0	1	1	0	0	1	1	1	1	0	0	0	0	1	0	0	0	1
1	1	0	1	0	0	0	0	0	0	1	1	1	0	0	0	0	1	0	0	0
0	1	1	1	0	0	1	0	0	0	0	1	1	1	0	1	1	0	0	0	1
0	0	0	1	1	1	1	0	0	0	0	0	0	0	1	0	0	0	0	0	1
0	0	0	1	0	0	1	1	0	0	0	0	0	1	0	0	0	0	0	0	1
0	1	1	1	1	1	1	1	1	0	0	1	1	1	0	0	1	0	0	0	1
1	1	1	0	0	1	0	1	1	0	0	1	1	1	0	0	1	0	0	0	1
1	1	1	1	0	1	0	0	1	0	1	1	1	0	0	0	1	0	0	0	1
0	1	0	0	0	0	0	0	0	1	0	0	0	0	0	0	0	0	0	0	1
0	0	0	0	0	1	0	0	1	0	0	0	0	0	0	0	0	0	0	0	1
0	1	1	1	0	1	1	0	1	0	0	1	1	1	0	0	0	0	0	0	1
0	0	0	0	0	0	0	1	0	0	0	0	0	0	0	0	0	0	0	0	0
0	0	0	0	0	0	0	0	0	0	0	0	0	0	0	0	0	0	0	1	0
0	1	0	0	0	0	0	0	0	0	0	0	0	0	0	0	0	0	1	0	0
1	0	1	1	1	1	1	0	1	1	1	1	1	1	1	1	1	0	0	0	0
DIFF_EDGE
0 0
CHROM_NUMBER
11
EOF
