TYPE : graph_{count}
DIMENSION: 20
EDGE_DATA_FORMAT: EDGE_LIST
EDGE_WEIGHT_TYPE: EXPLICIT
EDGE_WEIGHT_FORMAT: FULL_MATRIX
EDGE_DATA_SECTION
0 4
0 5
0 7
0 9
0 12
0 16
0 18
0 19
1 3
1 4
1 6
1 7
1 8
1 13
1 14
1 15
2 5
2 6
2 8
2 9
2 10
2 14
2 16
2 18
3 4
3 5
3 9
3 11
3 14
3 19
4 6
4 10
4 13
4 15
4 17
4 18
5 9
5 12
5 13
5 15
5 18
5 19
6 7
6 9
6 12
6 13
6 14
6 15
6 16
6 18
6 19
7 9
7 12
7 13
7 14
7 15
7 16
8 9
8 12
8 16
8 18
8 19
9 12
9 13
9 14
9 15
9 16
9 18
9 19
10 16
10 19
11 12
11 13
11 15
11 16
11 18
12 13
12 14
12 15
12 16
12 18
12 19
13 14
13 15
13 16
13 18
13 19
14 15
14 16
14 18
14 19
15 16
15 18
15 19
16 18
16 19
17 19
18 19
-1
EDGE_WEIGHT_SECTION
0	0	0	0	1	1	0	1	0	1	0	0	1	0	0	0	1	0	1	1
0	0	0	1	1	0	1	1	1	0	0	0	0	1	1	1	0	0	0	0
0	0	0	0	0	1	1	0	1	1	1	0	0	0	1	0	1	0	1	0
0	1	0	0	1	1	0	0	0	1	0	1	0	0	1	0	0	0	0	1
1	1	0	1	0	0	1	0	0	0	1	0	0	1	0	1	0	1	1	0
1	0	1	1	0	0	0	0	0	1	0	0	1	1	0	1	0	0	1	1
0	1	1	0	1	0	0	1	0	1	0	0	1	1	1	1	1	0	1	1
1	1	0	0	0	0	1	0	0	1	0	0	1	1	1	1	1	0	0	0
0	1	1	0	0	0	0	0	0	1	0	0	1	0	0	0	1	0	1	1
1	0	1	1	0	1	1	1	1	0	0	0	1	1	1	1	1	0	1	1
0	0	1	0	1	0	0	0	0	0	0	0	0	0	0	0	1	0	0	1
0	0	0	1	0	0	0	0	0	0	0	0	1	1	0	1	1	0	1	0
1	0	0	0	0	1	1	1	1	1	0	1	0	1	1	1	1	0	1	1
0	1	0	0	1	1	1	1	0	1	0	1	1	0	1	1	1	0	1	1
0	1	1	1	0	0	1	1	0	1	0	0	1	1	0	1	1	0	1	1
0	1	0	0	1	1	1	1	0	1	0	1	1	1	1	0	1	0	1	1
1	0	1	0	0	0	1	1	1	1	1	1	1	1	1	1	1	0	1	1
0	0	0	0	1	0	0	0	0	0	0	0	0	0	0	0	0	0	0	1
1	0	1	0	1	1	1	0	1	1	0	1	1	1	1	1	1	0	0	1
1	0	0	1	0	1	1	0	1	1	1	0	1	1	1	1	1	1	1	0
DIFF_EDGE
0 0
CHROM_NUMBER
13
EOF
