TYPE : graph_{count}
DIMENSION: 18
EDGE_DATA_FORMAT: EDGE_LIST
EDGE_WEIGHT_TYPE: EXPLICIT
EDGE_WEIGHT_FORMAT: FULL_MATRIX
EDGE_DATA_SECTION
0 1
0 3
0 5
0 7
0 10
0 11
0 13
0 16
1 2
1 4
1 5
1 8
1 13
2 4
2 6
2 7
2 8
2 9
2 10
2 11
2 13
2 15
2 16
3 5
3 7
3 9
3 10
3 11
3 16
4 5
4 7
4 11
4 13
4 16
5 6
5 11
6 7
6 8
6 13
7 11
7 13
7 16
8 9
8 10
8 11
8 13
8 16
9 11
9 12
10 11
10 17
11 14
11 16
12 13
12 16
13 14
13 16
13 17
-1
EDGE_WEIGHT_SECTION
0	1	0	1	0	1	0	1	0	0	1	1	0	1	0	0	1	0
1	0	1	0	1	1	0	0	1	0	0	0	0	1	0	0	0	0
0	1	0	0	1	0	1	1	1	1	1	1	0	1	0	1	1	0
1	0	0	0	0	1	0	1	0	1	1	1	0	0	0	0	1	0
0	1	1	0	0	1	0	1	0	0	0	1	0	1	0	0	1	0
1	1	0	1	1	0	1	0	0	0	0	1	0	0	0	0	0	0
0	0	1	0	0	1	0	1	1	0	0	0	0	1	0	0	0	0
1	0	1	1	1	0	1	0	0	0	0	1	0	1	0	0	1	0
0	1	1	0	0	0	1	0	0	1	1	1	0	1	0	0	1	0
0	0	1	1	0	0	0	0	1	0	0	1	1	0	0	0	0	0
1	0	1	1	0	0	0	0	1	0	0	1	0	0	0	0	0	1
1	0	1	1	1	1	0	1	1	1	1	0	0	0	1	0	1	0
0	0	0	0	0	0	0	0	0	1	0	0	0	1	0	0	1	0
1	1	1	0	1	0	1	1	1	0	0	0	1	0	1	0	1	1
0	0	0	0	0	0	0	0	0	0	0	1	0	1	0	0	0	0
0	0	1	0	0	0	0	0	0	0	0	0	0	0	0	0	0	0
1	0	1	1	1	0	0	1	1	0	0	1	1	1	0	0	0	0
0	0	0	0	0	0	0	0	0	0	1	0	0	1	0	0	0	0
DIFF_EDGE
0 0
CHROM_NUMBER
9
EOF
