TYPE : graph_{count}
DIMENSION: 20
EDGE_DATA_FORMAT: EDGE_LIST
EDGE_WEIGHT_TYPE: EXPLICIT
EDGE_WEIGHT_FORMAT: FULL_MATRIX
EDGE_DATA_SECTION
0 1
0 2
0 7
0 18
0 19
1 2
1 4
1 6
1 8
1 10
1 11
1 18
1 19
2 5
2 6
2 13
2 16
2 19
3 5
3 7
3 9
3 19
4 19
5 7
5 9
5 10
5 18
5 19
6 7
6 9
6 12
6 17
6 18
6 19
7 8
7 14
7 16
7 18
8 9
8 18
9 10
9 19
10 17
10 19
11 18
12 18
12 19
13 15
14 19
16 18
16 19
17 19
18 19
-1
EDGE_WEIGHT_SECTION
0	1	1	0	0	0	0	1	0	0	0	0	0	0	0	0	0	0	1	1
1	0	1	0	1	0	1	0	1	0	1	1	0	0	0	0	0	0	1	1
1	1	0	0	0	1	1	0	0	0	0	0	0	1	0	0	1	0	0	1
0	0	0	0	0	1	0	1	0	1	0	0	0	0	0	0	0	0	0	1
0	1	0	0	0	0	0	0	0	0	0	0	0	0	0	0	0	0	0	1
0	0	1	1	0	0	0	1	0	1	1	0	0	0	0	0	0	0	1	1
0	1	1	0	0	0	0	1	0	1	0	0	1	0	0	0	0	1	1	1
1	0	0	1	0	1	1	0	1	0	0	0	0	0	1	0	1	0	1	0
0	1	0	0	0	0	0	1	0	1	0	0	0	0	0	0	0	0	1	0
0	0	0	1	0	1	1	0	1	0	1	0	0	0	0	0	0	0	0	1
0	1	0	0	0	1	0	0	0	1	0	0	0	0	0	0	0	1	0	1
0	1	0	0	0	0	0	0	0	0	0	0	0	0	0	0	0	0	1	0
0	0	0	0	0	0	1	0	0	0	0	0	0	0	0	0	0	0	1	1
0	0	1	0	0	0	0	0	0	0	0	0	0	0	0	1	0	0	0	0
0	0	0	0	0	0	0	1	0	0	0	0	0	0	0	0	0	0	0	1
0	0	0	0	0	0	0	0	0	0	0	0	0	1	0	0	0	0	0	0
0	0	1	0	0	0	0	1	0	0	0	0	0	0	0	0	0	0	1	1
0	0	0	0	0	0	1	0	0	0	1	0	0	0	0	0	0	0	0	1
1	1	0	0	0	1	1	1	1	0	0	1	1	0	0	0	1	0	1	1
1	1	1	1	1	1	1	0	0	1	1	0	1	0	1	0	1	1	1	1
DIFF_EDGE
0 0
CHROM_NUMBER
7
EOF
