TYPE : graph_{count}
DIMENSION: 20
EDGE_DATA_FORMAT: EDGE_LIST
EDGE_WEIGHT_TYPE: EXPLICIT
EDGE_WEIGHT_FORMAT: FULL_MATRIX
EDGE_DATA_SECTION
0 2
0 3
0 4
0 5
0 7
0 11
0 12
0 14
0 15
0 17
0 18
1 2
1 8
1 9
1 11
1 14
2 6
2 10
2 12
2 14
3 5
3 7
3 9
3 10
3 11
3 12
3 14
3 15
3 17
3 18
4 5
5 8
5 10
5 11
5 12
5 14
5 15
5 17
5 18
6 11
6 16
7 8
7 9
7 10
7 14
7 15
7 17
7 18
8 9
8 10
8 11
8 12
8 15
8 17
8 18
9 11
9 14
9 16
10 11
10 15
10 17
10 18
11 12
11 14
11 15
11 17
11 18
12 13
12 14
12 15
13 14
13 15
13 17
13 18
14 15
14 17
14 18
14 19
15 17
15 18
17 18
-1
EDGE_WEIGHT_SECTION
0	0	1	1	1	1	0	1	0	0	0	1	1	0	1	1	0	1	1	0
0	0	1	0	0	0	0	0	1	1	0	1	0	0	1	0	0	0	0	0
1	1	0	0	0	0	1	0	0	0	1	0	1	0	1	0	0	0	0	0
1	0	0	0	0	1	0	1	0	1	1	1	1	0	1	1	0	1	1	0
1	0	0	0	0	1	0	0	0	0	0	0	0	0	0	0	0	0	0	0
1	0	0	1	1	0	0	0	1	0	1	1	1	0	1	1	0	1	1	0
0	0	1	0	0	0	0	0	0	0	0	1	0	0	0	0	1	0	0	0
1	0	0	1	0	0	0	0	1	1	1	0	0	0	1	1	0	1	1	0
0	1	0	0	0	1	0	1	0	1	1	1	1	0	0	1	0	1	1	0
0	1	0	1	0	0	0	1	1	0	0	1	0	0	1	0	1	0	0	0
0	0	1	1	0	1	0	1	1	0	0	1	0	0	0	1	0	1	1	0
1	1	0	1	0	1	1	0	1	1	1	1	1	0	1	1	0	1	1	0
1	0	1	1	0	1	0	0	1	0	0	1	1	1	1	1	0	0	0	0
0	0	0	0	0	0	0	0	0	0	0	0	1	0	1	1	0	1	1	0
1	1	1	1	0	1	0	1	0	1	0	1	1	1	1	1	0	1	1	1
1	0	0	1	0	1	0	1	1	0	1	1	1	1	1	0	0	1	1	0
0	0	0	0	0	0	1	0	0	1	0	0	0	0	0	0	0	0	0	0
1	0	0	1	0	1	0	1	1	0	1	1	0	1	1	1	0	1	1	0
1	0	0	1	0	1	0	1	1	0	1	1	0	1	1	1	0	1	0	0
0	0	0	0	0	0	0	0	0	0	0	0	0	0	1	0	0	0	0	0
DIFF_EDGE
0 0
CHROM_NUMBER
11
EOF
