TYPE : graph_{count}
DIMENSION: 19
EDGE_DATA_FORMAT: EDGE_LIST
EDGE_WEIGHT_TYPE: EXPLICIT
EDGE_WEIGHT_FORMAT: FULL_MATRIX
EDGE_DATA_SECTION
0 2
0 5
0 6
0 7
0 13
0 14
1 3
1 4
1 5
1 8
1 9
1 10
1 13
2 3
2 5
2 6
2 7
2 10
2 13
2 14
2 15
2 16
3 4
3 6
3 9
3 10
3 13
3 14
3 15
3 16
4 5
4 6
4 7
4 8
4 15
5 6
5 10
5 13
5 14
5 15
5 16
6 10
6 13
6 14
6 15
6 16
6 17
7 8
7 9
7 10
7 15
7 16
9 10
9 15
10 11
10 13
10 14
11 12
11 14
11 15
12 16
13 14
13 15
13 16
14 15
14 16
15 16
17 18
-1
EDGE_WEIGHT_SECTION
0	0	1	0	0	1	1	1	0	0	0	0	0	1	1	0	0	0	0
0	0	0	1	1	1	0	0	1	1	1	0	0	1	0	0	0	0	0
1	0	0	1	0	1	1	1	0	0	1	0	0	1	1	1	1	0	0
0	1	1	0	1	0	1	0	0	1	1	0	0	1	1	1	1	0	0
0	1	0	1	0	1	1	1	1	0	0	0	0	0	0	1	0	0	0
1	1	1	0	1	0	1	0	0	0	1	0	0	1	1	1	1	0	0
1	0	1	1	1	1	0	0	0	0	1	0	0	1	1	1	1	1	0
1	0	1	0	1	0	0	0	1	1	1	0	0	0	0	1	1	0	0
0	1	0	0	1	0	0	1	0	0	0	0	0	0	0	0	0	0	0
0	1	0	1	0	0	0	1	0	0	1	0	0	0	0	1	0	0	0
0	1	1	1	0	1	1	1	0	1	0	1	0	1	1	0	0	0	0
0	0	0	0	0	0	0	0	0	0	1	0	1	0	1	1	0	0	0
0	0	0	0	0	0	0	0	0	0	0	1	0	0	0	0	1	0	0
1	1	1	1	0	1	1	0	0	0	1	0	0	0	1	1	1	0	0
1	0	1	1	0	1	1	0	0	0	1	1	0	1	1	1	1	0	0
0	0	1	1	1	1	1	1	0	1	0	1	0	1	1	0	1	0	0
0	0	1	1	0	1	1	1	0	0	0	0	1	1	1	1	1	0	0
0	0	0	0	0	0	1	0	0	0	0	0	0	0	0	0	0	0	1
0	0	0	0	0	0	0	0	0	0	0	0	0	0	0	0	0	1	0
DIFF_EDGE
0 0
CHROM_NUMBER
10
EOF
