TYPE : graph_{count}
DIMENSION: 19
EDGE_DATA_FORMAT: EDGE_LIST
EDGE_WEIGHT_TYPE: EXPLICIT
EDGE_WEIGHT_FORMAT: FULL_MATRIX
EDGE_DATA_SECTION
0 1
0 6
0 10
1 3
1 5
1 6
1 9
1 10
1 12
1 14
1 17
2 6
2 7
2 10
2 17
3 4
3 5
3 8
3 9
3 13
3 14
4 5
4 6
4 7
4 8
4 10
4 17
5 7
5 8
5 10
5 14
5 17
6 9
6 10
6 14
6 17
7 9
7 10
8 10
8 14
9 14
9 17
10 13
10 14
10 15
10 18
11 17
11 18
13 16
14 17
16 17
-1
EDGE_WEIGHT_SECTION
0	1	0	0	0	0	1	0	0	0	1	0	0	0	0	0	0	0	0
1	0	0	1	0	1	1	0	0	1	1	0	1	0	1	0	0	1	0
0	0	0	0	0	0	1	1	0	0	1	0	0	0	0	0	0	1	0
0	1	0	0	1	1	0	0	1	1	0	0	0	1	1	0	0	0	0
0	0	0	1	0	1	1	1	1	0	1	0	0	0	0	0	0	1	0
0	1	0	1	1	0	0	1	1	0	1	0	0	0	1	0	0	1	0
1	1	1	0	1	0	0	0	0	1	1	0	0	0	1	0	0	1	0
0	0	1	0	1	1	0	0	0	1	1	0	0	0	0	0	0	0	0
0	0	0	1	1	1	0	0	0	0	1	0	0	0	1	0	0	0	0
0	1	0	1	0	0	1	1	0	0	0	0	0	0	1	0	0	1	0
1	1	1	0	1	1	1	1	1	0	0	0	0	1	1	1	0	0	1
0	0	0	0	0	0	0	0	0	0	0	0	0	0	0	0	0	1	1
0	1	0	0	0	0	0	0	0	0	0	0	0	0	0	0	0	0	0
0	0	0	1	0	0	0	0	0	0	1	0	0	0	0	0	1	0	0
0	1	0	1	0	1	1	0	1	1	1	0	0	0	0	0	0	1	0
0	0	0	0	0	0	0	0	0	0	1	0	0	0	0	0	0	0	0
0	0	0	0	0	0	0	0	0	0	0	0	0	1	0	0	0	1	0
0	1	1	0	1	1	1	0	0	1	0	1	0	0	1	0	1	0	0
0	0	0	0	0	0	0	0	0	0	1	1	0	0	0	0	0	0	0
DIFF_EDGE
0 0
CHROM_NUMBER
8
EOF
