TYPE : graph_{count}
DIMENSION: 20
EDGE_DATA_FORMAT: EDGE_LIST
EDGE_WEIGHT_TYPE: EXPLICIT
EDGE_WEIGHT_FORMAT: FULL_MATRIX
EDGE_DATA_SECTION
0 1
0 2
0 3
0 4
0 6
0 10
0 11
0 12
0 16
0 18
1 3
1 6
1 7
1 16
1 19
2 3
2 4
2 6
2 13
2 16
3 4
3 5
3 6
3 7
3 9
3 13
3 16
3 18
4 5
4 7
4 8
4 14
4 18
5 8
5 10
5 16
6 10
6 13
6 16
6 18
7 8
7 17
7 18
8 9
9 10
10 13
10 18
12 13
13 15
13 16
13 19
15 16
15 18
16 18
-1
EDGE_WEIGHT_SECTION
0	1	1	1	1	0	1	0	0	0	1	1	1	0	0	0	1	0	1	0
1	0	0	1	0	0	1	1	0	0	0	0	0	0	0	0	1	0	0	1
1	0	0	1	1	0	1	0	0	0	0	0	0	1	0	0	1	0	0	0
1	1	1	0	1	1	1	1	0	1	0	0	0	1	0	0	1	0	1	0
1	0	1	1	0	1	0	1	1	0	0	0	0	0	1	0	0	0	1	0
0	0	0	1	1	0	0	0	1	0	1	0	0	0	0	0	1	0	0	0
1	1	1	1	0	0	0	0	0	0	1	0	0	1	0	0	1	0	1	0
0	1	0	1	1	0	0	0	1	0	0	0	0	0	0	0	0	1	1	0
0	0	0	0	1	1	0	1	0	1	0	0	0	0	0	0	0	0	0	0
0	0	0	1	0	0	0	0	1	0	1	0	0	0	0	0	0	0	0	0
1	0	0	0	0	1	1	0	0	1	0	0	0	1	0	0	0	0	1	0
1	0	0	0	0	0	0	0	0	0	0	0	0	0	0	0	0	0	0	0
1	0	0	0	0	0	0	0	0	0	0	0	0	1	0	0	0	0	0	0
0	0	1	1	0	0	1	0	0	0	1	0	1	0	0	1	1	0	0	1
0	0	0	0	1	0	0	0	0	0	0	0	0	0	0	0	0	0	0	0
0	0	0	0	0	0	0	0	0	0	0	0	0	1	0	0	1	0	1	0
1	1	1	1	0	1	1	0	0	0	0	0	0	1	0	1	1	0	1	0
0	0	0	0	0	0	0	1	0	0	0	0	0	0	0	0	0	0	0	0
1	0	0	1	1	0	1	1	0	0	1	0	0	0	0	1	1	0	0	0
0	1	0	0	0	0	0	0	0	0	0	0	0	1	0	0	0	0	0	0
DIFF_EDGE
0 0
CHROM_NUMBER
9
EOF
