TYPE : graph_{count}
DIMENSION: 16
EDGE_DATA_FORMAT: EDGE_LIST
EDGE_WEIGHT_TYPE: EXPLICIT
EDGE_WEIGHT_FORMAT: FULL_MATRIX
EDGE_DATA_SECTION
0 4
0 6
0 7
0 8
0 10
0 11
1 3
1 4
1 5
1 8
1 9
1 11
1 15
2 3
2 4
2 5
2 6
2 11
2 15
3 5
3 6
3 8
3 9
3 10
3 11
3 14
4 6
4 8
4 14
4 15
5 6
5 7
5 8
5 10
5 11
5 15
6 7
6 8
6 9
6 10
6 11
6 15
7 8
8 9
8 11
8 12
8 13
8 15
9 10
10 15
11 15
14 15
-1
EDGE_WEIGHT_SECTION
0	0	0	0	1	0	1	1	1	0	1	1	0	0	0	0
0	0	0	1	1	1	0	0	1	1	0	1	0	0	0	1
0	0	0	1	1	1	1	0	0	0	0	1	0	0	0	1
0	1	1	0	0	1	1	0	1	1	1	1	0	0	1	0
1	1	1	0	0	0	1	0	1	0	0	0	0	0	1	1
0	1	1	1	0	0	1	1	1	0	1	1	0	0	0	1
1	0	1	1	1	1	0	1	1	1	1	1	0	0	0	1
1	0	0	0	0	1	1	0	1	0	0	0	0	0	0	0
1	1	0	1	1	1	1	1	0	1	0	1	1	1	0	1
0	1	0	1	0	0	1	0	1	0	1	0	0	0	0	0
1	0	0	1	0	1	1	0	0	1	0	0	0	0	0	1
1	1	1	1	0	1	1	0	1	0	0	0	0	0	0	1
0	0	0	0	0	0	0	0	1	0	0	0	0	0	0	0
0	0	0	0	0	0	0	0	1	0	0	0	0	0	0	0
0	0	0	1	1	0	0	0	0	0	0	0	0	0	0	1
0	1	1	0	1	1	1	0	1	0	1	1	0	0	1	0
DIFF_EDGE
0 0
CHROM_NUMBER
9
EOF
