TYPE : graph_{count}
DIMENSION: 18
EDGE_DATA_FORMAT: EDGE_LIST
EDGE_WEIGHT_TYPE: EXPLICIT
EDGE_WEIGHT_FORMAT: FULL_MATRIX
EDGE_DATA_SECTION
0 1
0 3
0 4
0 5
0 6
0 7
0 8
0 9
0 11
0 12
0 14
0 16
0 17
1 2
1 3
1 4
1 5
1 6
1 8
1 10
1 11
1 12
1 14
1 16
1 17
2 3
2 7
2 12
2 14
2 17
3 5
3 9
3 10
3 11
3 12
3 14
3 16
3 17
4 5
4 9
4 10
4 12
4 13
4 14
4 16
4 17
5 6
5 7
5 11
5 12
5 14
5 16
5 17
6 7
6 9
6 10
6 11
6 12
6 15
6 16
7 8
7 11
7 16
8 10
8 12
8 14
8 16
8 17
9 12
9 14
9 17
10 11
10 14
11 12
11 13
11 14
11 16
11 17
12 14
12 16
12 17
13 16
13 17
14 16
14 17
15 17
16 17
-1
EDGE_WEIGHT_SECTION
0	1	0	1	1	1	1	1	1	1	0	1	1	0	1	0	1	1
1	0	1	1	1	1	1	0	1	0	1	1	1	0	1	0	1	1
0	1	0	1	0	0	0	1	0	0	0	0	1	0	1	0	0	1
1	1	1	0	0	1	0	0	0	1	1	1	1	0	1	0	1	1
1	1	0	0	0	1	0	0	0	1	1	0	1	1	1	0	1	1
1	1	0	1	1	0	1	1	0	0	0	1	1	0	1	0	1	1
1	1	0	0	0	1	0	1	0	1	1	1	1	0	0	1	1	0
1	0	1	0	0	1	1	0	1	0	0	1	0	0	0	0	1	0
1	1	0	0	0	0	0	1	0	0	1	0	1	0	1	0	1	1
1	0	0	1	1	0	1	0	0	0	0	0	1	0	1	0	0	1
0	1	0	1	1	0	1	0	1	0	0	1	0	0	1	0	0	0
1	1	0	1	0	1	1	1	0	0	1	1	1	1	1	0	1	1
1	1	1	1	1	1	1	0	1	1	0	1	0	0	1	0	1	1
0	0	0	0	1	0	0	0	0	0	0	1	0	0	0	0	1	1
1	1	1	1	1	1	0	0	1	1	1	1	1	0	1	0	1	1
0	0	0	0	0	0	1	0	0	0	0	0	0	0	0	0	0	1
1	1	0	1	1	1	1	1	1	0	0	1	1	1	1	0	0	1
1	1	1	1	1	1	0	0	1	1	0	1	1	1	1	1	1	1
DIFF_EDGE
0 0
CHROM_NUMBER
12
EOF
