TYPE : graph_{count}
DIMENSION: 17
EDGE_DATA_FORMAT: EDGE_LIST
EDGE_WEIGHT_TYPE: EXPLICIT
EDGE_WEIGHT_FORMAT: FULL_MATRIX
EDGE_DATA_SECTION
0 1
0 2
0 3
0 4
0 6
0 10
0 14
0 15
1 2
1 3
1 4
1 8
1 10
1 12
1 13
2 3
2 5
2 6
2 7
2 10
2 15
3 7
3 10
3 15
4 10
5 6
5 10
7 10
8 9
8 10
8 14
9 10
10 15
11 13
13 15
14 16
-1
EDGE_WEIGHT_SECTION
0	1	1	1	1	0	1	0	0	0	1	0	0	0	1	1	0
1	0	1	1	1	0	0	0	1	0	1	0	1	1	0	0	0
1	1	0	1	0	1	1	1	0	0	1	0	0	0	0	1	0
1	1	1	0	0	0	0	1	0	0	1	0	0	0	0	1	0
1	1	0	0	0	0	0	0	0	0	1	0	0	0	0	0	0
0	0	1	0	0	0	1	0	0	0	1	0	0	0	0	0	0
1	0	1	0	0	1	0	0	0	0	0	0	0	0	0	0	0
0	0	1	1	0	0	0	0	0	0	1	0	0	0	0	0	0
0	1	0	0	0	0	0	0	0	1	1	0	0	0	1	0	0
0	0	0	0	0	0	0	0	1	0	1	0	0	0	0	0	0
1	1	1	1	1	1	0	1	1	1	0	0	0	0	0	1	0
0	0	0	0	0	0	0	0	0	0	0	0	0	1	0	0	0
0	1	0	0	0	0	0	0	0	0	0	0	0	0	0	0	0
0	1	0	0	0	0	0	0	0	0	0	1	0	0	0	1	0
1	0	0	0	0	0	0	0	1	0	0	0	0	0	0	0	1
1	0	1	1	0	0	0	0	0	0	1	0	0	1	0	0	0
0	0	0	0	0	0	0	0	0	0	0	0	0	0	1	0	0
DIFF_EDGE
0 0
CHROM_NUMBER
6
EOF
