TYPE : graph_{count}
DIMENSION: 18
EDGE_DATA_FORMAT: EDGE_LIST
EDGE_WEIGHT_TYPE: EXPLICIT
EDGE_WEIGHT_FORMAT: FULL_MATRIX
EDGE_DATA_SECTION
0 3
0 5
0 6
0 7
0 9
0 13
0 15
0 16
0 17
1 2
1 3
1 4
1 5
1 7
1 10
1 13
2 3
2 5
2 6
2 8
2 9
2 10
2 13
3 5
3 7
3 9
3 13
3 16
3 17
4 8
4 12
4 14
5 7
5 10
5 12
6 8
6 9
6 16
6 17
7 11
7 13
7 14
7 16
7 17
8 9
8 11
8 13
8 16
9 13
9 17
11 13
12 13
12 16
13 16
13 17
14 16
14 17
16 17
-1
EDGE_WEIGHT_SECTION
0	0	0	1	0	1	1	1	0	1	0	0	0	1	0	1	1	1
0	0	1	1	1	1	0	1	0	0	1	0	0	1	0	0	0	0
0	1	0	1	0	1	1	0	1	1	1	0	0	1	0	0	0	0
1	1	1	0	0	1	0	1	0	1	0	0	0	1	0	0	1	1
0	1	0	0	0	0	0	0	1	0	0	0	1	0	1	0	0	0
1	1	1	1	0	0	0	1	0	0	1	0	1	0	0	0	0	0
1	0	1	0	0	0	0	0	1	1	0	0	0	0	0	0	1	1
1	1	0	1	0	1	0	0	0	0	0	1	0	1	1	0	1	1
0	0	1	0	1	0	1	0	0	1	0	1	0	1	0	0	1	0
1	0	1	1	0	0	1	0	1	0	0	0	0	1	0	0	0	1
0	1	1	0	0	1	0	0	0	0	0	0	0	0	0	0	0	0
0	0	0	0	0	0	0	1	1	0	0	0	0	1	0	0	0	0
0	0	0	0	1	1	0	0	0	0	0	0	0	1	0	0	1	0
1	1	1	1	0	0	0	1	1	1	0	1	1	0	0	0	1	1
0	0	0	0	1	0	0	1	0	0	0	0	0	0	0	0	1	1
1	0	0	0	0	0	0	0	0	0	0	0	0	0	0	0	0	0
1	0	0	1	0	0	1	1	1	0	0	0	1	1	1	0	1	1
1	0	0	1	0	0	1	1	0	1	0	0	0	1	1	0	1	0
DIFF_EDGE
0 0
CHROM_NUMBER
9
EOF
