TYPE : graph_{count}
DIMENSION: 20
EDGE_DATA_FORMAT: EDGE_LIST
EDGE_WEIGHT_TYPE: EXPLICIT
EDGE_WEIGHT_FORMAT: FULL_MATRIX
EDGE_DATA_SECTION
0 1
0 2
0 7
0 15
0 18
0 19
1 3
1 5
1 9
1 10
1 11
1 15
1 16
1 17
1 18
2 3
2 6
2 7
2 8
2 9
2 10
2 11
2 13
2 17
2 18
3 4
3 7
3 8
3 10
3 11
3 15
3 17
3 18
4 9
4 11
4 15
4 17
4 18
5 8
5 9
5 10
5 17
5 18
5 19
6 8
6 9
6 16
7 10
7 11
7 18
8 9
8 10
8 14
8 18
9 10
9 11
9 17
9 18
10 11
10 12
10 17
10 18
11 14
11 15
11 17
11 18
12 15
12 18
13 15
14 15
14 17
15 17
15 18
16 17
17 18
-1
EDGE_WEIGHT_SECTION
0	1	1	0	0	0	0	1	0	0	0	0	0	0	0	1	0	0	1	1
1	0	0	1	0	1	0	0	0	1	1	1	0	0	0	1	1	1	1	0
1	0	0	1	0	0	1	1	1	1	1	1	0	1	0	0	0	1	1	0
0	1	1	0	1	0	0	1	1	0	1	1	0	0	0	1	0	1	1	0
0	0	0	1	0	0	0	0	0	1	0	1	0	0	0	1	0	1	1	0
0	1	0	0	0	0	0	0	1	1	1	0	0	0	0	0	0	1	1	1
0	0	1	0	0	0	0	0	1	1	0	0	0	0	0	0	1	0	0	0
1	0	1	1	0	0	0	0	0	0	1	1	0	0	0	0	0	0	1	0
0	0	1	1	0	1	1	0	0	1	1	0	0	0	1	0	0	0	1	0
0	1	1	0	1	1	1	0	1	0	1	1	0	0	0	0	0	1	1	0
0	1	1	1	0	1	0	1	1	1	0	1	1	0	0	0	0	1	1	0
0	1	1	1	1	0	0	1	0	1	1	0	0	0	1	1	0	1	1	0
0	0	0	0	0	0	0	0	0	0	1	0	0	0	0	1	0	0	1	0
0	0	1	0	0	0	0	0	0	0	0	0	0	0	0	1	0	0	0	0
0	0	0	0	0	0	0	0	1	0	0	1	0	0	0	1	0	1	0	0
1	1	0	1	1	0	0	0	0	0	0	1	1	1	1	0	0	1	1	0
0	1	0	0	0	0	1	0	0	0	0	0	0	0	0	0	0	1	0	0
0	1	1	1	1	1	0	0	0	1	1	1	0	0	1	1	1	0	1	0
1	1	1	1	1	1	0	1	1	1	1	1	1	0	0	1	0	1	0	0
1	0	0	0	0	1	0	0	0	0	0	0	0	0	0	0	0	0	0	0
DIFF_EDGE
0 0
CHROM_NUMBER
11
EOF
