TYPE : graph_{count}
DIMENSION: 18
EDGE_DATA_FORMAT: EDGE_LIST
EDGE_WEIGHT_TYPE: EXPLICIT
EDGE_WEIGHT_FORMAT: FULL_MATRIX
EDGE_DATA_SECTION
0 1
0 4
0 5
0 6
0 7
0 10
0 11
0 12
0 14
1 3
1 4
1 6
1 7
1 8
1 9
1 10
1 11
1 12
1 16
2 3
2 4
2 8
2 11
2 16
3 4
3 9
3 17
4 5
4 7
4 9
4 11
4 12
4 13
4 16
5 6
5 8
5 10
5 11
5 12
6 8
6 10
6 11
7 8
7 10
7 11
7 12
7 16
8 11
8 16
9 10
9 11
10 11
10 12
10 13
10 16
10 17
11 12
11 16
12 16
13 15
14 16
15 16
-1
EDGE_WEIGHT_SECTION
0	1	0	0	1	1	1	1	0	0	1	1	1	0	1	0	0	0
1	0	0	1	1	0	1	1	1	1	1	1	1	0	0	0	1	0
0	0	0	1	1	0	0	0	1	0	0	1	0	0	0	0	1	0
0	1	1	0	1	0	0	0	0	1	0	0	0	0	0	0	0	1
1	1	1	1	0	1	0	1	0	1	0	1	1	1	0	0	1	0
1	0	0	0	1	0	1	0	1	0	1	1	1	0	0	0	0	0
1	1	0	0	0	1	0	0	1	0	1	1	0	0	0	0	0	0
1	1	0	0	1	0	0	0	1	0	1	1	1	0	0	0	1	0
0	1	1	0	0	1	1	1	0	0	0	1	0	0	0	0	1	0
0	1	0	1	1	0	0	0	0	0	1	1	0	0	0	0	0	0
1	1	0	0	0	1	1	1	0	1	0	1	1	1	0	0	1	1
1	1	1	0	1	1	1	1	1	1	1	0	1	0	0	0	1	0
1	1	0	0	1	1	0	1	0	0	1	1	0	0	0	0	1	0
0	0	0	0	1	0	0	0	0	0	1	0	0	0	0	1	0	0
1	0	0	0	0	0	0	0	0	0	0	0	0	0	0	0	1	0
0	0	0	0	0	0	0	0	0	0	0	0	0	1	0	0	1	0
0	1	1	0	1	0	0	1	1	0	1	1	1	0	1	1	0	0
0	0	0	1	0	0	0	0	0	0	1	0	0	0	0	0	0	0
DIFF_EDGE
0 0
CHROM_NUMBER
9
EOF
