TYPE : graph_{count}
DIMENSION: 18
EDGE_DATA_FORMAT: EDGE_LIST
EDGE_WEIGHT_TYPE: EXPLICIT
EDGE_WEIGHT_FORMAT: FULL_MATRIX
EDGE_DATA_SECTION
0 9
0 10
1 2
1 3
1 5
1 10
1 11
1 15
2 10
3 8
3 9
3 12
3 13
4 7
4 10
4 12
5 8
5 12
5 13
5 14
6 10
6 12
7 8
7 10
8 10
8 12
9 12
9 14
10 12
10 17
11 12
12 16
-1
EDGE_WEIGHT_SECTION
0	0	0	0	0	0	0	0	0	1	1	0	0	0	0	0	0	0
0	0	1	1	0	1	0	0	0	0	1	1	0	0	0	1	0	0
0	1	0	0	0	0	0	0	0	0	1	0	0	0	0	0	0	0
0	1	0	0	0	0	0	0	1	1	0	0	1	1	0	0	0	0
0	0	0	0	0	0	0	1	0	0	1	0	1	0	0	0	0	0
0	1	0	0	0	0	0	0	1	0	0	0	1	1	1	0	0	0
0	0	0	0	0	0	0	0	0	0	1	0	1	0	0	0	0	0
0	0	0	0	1	0	0	0	1	0	1	0	0	0	0	0	0	0
0	0	0	1	0	1	0	1	0	0	1	0	1	0	0	0	0	0
1	0	0	1	0	0	0	0	0	0	0	0	1	0	1	0	0	0
1	1	1	0	1	0	1	1	1	0	0	0	1	0	0	0	0	1
0	1	0	0	0	0	0	0	0	0	0	0	1	0	0	0	0	0
0	0	0	1	1	1	1	0	1	1	1	1	0	0	0	0	1	0
0	0	0	1	0	1	0	0	0	0	0	0	0	0	0	0	0	0
0	0	0	0	0	1	0	0	0	1	0	0	0	0	0	0	0	0
0	1	0	0	0	0	0	0	0	0	0	0	0	0	0	0	0	0
0	0	0	0	0	0	0	0	0	0	0	0	1	0	0	0	0	0
0	0	0	0	0	0	0	0	0	0	1	0	0	0	0	0	0	0
DIFF_EDGE
0 0
CHROM_NUMBER
5
EOF
