TYPE : graph_{count}
DIMENSION: 19
EDGE_DATA_FORMAT: EDGE_LIST
EDGE_WEIGHT_TYPE: EXPLICIT
EDGE_WEIGHT_FORMAT: FULL_MATRIX
EDGE_DATA_SECTION
0 1
0 3
0 4
0 5
0 8
0 12
0 13
0 14
0 16
1 2
1 3
1 6
1 10
1 12
1 13
1 14
2 5
2 7
2 8
2 10
2 12
2 14
2 17
3 9
3 10
3 12
3 13
4 5
4 6
4 10
4 13
4 14
5 7
5 9
5 13
6 7
6 9
6 10
6 11
6 13
7 8
7 12
7 15
8 10
8 11
8 12
9 14
10 13
10 14
10 18
11 12
11 13
11 14
12 13
12 14
12 18
13 14
14 15
-1
EDGE_WEIGHT_SECTION
0	1	0	1	1	1	0	0	1	0	0	0	1	1	1	0	1	0	0
1	0	1	1	0	0	1	0	0	0	1	0	1	1	1	0	0	0	0
0	1	0	0	0	1	0	1	1	0	1	0	1	0	1	0	0	1	0
1	1	0	0	0	0	0	0	0	1	1	0	1	1	0	0	0	0	0
1	0	0	0	0	1	1	0	0	0	1	0	0	1	1	0	0	0	0
1	0	1	0	1	0	0	1	0	1	0	0	0	1	0	0	0	0	0
0	1	0	0	1	0	0	1	0	1	1	1	0	1	0	0	0	0	0
0	0	1	0	0	1	1	0	1	0	0	0	1	0	0	1	0	0	0
1	0	1	0	0	0	0	1	0	0	1	1	1	0	0	0	0	0	0
0	0	0	1	0	1	1	0	0	0	0	0	0	0	1	0	0	0	0
0	1	1	1	1	0	1	0	1	0	0	0	0	1	1	0	0	0	1
0	0	0	0	0	0	1	0	1	0	0	0	1	1	1	0	0	0	0
1	1	1	1	0	0	0	1	1	0	0	1	0	1	1	0	0	0	1
1	1	0	1	1	1	1	0	0	0	1	1	1	0	1	0	0	0	0
1	1	1	0	1	0	0	0	0	1	1	1	1	1	0	1	0	0	0
0	0	0	0	0	0	0	1	0	0	0	0	0	0	1	0	0	0	0
1	0	0	0	0	0	0	0	0	0	0	0	0	0	0	0	0	0	0
0	0	1	0	0	0	0	0	0	0	0	0	0	0	0	0	0	0	0
0	0	0	0	0	0	0	0	0	0	1	0	1	0	0	0	0	0	0
DIFF_EDGE
0 0
CHROM_NUMBER
9
EOF
