TYPE : graph_{count}
DIMENSION: 16
EDGE_DATA_FORMAT: EDGE_LIST
EDGE_WEIGHT_TYPE: EXPLICIT
EDGE_WEIGHT_FORMAT: FULL_MATRIX
EDGE_DATA_SECTION
0 4
0 6
0 10
0 11
0 14
0 15
1 5
1 8
1 9
1 13
2 3
2 6
2 9
3 4
3 5
3 7
3 8
3 9
3 14
4 6
4 8
5 9
5 10
5 11
5 15
6 7
6 9
7 10
8 9
8 10
8 11
8 15
9 10
9 11
9 15
10 11
10 12
11 15
12 15
14 15
-1
EDGE_WEIGHT_SECTION
0	0	0	0	1	0	1	0	0	0	1	1	0	0	1	1
0	0	0	0	0	1	0	0	1	1	0	0	0	1	0	0
0	0	0	1	0	0	1	0	0	1	0	0	0	0	0	0
0	0	1	0	1	1	0	1	1	1	0	0	0	0	1	0
1	0	0	1	0	0	1	0	1	0	0	0	0	0	0	0
0	1	0	1	0	0	0	0	0	1	1	1	0	0	0	1
1	0	1	0	1	0	0	1	0	1	0	0	0	0	0	0
0	0	0	1	0	0	1	0	0	0	1	0	0	0	0	0
0	1	0	1	1	0	0	0	0	1	1	1	0	0	0	1
0	1	1	1	0	1	1	0	1	0	1	1	0	0	0	1
1	0	0	0	0	1	0	1	1	1	0	1	1	0	0	0
1	0	0	0	0	1	0	0	1	1	1	0	0	0	0	1
0	0	0	0	0	0	0	0	0	0	1	0	0	0	0	1
0	1	0	0	0	0	0	0	0	0	0	0	0	0	0	0
1	0	0	1	0	0	0	0	0	0	0	0	0	0	0	1
1	0	0	0	0	1	0	0	1	1	0	1	1	0	1	0
DIFF_EDGE
0 0
CHROM_NUMBER
7
EOF
