TYPE : graph_{count}
DIMENSION: 21
EDGE_DATA_FORMAT: EDGE_LIST
EDGE_WEIGHT_TYPE: EXPLICIT
EDGE_WEIGHT_FORMAT: FULL_MATRIX
EDGE_DATA_SECTION
0 1
0 2
0 3
0 6
0 7
0 11
0 14
0 16
0 20
1 2
1 3
1 4
1 5
1 7
1 8
1 10
1 13
1 16
1 18
1 20
2 4
2 5
2 7
2 9
2 12
2 15
2 16
2 18
2 20
3 4
3 5
3 6
3 7
3 10
3 13
3 16
3 18
3 20
4 5
4 6
4 7
4 8
4 16
4 18
5 8
5 18
6 9
6 10
6 13
6 20
7 10
7 13
7 16
7 18
7 20
8 18
8 20
9 18
9 20
11 16
11 20
12 13
12 20
13 14
13 16
13 19
14 16
14 18
15 16
16 18
16 20
17 18
17 19
17 20
18 20
-1
EDGE_WEIGHT_SECTION
0	1	1	1	0	0	1	1	0	0	0	1	0	0	1	0	1	0	0	0	1
1	0	1	1	1	1	0	1	1	0	1	0	0	1	0	0	1	0	1	0	1
1	1	0	0	1	1	0	1	0	1	0	0	1	0	0	1	1	0	1	0	1
1	1	0	0	1	1	1	1	0	0	1	0	0	1	0	0	1	0	1	0	1
0	1	1	1	0	1	1	1	1	0	0	0	0	0	0	0	1	0	1	0	0
0	1	1	1	1	0	0	0	1	0	0	0	0	0	0	0	0	0	1	0	0
1	0	0	1	1	0	0	0	0	1	1	0	0	1	0	0	0	0	0	0	1
1	1	1	1	1	0	0	0	0	0	1	0	0	1	0	0	1	0	1	0	1
0	1	0	0	1	1	0	0	0	0	0	0	0	0	0	0	0	0	1	0	1
0	0	1	0	0	0	1	0	0	0	0	0	0	0	0	0	0	0	1	0	1
0	1	0	1	0	0	1	1	0	0	0	0	0	0	0	0	0	0	0	0	0
1	0	0	0	0	0	0	0	0	0	0	0	0	0	0	0	1	0	0	0	1
0	0	1	0	0	0	0	0	0	0	0	0	0	1	0	0	0	0	0	0	1
0	1	0	1	0	0	1	1	0	0	0	0	1	0	1	0	1	0	0	1	0
1	0	0	0	0	0	0	0	0	0	0	0	0	1	0	0	1	0	1	0	0
0	0	1	0	0	0	0	0	0	0	0	0	0	0	0	0	1	0	0	0	0
1	1	1	1	1	0	0	1	0	0	0	1	0	1	1	1	1	0	1	0	1
0	0	0	0	0	0	0	0	0	0	0	0	0	0	0	0	0	0	1	1	1
0	1	1	1	1	1	0	1	1	1	0	0	0	0	1	0	1	1	0	0	1
0	0	0	0	0	0	0	0	0	0	0	0	0	1	0	0	0	1	0	0	0
1	1	1	1	0	0	1	1	1	1	0	1	1	0	0	0	1	1	1	0	0
DIFF_EDGE
0 0
CHROM_NUMBER
10
EOF
