TYPE : graph_{count}
DIMENSION: 19
EDGE_DATA_FORMAT: EDGE_LIST
EDGE_WEIGHT_TYPE: EXPLICIT
EDGE_WEIGHT_FORMAT: FULL_MATRIX
EDGE_DATA_SECTION
0 4
0 5
0 6
0 9
0 11
0 13
0 14
0 16
1 2
1 3
1 4
1 6
1 9
2 4
2 6
2 9
2 10
2 13
3 4
3 9
3 10
3 14
3 16
4 6
4 7
4 10
4 14
4 15
4 17
5 6
5 7
5 9
5 10
5 13
5 14
5 15
5 16
6 7
6 8
6 13
6 14
6 15
6 16
6 18
7 8
7 11
7 13
7 14
7 15
7 16
8 9
8 10
8 12
8 13
8 14
8 15
8 16
9 10
9 13
9 15
9 16
10 13
10 14
10 15
10 16
11 15
13 14
13 15
13 16
14 15
14 16
15 16
-1
EDGE_WEIGHT_SECTION
0	0	0	0	1	1	1	0	0	1	0	1	0	1	1	0	1	0	0
0	0	1	1	1	0	1	0	0	1	0	0	0	0	0	0	0	0	0
0	1	0	0	1	0	1	0	0	1	1	0	0	1	0	0	0	0	0
0	1	0	0	1	0	0	0	0	1	1	0	0	0	1	0	1	0	0
1	1	1	1	0	0	1	1	0	0	1	0	0	0	1	1	0	1	0
1	0	0	0	0	0	1	1	0	1	1	0	0	1	1	1	1	0	0
1	1	1	0	1	1	0	1	1	0	0	0	0	1	1	1	1	0	1
0	0	0	0	1	1	1	0	1	0	0	1	0	1	1	1	1	0	0
0	0	0	0	0	0	1	1	0	1	1	0	1	1	1	1	1	0	0
1	1	1	1	0	1	0	0	1	0	1	0	0	1	0	1	1	0	0
0	0	1	1	1	1	0	0	1	1	0	0	0	1	1	1	1	0	0
1	0	0	0	0	0	0	1	0	0	0	0	0	0	0	1	0	0	0
0	0	0	0	0	0	0	0	1	0	0	0	0	0	0	0	0	0	0
1	0	1	0	0	1	1	1	1	1	1	0	0	0	1	1	1	0	0
1	0	0	1	1	1	1	1	1	0	1	0	0	1	0	1	1	0	0
0	0	0	0	1	1	1	1	1	1	1	1	0	1	1	0	1	0	0
1	0	0	1	0	1	1	1	1	1	1	0	0	1	1	1	0	0	0
0	0	0	0	1	0	0	0	0	0	0	0	0	0	0	0	0	0	0
0	0	0	0	0	0	1	0	0	0	0	0	0	0	0	0	0	0	0
DIFF_EDGE
0 0
CHROM_NUMBER
10
EOF
