TYPE : graph_{count}
DIMENSION: 20
EDGE_DATA_FORMAT: EDGE_LIST
EDGE_WEIGHT_TYPE: EXPLICIT
EDGE_WEIGHT_FORMAT: FULL_MATRIX
EDGE_DATA_SECTION
0 2
0 4
0 7
0 11
0 13
0 14
0 15
0 16
1 2
1 3
1 5
1 6
1 7
1 8
1 9
1 10
1 13
1 14
1 15
1 16
1 17
1 19
2 6
2 7
2 8
2 13
2 14
2 15
2 17
2 19
3 4
3 5
3 6
3 8
3 9
3 10
3 13
3 14
3 15
3 16
3 17
3 19
4 6
4 9
4 13
4 14
4 15
4 17
5 6
5 7
5 8
5 12
5 14
5 17
6 10
6 13
6 14
6 15
6 16
6 17
6 19
7 10
7 14
7 15
7 19
8 9
8 10
8 15
8 18
9 10
9 15
9 19
10 11
10 12
10 13
10 14
10 15
10 16
10 17
10 19
11 17
12 13
12 14
12 15
12 16
12 19
13 14
13 15
13 16
13 17
13 19
14 15
14 16
14 17
14 19
15 16
15 17
15 19
16 17
16 18
16 19
17 19
-1
EDGE_WEIGHT_SECTION
0	0	1	0	1	0	0	1	0	0	0	1	0	1	1	1	1	0	0	0
0	0	1	1	0	1	1	1	1	1	1	0	0	1	1	1	1	1	0	1
1	1	0	0	0	0	1	1	1	0	0	0	0	1	1	1	0	1	0	1
0	1	0	0	1	1	1	0	1	1	1	0	0	1	1	1	1	1	0	1
1	0	0	1	0	0	1	0	0	1	0	0	0	1	1	1	0	1	0	0
0	1	0	1	0	0	1	1	1	0	0	0	1	0	1	0	0	1	0	0
0	1	1	1	1	1	0	0	0	0	1	0	0	1	1	1	1	1	0	1
1	1	1	0	0	1	0	0	0	0	1	0	0	0	1	1	0	0	0	1
0	1	1	1	0	1	0	0	0	1	1	0	0	0	0	1	0	0	1	0
0	1	0	1	1	0	0	0	1	0	1	0	0	0	0	1	0	0	0	1
0	1	0	1	0	0	1	1	1	1	0	1	1	1	1	1	1	1	0	1
1	0	0	0	0	0	0	0	0	0	1	0	0	0	0	0	0	1	0	0
0	0	0	0	0	1	0	0	0	0	1	0	0	1	1	1	1	0	0	1
1	1	1	1	1	0	1	0	0	0	1	0	1	0	1	1	1	1	0	1
1	1	1	1	1	1	1	1	0	0	1	0	1	1	1	1	1	1	0	1
1	1	1	1	1	0	1	1	1	1	1	0	1	1	1	1	1	1	0	1
1	1	0	1	0	0	1	0	0	0	1	0	1	1	1	1	0	1	1	1
0	1	1	1	1	1	1	0	0	0	1	1	0	1	1	1	1	1	0	1
0	0	0	0	0	0	0	0	1	0	0	0	0	0	0	0	1	0	0	0
0	1	1	1	0	0	1	1	0	1	1	0	1	1	1	1	1	1	0	0
DIFF_EDGE
0 0
CHROM_NUMBER
13
EOF
