TYPE : graph_{count}
DIMENSION: 16
EDGE_DATA_FORMAT: EDGE_LIST
EDGE_WEIGHT_TYPE: EXPLICIT
EDGE_WEIGHT_FORMAT: FULL_MATRIX
EDGE_DATA_SECTION
0 2
0 4
0 6
0 7
0 8
0 10
0 13
0 14
0 15
1 2
1 3
1 6
1 8
1 9
1 15
2 3
2 5
2 6
2 8
2 9
2 10
2 13
2 14
2 15
3 4
3 5
3 8
3 13
3 15
4 6
4 8
4 9
4 10
4 14
5 6
5 8
5 9
5 10
5 13
6 8
6 9
6 10
6 13
6 14
6 15
7 8
7 9
7 11
7 14
7 15
8 10
8 12
8 13
8 14
8 15
9 10
9 13
10 11
10 13
10 14
10 15
13 14
13 15
14 15
-1
EDGE_WEIGHT_SECTION
0	0	1	0	1	0	1	1	1	0	1	0	0	1	1	1
0	0	1	1	0	0	1	0	1	1	0	0	0	0	0	1
1	1	0	1	0	1	1	0	1	1	1	0	0	1	1	1
0	1	1	0	1	1	0	0	1	0	0	0	0	1	0	1
1	0	0	1	0	0	1	0	1	1	1	0	0	0	1	0
0	0	1	1	0	0	1	0	1	1	1	0	0	1	0	0
1	1	1	0	1	1	0	0	1	1	1	0	0	1	1	1
1	0	0	0	0	0	0	0	1	1	0	1	0	0	1	1
1	1	1	1	1	1	1	1	0	0	1	0	1	1	1	1
0	1	1	0	1	1	1	1	0	0	1	0	0	1	0	0
1	0	1	0	1	1	1	0	1	1	0	1	0	1	1	1
0	0	0	0	0	0	0	1	0	0	1	0	0	0	0	0
0	0	0	0	0	0	0	0	1	0	0	0	0	0	0	0
1	0	1	1	0	1	1	0	1	1	1	0	0	0	1	1
1	0	1	0	1	0	1	1	1	0	1	0	0	1	0	1
1	1	1	1	0	0	1	1	1	0	1	0	0	1	1	0
DIFF_EDGE
0 0
CHROM_NUMBER
10
EOF
