TYPE : graph_{count}
DIMENSION: 17
EDGE_DATA_FORMAT: EDGE_LIST
EDGE_WEIGHT_TYPE: EXPLICIT
EDGE_WEIGHT_FORMAT: FULL_MATRIX
EDGE_DATA_SECTION
0 1
0 6
0 8
0 9
0 11
0 12
0 13
0 15
1 3
1 4
1 13
1 14
2 5
2 14
3 6
3 7
3 8
3 9
3 12
3 13
3 14
4 7
4 8
4 9
4 10
4 14
5 6
5 14
6 9
7 8
7 13
7 14
7 15
8 10
8 13
8 14
9 14
10 11
10 14
11 16
12 14
13 14
-1
EDGE_WEIGHT_SECTION
0	1	0	0	0	0	1	0	1	1	0	1	1	1	0	1	0
1	0	0	1	1	0	0	0	0	0	0	0	0	1	1	0	0
0	0	0	0	0	1	0	0	0	0	0	0	0	0	1	0	0
0	1	0	0	0	0	1	1	1	1	0	0	1	1	1	0	0
0	1	0	0	0	0	0	1	1	1	1	0	0	0	1	0	0
0	0	1	0	0	0	1	0	0	0	0	0	0	0	1	0	0
1	0	0	1	0	1	0	0	0	1	0	0	0	0	0	0	0
0	0	0	1	1	0	0	0	1	0	0	0	0	1	1	1	0
1	0	0	1	1	0	0	1	0	0	1	0	0	1	1	0	0
1	0	0	1	1	0	1	0	0	0	0	0	0	0	1	0	0
0	0	0	0	1	0	0	0	1	0	0	1	0	0	1	0	0
1	0	0	0	0	0	0	0	0	0	1	0	0	0	0	0	1
1	0	0	1	0	0	0	0	0	0	0	0	0	0	1	0	0
1	1	0	1	0	0	0	1	1	0	0	0	0	0	1	0	0
0	1	1	1	1	1	0	1	1	1	1	0	1	1	0	0	0
1	0	0	0	0	0	0	1	0	0	0	0	0	0	0	0	0
0	0	0	0	0	0	0	0	0	0	0	1	0	0	0	0	0
DIFF_EDGE
0 0
CHROM_NUMBER
7
EOF
