TYPE : graph_{count}
DIMENSION: 15
EDGE_DATA_FORMAT: EDGE_LIST
EDGE_WEIGHT_TYPE: EXPLICIT
EDGE_WEIGHT_FORMAT: FULL_MATRIX
EDGE_DATA_SECTION
0 1
0 5
0 7
1 4
1 6
1 7
1 10
1 11
1 13
2 3
2 9
3 4
3 5
3 6
3 10
3 11
3 13
4 6
4 7
4 8
4 10
4 11
5 7
5 8
5 9
5 10
5 11
5 14
6 8
7 10
7 11
8 10
8 11
8 12
9 11
10 11
-1
EDGE_WEIGHT_SECTION
0	1	0	0	0	1	0	1	0	0	0	0	0	0	0
1	0	0	0	1	0	1	1	0	0	1	1	0	1	0
0	0	0	1	0	0	0	0	0	1	0	0	0	0	0
0	0	1	0	1	1	1	0	0	0	1	1	0	1	0
0	1	0	1	0	0	1	1	1	0	1	1	0	0	0
1	0	0	1	0	0	0	1	1	1	1	1	0	0	1
0	1	0	1	1	0	0	0	1	0	0	0	0	0	0
1	1	0	0	1	1	0	0	0	0	1	1	0	0	0
0	0	0	0	1	1	1	0	0	0	1	1	1	0	0
0	0	1	0	0	1	0	0	0	0	0	1	0	0	0
0	1	0	1	1	1	0	1	1	0	0	1	0	0	0
0	1	0	1	1	1	0	1	1	1	1	1	0	0	0
0	0	0	0	0	0	0	0	1	0	0	0	0	0	0
0	1	0	1	0	0	0	0	0	0	0	0	0	0	0
0	0	0	0	0	1	0	0	0	0	0	0	0	0	0
DIFF_EDGE
0 0
CHROM_NUMBER
7
EOF
