TYPE : graph_{count}
DIMENSION: 16
EDGE_DATA_FORMAT: EDGE_LIST
EDGE_WEIGHT_TYPE: EXPLICIT
EDGE_WEIGHT_FORMAT: FULL_MATRIX
EDGE_DATA_SECTION
0 3
0 4
0 5
0 7
0 8
0 9
0 11
1 2
1 5
2 4
2 5
2 6
2 11
3 4
3 5
3 6
3 9
3 10
3 11
3 12
4 6
4 7
4 9
4 11
6 9
6 10
6 11
7 8
7 9
7 10
7 11
7 12
8 10
9 10
9 11
9 15
10 13
12 14
-1
EDGE_WEIGHT_SECTION
0	0	0	1	1	1	0	1	1	1	0	1	0	0	0	0
0	0	1	0	0	1	0	0	0	0	0	0	0	0	0	0
0	1	0	0	1	1	1	0	0	0	0	1	0	0	0	0
1	0	0	0	1	1	1	0	0	1	1	1	1	0	0	0
1	0	1	1	0	0	1	1	0	1	0	1	0	0	0	0
1	1	1	1	0	0	0	0	0	0	0	0	0	0	0	0
0	0	1	1	1	0	0	0	0	1	1	1	0	0	0	0
1	0	0	0	1	0	0	0	1	1	1	1	1	0	0	0
1	0	0	0	0	0	0	1	0	0	1	0	0	0	0	0
1	0	0	1	1	0	1	1	0	0	1	1	0	0	0	1
0	0	0	1	0	0	1	1	1	1	0	0	0	1	0	0
1	0	1	1	1	0	1	1	0	1	0	0	0	0	0	0
0	0	0	1	0	0	0	1	0	0	0	0	0	0	1	0
0	0	0	0	0	0	0	0	0	0	1	0	0	0	0	0
0	0	0	0	0	0	0	0	0	0	0	0	1	0	0	0
0	0	0	0	0	0	0	0	0	1	0	0	0	0	0	0
DIFF_EDGE
0 0
CHROM_NUMBER
7
EOF
