TYPE : graph_{count}
DIMENSION: 18
EDGE_DATA_FORMAT: EDGE_LIST
EDGE_WEIGHT_TYPE: EXPLICIT
EDGE_WEIGHT_FORMAT: FULL_MATRIX
EDGE_DATA_SECTION
0 2
0 6
0 7
0 8
0 10
0 12
1 2
1 3
1 6
1 7
1 12
1 17
2 4
2 6
2 10
2 12
3 4
3 5
3 6
3 12
3 14
3 16
4 6
4 12
5 7
6 7
6 10
6 12
7 13
8 9
8 12
8 16
9 14
9 15
10 15
11 12
11 13
-1
EDGE_WEIGHT_SECTION
0	0	1	0	0	0	1	1	1	0	1	0	1	0	0	0	0	0
0	0	1	1	0	0	1	1	0	0	0	0	1	0	0	0	0	1
1	1	0	0	1	0	1	0	0	0	1	0	1	0	0	0	0	0
0	1	0	0	1	1	1	0	0	0	0	0	1	0	1	0	1	0
0	0	1	1	0	0	1	0	0	0	0	0	1	0	0	0	0	0
0	0	0	1	0	0	0	1	0	0	0	0	0	0	0	0	0	0
1	1	1	1	1	0	0	1	0	0	1	0	1	0	0	0	0	0
1	1	0	0	0	1	1	0	0	0	0	0	0	1	0	0	0	0
1	0	0	0	0	0	0	0	0	1	0	0	1	0	0	0	1	0
0	0	0	0	0	0	0	0	1	0	0	0	0	0	1	1	0	0
1	0	1	0	0	0	1	0	0	0	0	0	0	0	0	1	0	0
0	0	0	0	0	0	0	0	0	0	0	0	1	1	0	0	0	0
1	1	1	1	1	0	1	0	1	0	0	1	1	0	0	0	0	0
0	0	0	0	0	0	0	1	0	0	0	1	0	0	0	0	0	0
0	0	0	1	0	0	0	0	0	1	0	0	0	0	0	0	0	0
0	0	0	0	0	0	0	0	0	1	1	0	0	0	0	0	0	0
0	0	0	1	0	0	0	0	1	0	0	0	0	0	0	0	0	0
0	1	0	0	0	0	0	0	0	0	0	0	0	0	0	0	0	0
DIFF_EDGE
0 0
CHROM_NUMBER
6
EOF
