TYPE : graph_{count}
DIMENSION: 21
EDGE_DATA_FORMAT: EDGE_LIST
EDGE_WEIGHT_TYPE: EXPLICIT
EDGE_WEIGHT_FORMAT: FULL_MATRIX
EDGE_DATA_SECTION
0 1
0 2
0 6
0 11
0 13
1 3
1 4
1 5
1 8
1 11
1 13
1 17
2 10
2 11
2 17
2 19
3 5
3 9
3 11
3 13
3 14
4 5
4 6
4 9
4 13
4 17
5 7
5 10
5 11
5 12
5 13
5 17
6 11
6 13
6 14
6 17
6 20
7 9
7 17
8 10
8 11
8 19
9 10
9 11
9 12
9 17
10 13
10 17
11 13
11 16
11 18
12 13
13 17
14 15
15 17
16 17
-1
EDGE_WEIGHT_SECTION
0	1	1	0	0	0	1	0	0	0	0	1	0	1	0	0	0	0	0	0	0
1	0	0	1	1	1	0	0	1	0	0	1	0	1	0	0	0	1	0	0	0
1	0	0	0	0	0	0	0	0	0	1	1	0	0	0	0	0	1	0	1	0
0	1	0	0	0	1	0	0	0	1	0	1	0	1	1	0	0	0	0	0	0
0	1	0	0	0	1	1	0	0	1	0	0	0	1	0	0	0	1	0	0	0
0	1	0	1	1	0	0	1	0	0	1	1	1	1	0	0	0	1	0	0	0
1	0	0	0	1	0	0	0	0	0	0	1	0	1	1	0	0	1	0	0	1
0	0	0	0	0	1	0	0	0	1	0	0	0	0	0	0	0	1	0	0	0
0	1	0	0	0	0	0	0	0	0	1	1	0	0	0	0	0	0	0	1	0
0	0	0	1	1	0	0	1	0	0	1	1	1	0	0	0	0	1	0	0	0
0	0	1	0	0	1	0	0	1	1	0	0	0	1	0	0	0	1	0	0	0
1	1	1	1	0	1	1	0	1	1	0	0	0	1	0	0	1	0	1	0	0
0	0	0	0	0	1	0	0	0	1	0	0	0	1	0	0	0	0	0	0	0
1	1	0	1	1	1	1	0	0	0	1	1	1	0	0	0	0	1	0	0	0
0	0	0	1	0	0	1	0	0	0	0	0	0	0	0	1	0	0	0	0	0
0	0	0	0	0	0	0	0	0	0	0	0	0	0	1	0	0	1	0	0	0
0	0	0	0	0	0	0	0	0	0	0	1	0	0	0	0	0	1	0	0	0
0	1	1	0	1	1	1	1	0	1	1	0	0	1	0	1	1	0	0	0	0
0	0	0	0	0	0	0	0	0	0	0	1	0	0	0	0	0	0	0	0	0
0	0	1	0	0	0	0	0	1	0	0	0	0	0	0	0	0	0	0	0	0
0	0	0	0	0	0	1	0	0	0	0	0	0	0	0	0	0	0	0	0	0
DIFF_EDGE
0 0
CHROM_NUMBER
8
EOF
