TYPE : graph_{count}
DIMENSION: 17
EDGE_DATA_FORMAT: EDGE_LIST
EDGE_WEIGHT_TYPE: EXPLICIT
EDGE_WEIGHT_FORMAT: FULL_MATRIX
EDGE_DATA_SECTION
0 4
0 5
0 8
0 9
0 14
0 16
1 4
1 9
1 12
2 3
2 5
2 8
2 10
3 4
3 11
3 15
4 6
4 7
4 13
4 14
4 16
5 9
5 11
5 14
5 16
6 8
6 9
6 12
7 9
7 14
8 14
8 16
9 14
10 13
11 14
12 16
13 16
14 15
14 16
15 16
-1
EDGE_WEIGHT_SECTION
0	0	0	0	1	1	0	0	1	1	0	0	0	0	1	0	1
0	0	0	0	1	0	0	0	0	1	0	0	1	0	0	0	0
0	0	0	1	0	1	0	0	1	0	1	0	0	0	0	0	0
0	0	1	0	1	0	0	0	0	0	0	1	0	0	0	1	0
1	1	0	1	0	0	1	1	0	0	0	0	0	1	1	0	1
1	0	1	0	0	0	0	0	0	1	0	1	0	0	1	0	1
0	0	0	0	1	0	0	0	1	1	0	0	1	0	0	0	0
0	0	0	0	1	0	0	0	0	1	0	0	0	0	1	0	0
1	0	1	0	0	0	1	0	0	0	0	0	0	0	1	0	1
1	1	0	0	0	1	1	1	0	0	0	0	0	0	1	0	0
0	0	1	0	0	0	0	0	0	0	0	0	0	1	0	0	0
0	0	0	1	0	1	0	0	0	0	0	0	0	0	1	0	0
0	1	0	0	0	0	1	0	0	0	0	0	0	0	0	0	1
0	0	0	0	1	0	0	0	0	0	1	0	0	0	0	0	1
1	0	0	0	1	1	0	1	1	1	0	1	0	0	0	1	1
0	0	0	1	0	0	0	0	0	0	0	0	0	0	1	0	1
1	0	0	0	1	1	0	0	1	0	0	0	1	1	1	1	0
DIFF_EDGE
0 0
CHROM_NUMBER
7
EOF
