TYPE : graph_{count}
DIMENSION: 21
EDGE_DATA_FORMAT: EDGE_LIST
EDGE_WEIGHT_TYPE: EXPLICIT
EDGE_WEIGHT_FORMAT: FULL_MATRIX
EDGE_DATA_SECTION
0 2
0 3
0 8
0 10
0 15
0 20
1 2
1 3
1 4
1 6
1 7
1 10
1 12
1 20
2 5
2 8
2 9
2 10
2 11
2 12
3 4
3 5
3 6
3 20
4 5
4 8
4 10
4 12
4 18
5 8
5 9
5 17
5 18
5 20
6 10
6 20
7 8
7 9
7 10
7 16
7 17
7 18
8 9
8 10
8 12
8 17
8 18
8 20
9 10
9 12
9 17
9 18
9 20
10 12
10 13
10 18
10 19
11 17
11 18
11 20
12 17
12 18
12 20
13 17
13 18
13 20
14 15
14 16
14 20
15 20
16 20
17 18
17 20
18 20
-1
EDGE_WEIGHT_SECTION
0	0	1	1	0	0	0	0	1	0	1	0	0	0	0	1	0	0	0	0	1
0	0	1	1	1	0	1	1	0	0	1	0	1	0	0	0	0	0	0	0	1
1	1	0	0	0	1	0	0	1	1	1	1	1	0	0	0	0	0	0	0	0
1	1	0	0	1	1	1	0	0	0	0	0	0	0	0	0	0	0	0	0	1
0	1	0	1	0	1	0	0	1	0	1	0	1	0	0	0	0	0	1	0	0
0	0	1	1	1	0	0	0	1	1	0	0	0	0	0	0	0	1	1	0	1
0	1	0	1	0	0	0	0	0	0	1	0	0	0	0	0	0	0	0	0	1
0	1	0	0	0	0	0	0	1	1	1	0	0	0	0	0	1	1	1	0	0
1	0	1	0	1	1	0	1	0	1	1	0	1	0	0	0	0	1	1	0	1
0	0	1	0	0	1	0	1	1	0	1	0	1	0	0	0	0	1	1	0	1
1	1	1	0	1	0	1	1	1	1	0	0	1	1	0	0	0	0	1	1	0
0	0	1	0	0	0	0	0	0	0	0	0	0	0	0	0	0	1	1	0	1
0	1	1	0	1	0	0	0	1	1	1	0	0	0	0	0	0	1	1	0	1
0	0	0	0	0	0	0	0	0	0	1	0	0	0	0	0	0	1	1	0	1
0	0	0	0	0	0	0	0	0	0	0	0	0	0	0	1	1	0	0	0	1
1	0	0	0	0	0	0	0	0	0	0	0	0	0	1	0	0	0	0	0	1
0	0	0	0	0	0	0	1	0	0	0	0	0	0	1	0	0	0	0	0	1
0	0	0	0	0	1	0	1	1	1	0	1	1	1	0	0	0	0	1	0	1
0	0	0	0	1	1	0	1	1	1	1	1	1	1	0	0	0	1	1	0	1
0	0	0	0	0	0	0	0	0	0	1	0	0	0	0	0	0	0	0	0	0
1	1	0	1	0	1	1	0	1	1	0	1	1	1	1	1	1	1	1	0	0
DIFF_EDGE
0 0
CHROM_NUMBER
10
EOF
