TYPE : graph_{count}
DIMENSION: 18
EDGE_DATA_FORMAT: EDGE_LIST
EDGE_WEIGHT_TYPE: EXPLICIT
EDGE_WEIGHT_FORMAT: FULL_MATRIX
EDGE_DATA_SECTION
0 5
0 6
0 7
0 8
0 12
1 3
2 4
2 7
2 8
2 9
2 10
2 16
3 4
3 7
3 12
3 15
4 5
4 7
4 10
4 11
5 6
5 17
6 7
6 10
7 8
7 10
7 14
8 9
8 10
8 13
9 11
9 15
10 17
-1
EDGE_WEIGHT_SECTION
0	0	0	0	0	1	1	1	1	0	0	0	1	0	0	0	0	0
0	0	0	1	0	0	0	0	0	0	0	0	0	0	0	0	0	0
0	0	0	0	1	0	0	1	1	1	1	0	0	0	0	0	1	0
0	1	0	0	1	0	0	1	0	0	0	0	1	0	0	1	0	0
0	0	1	1	0	1	0	1	0	0	1	1	0	0	0	0	0	0
1	0	0	0	1	0	1	0	0	0	0	0	0	0	0	0	0	1
1	0	0	0	0	1	0	1	0	0	1	0	0	0	0	0	0	0
1	0	1	1	1	0	1	0	1	0	1	0	0	0	1	0	0	0
1	0	1	0	0	0	0	1	0	1	1	0	0	1	0	0	0	0
0	0	1	0	0	0	0	0	1	0	0	1	0	0	0	1	0	0
0	0	1	0	1	0	1	1	1	0	0	0	0	0	0	0	0	1
0	0	0	0	1	0	0	0	0	1	0	0	0	0	0	0	0	0
1	0	0	1	0	0	0	0	0	0	0	0	0	0	0	0	0	0
0	0	0	0	0	0	0	0	1	0	0	0	0	0	0	0	0	0
0	0	0	0	0	0	0	1	0	0	0	0	0	0	0	0	0	0
0	0	0	1	0	0	0	0	0	1	0	0	0	0	0	0	0	0
0	0	1	0	0	0	0	0	0	0	0	0	0	0	0	0	0	0
0	0	0	0	0	1	0	0	0	0	1	0	0	0	0	0	0	0
DIFF_EDGE
0 0
CHROM_NUMBER
5
EOF
