TYPE : graph_{count}
DIMENSION: 19
EDGE_DATA_FORMAT: EDGE_LIST
EDGE_WEIGHT_TYPE: EXPLICIT
EDGE_WEIGHT_FORMAT: FULL_MATRIX
EDGE_DATA_SECTION
0 2
0 3
0 5
0 9
0 10
0 11
0 12
0 14
0 17
1 3
1 4
1 5
1 8
1 9
1 10
2 3
2 4
2 5
2 6
2 8
2 9
2 10
2 11
2 12
2 17
3 4
3 5
3 6
3 8
3 9
3 10
3 11
3 12
3 17
4 5
4 8
4 9
5 9
5 10
5 11
5 12
5 13
5 17
6 8
6 13
7 10
9 10
9 11
9 12
9 17
10 11
10 12
10 16
10 17
11 12
11 17
12 17
12 18
13 17
14 15
14 17
-1
EDGE_WEIGHT_SECTION
0	0	1	1	0	1	0	0	0	1	1	1	1	0	1	0	0	1	0
0	0	0	1	1	1	0	0	1	1	1	0	0	0	0	0	0	0	0
1	0	0	1	1	1	1	0	1	1	1	1	1	0	0	0	0	1	0
1	1	1	0	1	1	1	0	1	1	1	1	1	0	0	0	0	1	0
0	1	1	1	0	1	0	0	1	1	0	0	0	0	0	0	0	0	0
1	1	1	1	1	0	0	0	0	1	1	1	1	1	0	0	0	1	0
0	0	1	1	0	0	0	0	1	0	0	0	0	1	0	0	0	0	0
0	0	0	0	0	0	0	0	0	0	1	0	0	0	0	0	0	0	0
0	1	1	1	1	0	1	0	0	0	0	0	0	0	0	0	0	0	0
1	1	1	1	1	1	0	0	0	0	1	1	1	0	0	0	0	1	0
1	1	1	1	0	1	0	1	0	1	0	1	1	0	0	0	1	1	0
1	0	1	1	0	1	0	0	0	1	1	1	1	0	0	0	0	1	0
1	0	1	1	0	1	0	0	0	1	1	1	0	0	0	0	0	1	1
0	0	0	0	0	1	1	0	0	0	0	0	0	0	0	0	0	1	0
1	0	0	0	0	0	0	0	0	0	0	0	0	0	0	1	0	1	0
0	0	0	0	0	0	0	0	0	0	0	0	0	0	1	0	0	0	0
0	0	0	0	0	0	0	0	0	0	1	0	0	0	0	0	0	0	0
1	0	1	1	0	1	0	0	0	1	1	1	1	1	1	0	0	1	0
0	0	0	0	0	0	0	0	0	0	0	0	1	0	0	0	0	0	0
DIFF_EDGE
0 0
CHROM_NUMBER
9
EOF
