TYPE : graph_{count}
DIMENSION: 19
EDGE_DATA_FORMAT: EDGE_LIST
EDGE_WEIGHT_TYPE: EXPLICIT
EDGE_WEIGHT_FORMAT: FULL_MATRIX
EDGE_DATA_SECTION
0 2
0 7
0 8
0 9
0 14
0 15
0 17
1 3
1 4
1 5
1 7
1 8
1 9
1 10
1 12
1 15
1 17
1 18
2 3
2 7
2 9
2 12
2 13
2 14
2 17
3 5
4 6
4 8
4 10
5 11
6 9
6 10
6 13
6 15
7 8
7 9
7 10
7 14
7 15
7 17
7 18
8 9
8 10
8 11
8 15
9 10
9 14
9 15
9 17
9 18
10 14
10 17
10 18
11 14
11 16
11 17
12 14
12 17
12 18
13 14
13 17
13 18
14 15
14 17
14 18
15 17
15 18
16 17
16 18
17 18
-1
EDGE_WEIGHT_SECTION
0	0	1	0	0	0	0	1	1	1	0	0	0	0	1	1	0	1	0
0	0	0	1	1	1	0	1	1	1	1	0	1	0	0	1	0	1	1
1	0	0	1	0	0	0	1	0	1	0	0	1	1	1	0	0	1	0
0	1	1	0	0	1	0	0	0	0	0	0	0	0	0	0	0	0	0
0	1	0	0	0	0	1	0	1	0	1	0	0	0	0	0	0	0	0
0	1	0	1	0	0	0	0	0	0	0	1	0	0	0	0	0	0	0
0	0	0	0	1	0	0	0	0	1	1	0	0	1	0	1	0	0	0
1	1	1	0	0	0	0	0	1	1	1	0	0	0	1	1	0	1	1
1	1	0	0	1	0	0	1	0	1	1	1	0	0	0	1	0	0	0
1	1	1	0	0	0	1	1	1	0	1	0	0	0	1	1	0	1	1
0	1	0	0	1	0	1	1	1	1	0	0	0	0	1	0	0	1	1
0	0	0	0	0	1	0	0	1	0	0	0	0	0	1	0	1	1	0
0	1	1	0	0	0	0	0	0	0	0	0	0	0	1	0	0	1	1
0	0	1	0	0	0	1	0	0	0	0	0	0	0	1	0	0	1	1
1	0	1	0	0	0	0	1	0	1	1	1	1	1	0	1	0	1	1
1	1	0	0	0	0	1	1	1	1	0	0	0	0	1	0	0	1	1
0	0	0	0	0	0	0	0	0	0	0	1	0	0	0	0	0	1	1
1	1	1	0	0	0	0	1	0	1	1	1	1	1	1	1	1	1	1
0	1	0	0	0	0	0	1	0	1	1	0	1	1	1	1	1	1	0
DIFF_EDGE
0 0
CHROM_NUMBER
10
EOF
