TYPE : graph_{count}
DIMENSION: 17
EDGE_DATA_FORMAT: EDGE_LIST
EDGE_WEIGHT_TYPE: EXPLICIT
EDGE_WEIGHT_FORMAT: FULL_MATRIX
EDGE_DATA_SECTION
0 2
0 4
0 8
0 13
0 14
0 15
1 2
1 3
1 5
1 8
1 9
1 12
1 13
1 15
2 4
2 5
2 8
2 9
2 10
2 13
3 7
3 8
3 11
3 13
4 5
4 6
4 9
4 10
5 6
5 7
5 10
5 13
6 8
6 10
7 10
7 13
8 9
8 13
8 16
9 13
10 13
11 13
11 14
12 13
-1
EDGE_WEIGHT_SECTION
0	0	1	0	1	0	0	0	1	0	0	0	0	1	1	1	0
0	0	1	1	0	1	0	0	1	1	0	0	1	1	0	1	0
1	1	0	0	1	1	0	0	1	1	1	0	0	1	0	0	0
0	1	0	0	0	0	0	1	1	0	0	1	0	1	0	0	0
1	0	1	0	0	1	1	0	0	1	1	0	0	0	0	0	0
0	1	1	0	1	0	1	1	0	0	1	0	0	1	0	0	0
0	0	0	0	1	1	0	0	1	0	1	0	0	0	0	0	0
0	0	0	1	0	1	0	0	0	0	1	0	0	1	0	0	0
1	1	1	1	0	0	1	0	0	1	0	0	0	1	0	0	1
0	1	1	0	1	0	0	0	1	0	0	0	0	1	0	0	0
0	0	1	0	1	1	1	1	0	0	0	0	0	1	0	0	0
0	0	0	1	0	0	0	0	0	0	0	0	0	1	1	0	0
0	1	0	0	0	0	0	0	0	0	0	0	0	1	0	0	0
1	1	1	1	0	1	0	1	1	1	1	1	1	1	0	0	0
1	0	0	0	0	0	0	0	0	0	0	1	0	0	0	0	0
1	1	0	0	0	0	0	0	0	0	0	0	0	0	0	0	0
0	0	0	0	0	0	0	0	1	0	0	0	0	0	0	0	0
DIFF_EDGE
0 0
CHROM_NUMBER
7
EOF
