TYPE : graph_{count}
DIMENSION: 21
EDGE_DATA_FORMAT: EDGE_LIST
EDGE_WEIGHT_TYPE: EXPLICIT
EDGE_WEIGHT_FORMAT: FULL_MATRIX
EDGE_DATA_SECTION
0 1
0 5
0 9
0 15
1 2
1 4
1 6
1 8
1 9
1 11
1 14
1 15
1 19
1 20
2 3
2 4
2 6
2 7
2 11
2 12
2 19
2 20
3 4
3 8
3 9
3 10
4 5
4 7
4 11
4 14
4 15
4 16
4 18
4 19
5 15
5 20
6 7
6 8
6 9
6 10
6 11
6 14
6 15
6 19
6 20
7 8
7 9
7 10
7 14
7 20
8 9
8 11
8 14
8 15
8 19
8 20
9 11
9 14
9 15
9 17
9 19
10 16
10 17
11 13
11 14
11 15
11 19
11 20
12 14
12 15
12 20
13 14
13 15
14 15
14 19
14 20
15 19
15 20
17 19
17 20
19 20
-1
EDGE_WEIGHT_SECTION
0	1	0	0	0	1	0	0	0	1	0	0	0	0	0	1	0	0	0	0	0
1	0	1	0	1	0	1	0	1	1	0	1	0	0	1	1	0	0	0	1	1
0	1	0	1	1	0	1	1	0	0	0	1	1	0	0	0	0	0	0	1	1
0	0	1	0	1	0	0	0	1	1	1	0	0	0	0	0	0	0	0	0	0
0	1	1	1	0	1	0	1	0	0	0	1	0	0	1	1	1	0	1	1	0
1	0	0	0	1	0	0	0	0	0	0	0	0	0	0	1	0	0	0	0	1
0	1	1	0	0	0	0	1	1	1	1	1	0	0	1	1	0	0	0	1	1
0	0	1	0	1	0	1	0	1	1	1	0	0	0	1	0	0	0	0	0	1
0	1	0	1	0	0	1	1	0	1	0	1	0	0	1	1	0	0	0	1	1
1	1	0	1	0	0	1	1	1	0	0	1	0	0	1	1	0	1	0	1	0
0	0	0	1	0	0	1	1	0	0	0	0	0	0	0	0	1	1	0	0	0
0	1	1	0	1	0	1	0	1	1	0	0	0	1	1	1	0	0	0	1	1
0	0	1	0	0	0	0	0	0	0	0	0	0	0	1	1	0	0	0	0	1
0	0	0	0	0	0	0	0	0	0	0	1	0	0	1	1	0	0	0	0	0
0	1	0	0	1	0	1	1	1	1	0	1	1	1	0	1	0	0	0	1	1
1	1	0	0	1	1	1	0	1	1	0	1	1	1	1	0	0	0	0	1	1
0	0	0	0	1	0	0	0	0	0	1	0	0	0	0	0	0	0	0	0	0
0	0	0	0	0	0	0	0	0	1	1	0	0	0	0	0	0	0	0	1	1
0	0	0	0	1	0	0	0	0	0	0	0	0	0	0	0	0	0	0	0	0
0	1	1	0	1	0	1	0	1	1	0	1	0	0	1	1	0	1	0	0	1
0	1	1	0	0	1	1	1	1	0	0	1	1	0	1	1	0	1	0	1	0
DIFF_EDGE
0 0
CHROM_NUMBER
11
EOF
