TYPE : graph_{count}
DIMENSION: 19
EDGE_DATA_FORMAT: EDGE_LIST
EDGE_WEIGHT_TYPE: EXPLICIT
EDGE_WEIGHT_FORMAT: FULL_MATRIX
EDGE_DATA_SECTION
0 4
0 7
0 8
0 9
0 11
0 12
0 13
0 15
0 18
1 7
1 8
1 16
2 7
2 8
2 9
2 10
2 11
2 18
3 4
3 6
3 7
3 11
3 16
3 17
3 18
4 8
4 9
4 10
4 13
4 15
5 7
5 8
5 10
5 11
5 12
5 15
6 7
6 10
7 8
7 11
7 13
7 15
7 18
8 9
8 10
8 11
8 13
8 15
8 18
9 10
9 11
9 13
9 15
9 18
10 13
10 18
11 13
11 15
11 18
12 13
13 14
13 15
13 18
15 18
-1
EDGE_WEIGHT_SECTION
0	0	0	0	1	0	0	1	1	1	0	1	1	1	0	1	0	0	1
0	0	0	0	0	0	0	1	1	0	0	0	0	0	0	0	1	0	0
0	0	0	0	0	0	0	1	1	1	1	1	0	0	0	0	0	0	1
0	0	0	0	1	0	1	1	0	0	0	1	0	0	0	0	1	1	1
1	0	0	1	0	0	0	0	1	1	1	0	0	1	0	1	0	0	0
0	0	0	0	0	0	0	1	1	0	1	1	1	0	0	1	0	0	0
0	0	0	1	0	0	0	1	0	0	1	0	0	0	0	0	0	0	0
1	1	1	1	0	1	1	0	1	0	0	1	0	1	0	1	0	0	1
1	1	1	0	1	1	0	1	0	1	1	1	0	1	0	1	0	0	1
1	0	1	0	1	0	0	0	1	0	1	1	0	1	0	1	0	0	1
0	0	1	0	1	1	1	0	1	1	0	0	0	1	0	0	0	0	1
1	0	1	1	0	1	0	1	1	1	0	0	0	1	0	1	0	0	1
1	0	0	0	0	1	0	0	0	0	0	0	0	1	0	0	0	0	0
1	0	0	0	1	0	0	1	1	1	1	1	1	0	1	1	0	0	1
0	0	0	0	0	0	0	0	0	0	0	0	0	1	0	0	0	0	0
1	0	0	0	1	1	0	1	1	1	0	1	0	1	0	0	0	0	1
0	1	0	1	0	0	0	0	0	0	0	0	0	0	0	0	0	0	0
0	0	0	1	0	0	0	0	0	0	0	0	0	0	0	0	0	0	0
1	0	1	1	0	0	0	1	1	1	1	1	0	1	0	1	0	0	0
DIFF_EDGE
0 0
CHROM_NUMBER
10
EOF
