TYPE : graph_{count}
DIMENSION: 15
EDGE_DATA_FORMAT: EDGE_LIST
EDGE_WEIGHT_TYPE: EXPLICIT
EDGE_WEIGHT_FORMAT: FULL_MATRIX
EDGE_DATA_SECTION
0 1
0 2
0 5
0 6
0 9
0 10
0 12
0 13
0 14
1 2
1 3
1 4
1 5
1 6
1 8
1 10
1 12
1 13
1 14
2 6
2 8
2 11
2 12
2 13
3 7
3 10
3 13
3 14
4 5
4 6
4 7
4 10
4 13
5 7
5 9
5 12
5 14
6 10
6 12
6 13
6 14
7 11
8 9
8 14
10 12
10 13
10 14
11 12
11 14
12 13
12 14
13 14
-1
EDGE_WEIGHT_SECTION
0	1	1	0	0	1	1	0	0	1	1	0	1	1	1
1	0	1	1	1	1	1	0	1	0	1	0	1	1	1
1	1	0	0	0	0	1	0	1	0	0	1	1	1	0
0	1	0	0	0	0	0	1	0	0	1	0	0	1	1
0	1	0	0	0	1	1	1	0	0	1	0	0	1	0
1	1	0	0	1	0	0	1	0	1	0	0	1	0	1
1	1	1	0	1	0	0	0	0	0	1	0	1	1	1
0	0	0	1	1	1	0	0	0	0	0	1	0	0	0
0	1	1	0	0	0	0	0	0	1	0	0	0	0	1
1	0	0	0	0	1	0	0	1	0	0	0	0	0	0
1	1	0	1	1	0	1	0	0	0	0	0	1	1	1
0	0	1	0	0	0	0	1	0	0	0	0	1	0	1
1	1	1	0	0	1	1	0	0	0	1	1	0	1	1
1	1	1	1	1	0	1	0	0	0	1	0	1	0	1
1	1	0	1	0	1	1	0	1	0	1	1	1	1	1
DIFF_EDGE
0 0
CHROM_NUMBER
9
EOF
