TYPE : graph_{count}
DIMENSION: 20
EDGE_DATA_FORMAT: EDGE_LIST
EDGE_WEIGHT_TYPE: EXPLICIT
EDGE_WEIGHT_FORMAT: FULL_MATRIX
EDGE_DATA_SECTION
0 1
0 6
0 7
0 8
0 9
0 10
0 14
0 18
1 3
1 5
1 7
1 9
1 10
1 16
2 4
2 5
2 8
3 4
3 7
3 8
3 10
4 6
4 8
4 9
4 10
4 11
5 6
5 8
5 9
5 14
6 9
6 10
6 14
7 10
7 14
8 10
9 10
9 14
9 19
10 14
10 17
11 13
11 14
11 15
12 18
-1
EDGE_WEIGHT_SECTION
0	1	0	0	0	0	1	1	1	1	1	0	0	0	1	0	0	0	1	0
1	0	0	1	0	1	0	1	0	1	1	0	0	0	0	0	1	0	0	0
0	0	0	0	1	1	0	0	1	0	0	0	0	0	0	0	0	0	0	0
0	1	0	0	1	0	0	1	1	0	1	0	0	0	0	0	0	0	0	0
0	0	1	1	0	0	1	0	1	1	1	1	0	0	0	0	0	0	0	0
0	1	1	0	0	0	1	0	1	1	0	0	0	0	1	0	0	0	0	0
1	0	0	0	1	1	0	0	0	1	1	0	0	0	1	0	0	0	0	0
1	1	0	1	0	0	0	0	0	0	1	0	0	0	1	0	0	0	0	0
1	0	1	1	1	1	0	0	0	0	1	0	0	0	0	0	0	0	0	0
1	1	0	0	1	1	1	0	0	0	1	0	0	0	1	0	0	0	0	1
1	1	0	1	1	0	1	1	1	1	0	0	0	0	1	0	0	1	0	0
0	0	0	0	1	0	0	0	0	0	0	0	0	1	1	1	0	0	0	0
0	0	0	0	0	0	0	0	0	0	0	0	0	0	0	0	0	0	1	0
0	0	0	0	0	0	0	0	0	0	0	1	0	0	0	0	0	0	0	0
1	0	0	0	0	1	1	1	0	1	1	1	0	0	0	0	0	0	0	0
0	0	0	0	0	0	0	0	0	0	0	1	0	0	0	0	0	0	0	0
0	1	0	0	0	0	0	0	0	0	0	0	0	0	0	0	0	0	0	0
0	0	0	0	0	0	0	0	0	0	1	0	0	0	0	0	0	0	0	0
1	0	0	0	0	0	0	0	0	0	0	0	1	0	0	0	0	0	0	0
0	0	0	0	0	0	0	0	0	1	0	0	0	0	0	0	0	0	0	0
DIFF_EDGE
0 0
CHROM_NUMBER
7
EOF
