TYPE : graph_{count}
DIMENSION: 20
EDGE_DATA_FORMAT: EDGE_LIST
EDGE_WEIGHT_TYPE: EXPLICIT
EDGE_WEIGHT_FORMAT: FULL_MATRIX
EDGE_DATA_SECTION
0 2
0 5
0 7
1 6
1 8
1 10
1 11
2 3
2 6
2 14
2 17
3 8
3 9
4 7
4 9
4 13
5 9
5 14
5 18
6 7
6 10
7 8
7 9
7 11
7 14
7 17
8 10
8 14
8 15
8 18
9 12
10 12
10 14
12 14
13 14
13 16
14 19
15 16
-1
EDGE_WEIGHT_SECTION
0	0	1	0	0	1	0	1	0	0	0	0	0	0	0	0	0	0	0	0
0	0	0	0	0	0	1	0	1	0	1	1	0	0	0	0	0	0	0	0
1	0	0	1	0	0	1	0	0	0	0	0	0	0	1	0	0	1	0	0
0	0	1	0	0	0	0	0	1	1	0	0	0	0	0	0	0	0	0	0
0	0	0	0	0	0	0	1	0	1	0	0	0	1	0	0	0	0	0	0
1	0	0	0	0	0	0	0	0	1	0	0	0	0	1	0	0	0	1	0
0	1	1	0	0	0	0	1	0	0	1	0	0	0	0	0	0	0	0	0
1	0	0	0	1	0	1	0	1	1	0	1	0	0	1	0	0	1	0	0
0	1	0	1	0	0	0	1	0	0	1	0	0	0	1	1	0	0	1	0
0	0	0	1	1	1	0	1	0	0	0	0	1	0	0	0	0	0	0	0
0	1	0	0	0	0	1	0	1	0	0	0	1	0	1	0	0	0	0	0
0	1	0	0	0	0	0	1	0	0	0	0	0	0	0	0	0	0	0	0
0	0	0	0	0	0	0	0	0	1	1	0	0	0	1	0	0	0	0	0
0	0	0	0	1	0	0	0	0	0	0	0	0	0	1	0	1	0	0	0
0	0	1	0	0	1	0	1	1	0	1	0	1	1	1	0	0	0	0	1
0	0	0	0	0	0	0	0	1	0	0	0	0	0	0	0	1	0	0	0
0	0	0	0	0	0	0	0	0	0	0	0	0	1	0	1	0	0	0	0
0	0	1	0	0	0	0	1	0	0	0	0	0	0	0	0	0	0	0	0
0	0	0	0	0	1	0	0	1	0	0	0	0	0	0	0	0	0	0	0
0	0	0	0	0	0	0	0	0	0	0	0	0	0	1	0	0	0	0	0
DIFF_EDGE
0 0
CHROM_NUMBER
6
EOF
