TYPE : graph_{count}
DIMENSION: 19
EDGE_DATA_FORMAT: EDGE_LIST
EDGE_WEIGHT_TYPE: EXPLICIT
EDGE_WEIGHT_FORMAT: FULL_MATRIX
EDGE_DATA_SECTION
0 1
0 2
0 4
0 6
0 7
0 12
0 16
0 18
1 2
1 3
1 5
1 7
1 9
1 10
1 11
1 12
1 13
1 16
1 18
2 3
2 5
2 6
2 9
2 10
2 11
2 13
3 4
3 5
3 10
3 12
4 5
4 6
4 7
4 8
4 9
4 11
4 12
4 13
4 16
4 18
5 6
5 7
5 10
5 11
5 12
5 15
5 18
6 7
6 9
6 12
6 13
6 16
6 18
7 8
7 11
7 12
7 14
7 18
8 9
8 10
8 16
8 18
9 10
9 11
9 12
9 16
10 11
10 12
10 13
10 16
10 18
11 12
11 13
11 16
11 17
12 13
12 16
12 18
13 14
13 15
13 16
13 18
14 16
15 16
16 18
17 18
-1
EDGE_WEIGHT_SECTION
0	1	1	0	1	0	1	1	0	0	0	0	1	0	0	0	1	0	1
1	0	1	1	0	1	0	1	0	1	1	1	1	1	0	0	1	0	1
1	1	0	1	0	1	1	0	0	1	1	1	0	1	0	0	0	0	0
0	1	1	0	1	1	0	0	0	0	1	0	1	0	0	0	0	0	0
1	0	0	1	0	1	1	1	1	1	0	1	1	1	0	0	1	0	1
0	1	1	1	1	0	1	1	0	0	1	1	1	0	0	1	0	0	1
1	0	1	0	1	1	0	1	0	1	0	0	1	1	0	0	1	0	1
1	1	0	0	1	1	1	0	1	0	0	1	1	0	1	0	0	0	1
0	0	0	0	1	0	0	1	0	1	1	0	0	0	0	0	1	0	1
0	1	1	0	1	0	1	0	1	0	1	1	1	0	0	0	1	0	0
0	1	1	1	0	1	0	0	1	1	0	1	1	1	0	0	1	0	1
0	1	1	0	1	1	0	1	0	1	1	0	1	1	0	0	1	1	0
1	1	0	1	1	1	1	1	0	1	1	1	0	1	0	0	1	0	1
0	1	1	0	1	0	1	0	0	0	1	1	1	0	1	1	1	0	1
0	0	0	0	0	0	0	1	0	0	0	0	0	1	0	0	1	0	0
0	0	0	0	0	1	0	0	0	0	0	0	0	1	0	0	1	0	0
1	1	0	0	1	0	1	0	1	1	1	1	1	1	1	1	0	0	1
0	0	0	0	0	0	0	0	0	0	0	1	0	0	0	0	0	0	1
1	1	0	0	1	1	1	1	1	0	1	0	1	1	0	0	1	1	0
DIFF_EDGE
0 0
CHROM_NUMBER
12
EOF
