TYPE : graph_{count}
DIMENSION: 17
EDGE_DATA_FORMAT: EDGE_LIST
EDGE_WEIGHT_TYPE: EXPLICIT
EDGE_WEIGHT_FORMAT: FULL_MATRIX
EDGE_DATA_SECTION
0 2
0 3
0 12
0 15
1 3
1 5
1 7
1 9
1 11
1 12
1 13
1 15
2 5
2 7
2 10
3 5
3 7
3 9
3 10
3 11
3 12
3 15
4 6
4 8
4 15
5 7
5 8
5 11
5 12
5 15
6 7
6 8
6 9
7 9
7 11
7 12
7 15
8 9
8 10
8 15
9 10
9 12
9 14
9 15
10 15
11 12
11 14
11 15
12 15
14 15
15 16
-1
EDGE_WEIGHT_SECTION
0	0	1	1	0	0	0	0	0	0	0	0	1	0	0	1	0
0	0	0	1	0	1	0	1	0	1	0	1	1	1	0	1	0
1	0	0	0	0	1	0	1	0	0	1	0	0	0	0	0	0
1	1	0	0	0	1	0	1	0	1	1	1	1	0	0	1	0
0	0	0	0	0	0	1	0	1	0	0	0	0	0	0	1	0
0	1	1	1	0	0	0	1	1	0	0	1	1	0	0	1	0
0	0	0	0	1	0	0	1	1	1	0	0	0	0	0	0	0
0	1	1	1	0	1	1	0	0	1	0	1	1	0	0	1	0
0	0	0	0	1	1	1	0	0	1	1	0	0	0	0	1	0
0	1	0	1	0	0	1	1	1	0	1	0	1	0	1	1	0
0	0	1	1	0	0	0	0	1	1	0	0	0	0	0	1	0
0	1	0	1	0	1	0	1	0	0	0	0	1	0	1	1	0
1	1	0	1	0	1	0	1	0	1	0	1	0	0	0	1	0
0	1	0	0	0	0	0	0	0	0	0	0	0	0	0	0	0
0	0	0	0	0	0	0	0	0	1	0	1	0	0	0	1	0
1	1	0	1	1	1	0	1	1	1	1	1	1	0	1	0	1
0	0	0	0	0	0	0	0	0	0	0	0	0	0	0	1	0
DIFF_EDGE
0 0
CHROM_NUMBER
8
EOF
