TYPE : graph_{count}
DIMENSION: 18
EDGE_DATA_FORMAT: EDGE_LIST
EDGE_WEIGHT_TYPE: EXPLICIT
EDGE_WEIGHT_FORMAT: FULL_MATRIX
EDGE_DATA_SECTION
0 1
0 3
0 4
0 7
0 9
0 14
0 17
1 2
1 4
1 7
1 8
1 11
1 12
1 14
2 3
2 4
2 5
2 8
2 9
2 14
2 16
2 17
3 4
3 7
3 11
3 13
3 14
3 17
4 6
4 7
4 10
4 14
4 17
5 7
5 8
5 14
6 9
6 10
6 12
6 14
6 16
6 17
7 8
7 9
7 14
7 17
8 9
8 10
8 17
9 14
9 15
10 17
11 17
12 14
14 17
15 17
-1
EDGE_WEIGHT_SECTION
0	1	0	1	1	0	0	1	0	1	0	0	0	0	1	0	0	1
1	0	1	0	1	0	0	1	1	0	0	1	1	0	1	0	0	0
0	1	0	1	1	1	0	0	1	1	0	0	0	0	1	0	1	1
1	0	1	0	1	0	0	1	0	0	0	1	0	1	1	0	0	1
1	1	1	1	0	0	1	1	0	0	1	0	0	0	1	0	0	1
0	0	1	0	0	0	0	1	1	0	0	0	0	0	1	0	0	0
0	0	0	0	1	0	0	0	0	1	1	0	1	0	1	0	1	1
1	1	0	1	1	1	0	0	1	1	0	0	0	0	1	0	0	1
0	1	1	0	0	1	0	1	0	1	1	0	0	0	0	0	0	1
1	0	1	0	0	0	1	1	1	0	0	0	0	0	1	1	0	0
0	0	0	0	1	0	1	0	1	0	0	0	0	0	0	0	0	1
0	1	0	1	0	0	0	0	0	0	0	0	0	0	0	0	0	1
0	1	0	0	0	0	1	0	0	0	0	0	0	0	1	0	0	0
0	0	0	1	0	0	0	0	0	0	0	0	0	0	0	0	0	0
1	1	1	1	1	1	1	1	0	1	0	0	1	0	0	0	0	1
0	0	0	0	0	0	0	0	0	1	0	0	0	0	0	0	0	1
0	0	1	0	0	0	1	0	0	0	0	0	0	0	0	0	0	0
1	0	1	1	1	0	1	1	1	0	1	1	0	0	1	1	0	0
DIFF_EDGE
0 0
CHROM_NUMBER
8
EOF
