TYPE : graph_{count}
DIMENSION: 16
EDGE_DATA_FORMAT: EDGE_LIST
EDGE_WEIGHT_TYPE: EXPLICIT
EDGE_WEIGHT_FORMAT: FULL_MATRIX
EDGE_DATA_SECTION
0 3
0 4
0 5
0 8
0 9
0 10
0 11
0 13
0 14
1 9
2 3
2 4
2 10
2 11
2 13
2 14
3 9
3 10
3 11
3 13
3 14
3 15
4 5
4 8
4 9
4 14
5 9
6 7
6 8
6 9
6 10
7 9
8 9
8 10
9 10
9 11
9 12
9 14
10 11
10 13
10 14
11 13
11 14
12 13
13 14
-1
EDGE_WEIGHT_SECTION
0	0	0	1	1	1	0	0	1	1	1	1	0	1	1	0
0	0	0	0	0	0	0	0	0	1	0	0	0	0	0	0
0	0	0	1	1	0	0	0	0	0	1	1	0	1	1	0
1	0	1	0	0	0	0	0	0	1	1	1	0	1	1	1
1	0	1	0	0	1	0	0	1	1	0	0	0	0	1	0
1	0	0	0	1	0	0	0	0	1	0	0	0	0	0	0
0	0	0	0	0	0	0	1	1	1	1	0	0	0	0	0
0	0	0	0	0	0	1	0	0	1	0	0	0	0	0	0
1	0	0	0	1	0	1	0	0	1	1	0	0	0	0	0
1	1	0	1	1	1	1	1	1	0	1	1	1	0	1	0
1	0	1	1	0	0	1	0	1	1	0	1	0	1	1	0
1	0	1	1	0	0	0	0	0	1	1	0	0	1	1	0
0	0	0	0	0	0	0	0	0	1	0	0	0	1	0	0
1	0	1	1	0	0	0	0	0	0	1	1	1	1	1	0
1	0	1	1	1	0	0	0	0	1	1	1	0	1	0	0
0	0	0	1	0	0	0	0	0	0	0	0	0	0	0	0
DIFF_EDGE
0 0
CHROM_NUMBER
8
EOF
