TYPE : graph_{count}
DIMENSION: 20
EDGE_DATA_FORMAT: EDGE_LIST
EDGE_WEIGHT_TYPE: EXPLICIT
EDGE_WEIGHT_FORMAT: FULL_MATRIX
EDGE_DATA_SECTION
0 2
0 3
0 6
0 7
0 16
0 17
1 4
1 5
1 6
1 7
1 9
1 14
1 16
1 17
2 8
3 4
3 5
3 9
3 17
3 19
4 5
4 13
4 16
4 17
4 19
5 6
5 7
5 9
5 16
5 17
5 19
6 7
6 15
6 19
7 8
7 12
7 16
7 19
8 13
8 17
9 10
9 17
9 19
10 19
11 15
11 16
11 17
12 17
12 19
13 19
14 16
14 19
15 17
15 18
16 17
16 19
17 19
18 19
-1
EDGE_WEIGHT_SECTION
0	0	1	1	0	0	1	1	0	0	0	0	0	0	0	0	1	1	0	0
0	0	0	0	1	1	1	1	0	1	0	0	0	0	1	0	1	1	0	0
1	0	0	0	0	0	0	0	1	0	0	0	0	0	0	0	0	0	0	0
1	0	0	0	1	1	0	0	0	1	0	0	0	0	0	0	0	1	0	1
0	1	0	1	0	1	0	0	0	0	0	0	0	1	0	0	1	1	0	1
0	1	0	1	1	0	1	1	0	1	0	0	0	0	0	0	1	1	0	1
1	1	0	0	0	1	0	1	0	0	0	0	0	0	0	1	0	0	0	1
1	1	0	0	0	1	1	0	1	0	0	0	1	0	0	0	1	0	0	1
0	0	1	0	0	0	0	1	0	0	0	0	0	1	0	0	0	1	0	0
0	1	0	1	0	1	0	0	0	0	1	0	0	0	0	0	0	1	0	1
0	0	0	0	0	0	0	0	0	1	0	0	0	0	0	0	0	0	0	1
0	0	0	0	0	0	0	0	0	0	0	0	0	0	0	1	1	1	0	0
0	0	0	0	0	0	0	1	0	0	0	0	0	0	0	0	0	1	0	1
0	0	0	0	1	0	0	0	1	0	0	0	0	0	0	0	0	0	0	1
0	1	0	0	0	0	0	0	0	0	0	0	0	0	0	0	1	0	0	1
0	0	0	0	0	0	1	0	0	0	0	1	0	0	0	0	0	1	1	0
1	1	0	0	1	1	0	1	0	0	0	1	0	0	1	0	0	1	0	1
1	1	0	1	1	1	0	0	1	1	0	1	1	0	0	1	1	0	0	1
0	0	0	0	0	0	0	0	0	0	0	0	0	0	0	1	0	0	0	1
0	0	0	1	1	1	1	1	0	1	1	0	1	1	1	0	1	1	1	1
DIFF_EDGE
0 0
CHROM_NUMBER
8
EOF
