TYPE : graph_{count}
DIMENSION: 16
EDGE_DATA_FORMAT: EDGE_LIST
EDGE_WEIGHT_TYPE: EXPLICIT
EDGE_WEIGHT_FORMAT: FULL_MATRIX
EDGE_DATA_SECTION
0 3
0 5
0 6
0 9
0 10
0 12
1 3
1 4
1 5
1 6
1 7
1 9
1 10
1 11
1 13
1 15
2 4
2 6
2 7
2 8
2 13
3 4
3 6
3 7
3 8
3 10
3 11
3 13
3 15
4 8
5 8
5 9
6 7
6 9
6 11
6 13
7 9
7 10
7 11
7 13
7 15
8 9
8 10
8 13
9 11
9 13
9 15
10 11
10 13
10 14
11 13
11 15
12 13
12 15
13 15
14 15
-1
EDGE_WEIGHT_SECTION
0	0	0	1	0	1	1	0	0	1	1	0	1	0	0	0
0	0	0	1	1	1	1	1	0	1	1	1	0	1	0	1
0	0	0	0	1	0	1	1	1	0	0	0	0	1	0	0
1	1	0	0	1	0	1	1	1	0	1	1	0	1	0	1
0	1	1	1	0	0	0	0	1	0	0	0	0	0	0	0
1	1	0	0	0	0	0	0	1	1	0	0	0	0	0	0
1	1	1	1	0	0	0	1	0	1	0	1	0	1	0	0
0	1	1	1	0	0	1	0	0	1	1	1	0	1	0	1
0	0	1	1	1	1	0	0	0	1	1	0	0	1	0	0
1	1	0	0	0	1	1	1	1	0	0	1	0	1	0	1
1	1	0	1	0	0	0	1	1	0	0	1	0	1	1	0
0	1	0	1	0	0	1	1	0	1	1	0	0	1	0	1
1	0	0	0	0	0	0	0	0	0	0	0	0	1	0	1
0	1	1	1	0	0	1	1	1	1	1	1	1	1	0	1
0	0	0	0	0	0	0	0	0	0	1	0	0	0	0	1
0	1	0	1	0	0	0	1	0	1	0	1	1	1	1	0
DIFF_EDGE
0 0
CHROM_NUMBER
9
EOF
