TYPE : graph_{count}
DIMENSION: 20
EDGE_DATA_FORMAT: EDGE_LIST
EDGE_WEIGHT_TYPE: EXPLICIT
EDGE_WEIGHT_FORMAT: FULL_MATRIX
EDGE_DATA_SECTION
0 1
0 4
0 6
0 7
0 9
0 10
0 11
0 12
0 16
0 19
1 2
1 4
1 7
1 8
1 9
1 11
1 12
1 13
2 3
2 4
2 5
2 8
2 10
2 11
2 12
2 13
2 14
3 5
3 8
3 11
4 5
4 6
4 8
4 10
4 11
4 12
4 13
4 14
5 10
5 12
6 10
7 9
7 10
7 12
8 9
8 10
8 11
8 12
8 13
8 14
8 18
9 10
9 13
10 11
10 12
10 13
10 14
11 13
11 14
11 17
12 13
12 14
12 15
13 14
14 19
15 17
-1
EDGE_WEIGHT_SECTION
0	1	0	0	1	0	1	1	0	1	1	1	1	0	0	0	1	0	0	1
1	0	1	0	1	0	0	1	1	1	0	1	1	1	0	0	0	0	0	0
0	1	0	1	1	1	0	0	1	0	1	1	1	1	1	0	0	0	0	0
0	0	1	0	0	1	0	0	1	0	0	1	0	0	0	0	0	0	0	0
1	1	1	0	0	1	1	0	1	0	1	1	1	1	1	0	0	0	0	0
0	0	1	1	1	0	0	0	0	0	1	0	1	0	0	0	0	0	0	0
1	0	0	0	1	0	0	0	0	0	1	0	0	0	0	0	0	0	0	0
1	1	0	0	0	0	0	0	0	1	1	0	1	0	0	0	0	0	0	0
0	1	1	1	1	0	0	0	0	1	1	1	1	1	1	0	0	0	1	0
1	1	0	0	0	0	0	1	1	0	1	0	0	1	0	0	0	0	0	0
1	0	1	0	1	1	1	1	1	1	0	1	1	1	1	0	0	0	0	0
1	1	1	1	1	0	0	0	1	0	1	0	0	1	1	0	0	1	0	0
1	1	1	0	1	1	0	1	1	0	1	0	0	1	1	1	0	0	0	0
0	1	1	0	1	0	0	0	1	1	1	1	1	0	1	0	0	0	0	0
0	0	1	0	1	0	0	0	1	0	1	1	1	1	0	0	0	0	0	1
0	0	0	0	0	0	0	0	0	0	0	0	1	0	0	0	0	1	0	0
1	0	0	0	0	0	0	0	0	0	0	0	0	0	0	0	0	0	0	0
0	0	0	0	0	0	0	0	0	0	0	1	0	0	0	1	0	0	0	0
0	0	0	0	0	0	0	0	1	0	0	0	0	0	0	0	0	0	0	0
1	0	0	0	0	0	0	0	0	0	0	0	0	0	1	0	0	0	0	0
DIFF_EDGE
0 0
CHROM_NUMBER
9
EOF
