TYPE : graph_{count}
DIMENSION: 20
EDGE_DATA_FORMAT: EDGE_LIST
EDGE_WEIGHT_TYPE: EXPLICIT
EDGE_WEIGHT_FORMAT: FULL_MATRIX
EDGE_DATA_SECTION
0 1
0 5
0 6
0 7
0 13
0 15
0 16
0 18
1 2
1 4
1 6
1 7
1 8
1 9
1 10
1 12
1 13
1 15
1 16
1 17
1 18
1 19
2 8
2 10
2 11
2 12
2 15
3 5
3 6
3 9
3 12
3 18
3 19
4 5
4 7
4 10
4 15
5 6
5 8
5 9
5 10
5 12
5 13
5 17
5 19
6 7
6 8
6 9
6 10
6 12
6 13
6 15
6 16
6 17
6 18
6 19
7 8
7 11
7 13
7 14
7 16
7 19
8 9
8 10
8 12
8 13
8 15
8 16
8 17
8 18
8 19
9 10
9 12
9 13
9 14
9 15
9 16
9 17
9 18
9 19
10 12
10 13
10 15
10 16
10 17
10 18
10 19
11 17
11 18
12 13
12 15
12 16
12 17
12 18
12 19
13 15
13 16
13 17
13 18
13 19
15 16
15 17
15 18
15 19
16 17
16 18
16 19
17 18
17 19
18 19
-1
EDGE_WEIGHT_SECTION
0	1	0	0	0	1	1	1	0	0	0	0	0	1	0	1	1	0	1	0
1	0	1	0	1	0	1	1	1	1	1	0	1	1	0	1	1	1	1	1
0	1	0	0	0	0	0	0	1	0	1	1	1	0	0	1	0	0	0	0
0	0	0	0	0	1	1	0	0	1	0	0	1	0	0	0	0	0	1	1
0	1	0	0	0	1	0	1	0	0	1	0	0	0	0	1	0	0	0	0
1	0	0	1	1	0	1	0	1	1	1	0	1	1	0	0	0	1	0	1
1	1	0	1	0	1	0	1	1	1	1	0	1	1	0	1	1	1	1	1
1	1	0	0	1	0	1	0	1	0	0	1	0	1	1	0	1	0	0	1
0	1	1	0	0	1	1	1	0	1	1	0	1	1	0	1	1	1	1	1
0	1	0	1	0	1	1	0	1	0	1	0	1	1	1	1	1	1	1	1
0	1	1	0	1	1	1	0	1	1	0	0	1	1	0	1	1	1	1	1
0	0	1	0	0	0	0	1	0	0	0	0	0	0	0	0	0	1	1	0
0	1	1	1	0	1	1	0	1	1	1	0	0	1	0	1	1	1	1	1
1	1	0	0	0	1	1	1	1	1	1	0	1	0	0	1	1	1	1	1
0	0	0	0	0	0	0	1	0	1	0	0	0	0	0	0	0	0	0	0
1	1	1	0	1	0	1	0	1	1	1	0	1	1	0	0	1	1	1	1
1	1	0	0	0	0	1	1	1	1	1	0	1	1	0	1	0	1	1	1
0	1	0	0	0	1	1	0	1	1	1	1	1	1	0	1	1	0	1	1
1	1	0	1	0	0	1	0	1	1	1	1	1	1	0	1	1	1	0	1
0	1	0	1	0	1	1	1	1	1	1	0	1	1	0	1	1	1	1	0
DIFF_EDGE
0 0
CHROM_NUMBER
14
EOF
