TYPE : graph_{count}
DIMENSION: 20
EDGE_DATA_FORMAT: EDGE_LIST
EDGE_WEIGHT_TYPE: EXPLICIT
EDGE_WEIGHT_FORMAT: FULL_MATRIX
EDGE_DATA_SECTION
0 2
0 3
0 10
1 5
1 6
1 13
1 15
1 17
1 18
1 19
2 3
2 6
2 7
3 5
3 9
3 11
3 17
4 6
4 17
4 18
5 6
5 8
5 13
5 14
5 15
5 18
6 7
6 8
6 10
6 12
6 17
6 18
7 10
7 17
8 13
8 15
8 17
8 18
8 19
10 11
10 17
10 18
11 18
12 13
12 15
13 15
13 17
13 18
14 15
14 17
15 16
15 17
15 18
17 18
-1
EDGE_WEIGHT_SECTION
0	0	1	1	0	0	0	0	0	0	1	0	0	0	0	0	0	0	0	0
0	0	0	0	0	1	1	0	0	0	0	0	0	1	0	1	0	1	1	1
1	0	0	1	0	0	1	1	0	0	0	0	0	0	0	0	0	0	0	0
1	0	1	0	0	1	0	0	0	1	0	1	0	0	0	0	0	1	0	0
0	0	0	0	0	0	1	0	0	0	0	0	0	0	0	0	0	1	1	0
0	1	0	1	0	0	1	0	1	0	0	0	0	1	1	1	0	0	1	0
0	1	1	0	1	1	0	1	1	0	1	0	1	0	0	0	0	1	1	0
0	0	1	0	0	0	1	0	0	0	1	0	0	0	0	0	0	1	0	0
0	0	0	0	0	1	1	0	0	0	0	0	0	1	0	1	0	1	1	1
0	0	0	1	0	0	0	0	0	0	0	0	0	0	0	0	0	0	0	0
1	0	0	0	0	0	1	1	0	0	0	1	0	0	0	0	0	1	1	0
0	0	0	1	0	0	0	0	0	0	1	0	0	0	0	0	0	0	1	0
0	0	0	0	0	0	1	0	0	0	0	0	0	1	0	1	0	0	0	0
0	1	0	0	0	1	0	0	1	0	0	0	1	0	0	1	0	1	1	0
0	0	0	0	0	1	0	0	0	0	0	0	0	0	0	1	0	1	0	0
0	1	0	0	0	1	0	0	1	0	0	0	1	1	1	0	1	1	1	0
0	0	0	0	0	0	0	0	0	0	0	0	0	0	0	1	0	0	0	0
0	1	0	1	1	0	1	1	1	0	1	0	0	1	1	1	0	0	1	0
0	1	0	0	1	1	1	0	1	0	1	1	0	1	0	1	0	1	0	0
0	1	0	0	0	0	0	0	1	0	0	0	0	0	0	0	0	0	0	0
DIFF_EDGE
0 0
CHROM_NUMBER
8
EOF
