TYPE : graph_{count}
DIMENSION: 18
EDGE_DATA_FORMAT: EDGE_LIST
EDGE_WEIGHT_TYPE: EXPLICIT
EDGE_WEIGHT_FORMAT: FULL_MATRIX
EDGE_DATA_SECTION
0 2
0 3
0 4
0 6
0 7
0 8
0 12
0 15
1 4
1 5
1 6
1 7
1 10
1 11
1 15
2 5
2 6
2 7
2 8
2 9
2 10
2 11
2 12
2 15
2 17
3 7
3 8
3 9
4 5
4 8
4 9
4 10
4 11
4 12
4 15
5 8
5 9
5 12
5 15
6 8
6 9
6 10
6 11
6 14
6 15
6 16
7 10
7 11
7 12
7 15
8 9
8 10
8 11
8 12
8 13
8 15
10 11
10 12
10 15
11 12
11 15
12 15
12 16
-1
EDGE_WEIGHT_SECTION
0	0	1	1	1	0	1	1	1	0	0	0	1	0	0	1	0	0
0	0	0	0	1	1	1	1	0	0	1	1	0	0	0	1	0	0
1	0	0	0	0	1	1	1	1	1	1	1	1	0	0	1	0	1
1	0	0	0	0	0	0	1	1	1	0	0	0	0	0	0	0	0
1	1	0	0	0	1	0	0	1	1	1	1	1	0	0	1	0	0
0	1	1	0	1	0	0	0	1	1	0	0	1	0	0	1	0	0
1	1	1	0	0	0	0	0	1	1	1	1	0	0	1	1	1	0
1	1	1	1	0	0	0	0	0	0	1	1	1	0	0	1	0	0
1	0	1	1	1	1	1	0	0	1	1	1	1	1	0	1	0	0
0	0	1	1	1	1	1	0	1	0	0	0	0	0	0	0	0	0
0	1	1	0	1	0	1	1	1	0	0	1	1	0	0	1	0	0
0	1	1	0	1	0	1	1	1	0	1	0	1	0	0	1	0	0
1	0	1	0	1	1	0	1	1	0	1	1	0	0	0	1	1	0
0	0	0	0	0	0	0	0	1	0	0	0	0	0	0	0	0	0
0	0	0	0	0	0	1	0	0	0	0	0	0	0	0	0	0	0
1	1	1	0	1	1	1	1	1	0	1	1	1	0	0	1	0	0
0	0	0	0	0	0	1	0	0	0	0	0	1	0	0	0	0	0
0	0	1	0	0	0	0	0	0	0	0	0	0	0	0	0	0	0
DIFF_EDGE
0 0
CHROM_NUMBER
10
EOF
