TYPE : graph_{count}
DIMENSION: 21
EDGE_DATA_FORMAT: EDGE_LIST
EDGE_WEIGHT_TYPE: EXPLICIT
EDGE_WEIGHT_FORMAT: FULL_MATRIX
EDGE_DATA_SECTION
0 1
0 3
0 4
0 6
0 8
0 10
0 20
1 4
1 5
1 8
1 9
1 11
1 12
1 16
1 17
2 4
2 7
2 8
2 9
2 11
2 20
3 4
3 5
3 6
3 7
3 8
3 11
3 17
3 18
4 5
4 9
4 13
4 17
5 6
5 8
5 9
5 11
5 17
5 20
6 7
6 9
6 11
6 14
6 20
7 8
7 10
7 12
8 9
8 11
8 17
8 20
9 10
9 11
9 17
9 18
9 20
10 15
11 17
11 20
14 17
14 20
15 16
15 20
16 20
17 19
17 20
18 20
-1
EDGE_WEIGHT_SECTION
0	1	0	1	1	0	1	0	1	0	1	0	0	0	0	0	0	0	0	0	1
1	0	0	0	1	1	0	0	1	1	0	1	1	0	0	0	1	1	0	0	0
0	0	0	0	1	0	0	1	1	1	0	1	0	0	0	0	0	0	0	0	1
1	0	0	0	1	1	1	1	1	0	0	1	0	0	0	0	0	1	1	0	0
1	1	1	1	0	1	0	0	0	1	0	0	0	1	0	0	0	1	0	0	0
0	1	0	1	1	0	1	0	1	1	0	1	0	0	0	0	0	1	0	0	1
1	0	0	1	0	1	0	1	0	1	0	1	0	0	1	0	0	0	0	0	1
0	0	1	1	0	0	1	0	1	0	1	0	1	0	0	0	0	0	0	0	0
1	1	1	1	0	1	0	1	0	1	0	1	0	0	0	0	0	1	0	0	1
0	1	1	0	1	1	1	0	1	0	1	1	0	0	0	0	0	1	1	0	1
1	0	0	0	0	0	0	1	0	1	0	0	0	0	0	1	0	0	0	0	0
0	1	1	1	0	1	1	0	1	1	0	0	0	0	0	0	0	1	0	0	1
0	1	0	0	0	0	0	1	0	0	0	0	0	0	0	0	0	0	0	0	0
0	0	0	0	1	0	0	0	0	0	0	0	0	0	0	0	0	0	0	0	0
0	0	0	0	0	0	1	0	0	0	0	0	0	0	0	0	0	1	0	0	1
0	0	0	0	0	0	0	0	0	0	1	0	0	0	0	0	1	0	0	0	1
0	1	0	0	0	0	0	0	0	0	0	0	0	0	0	1	0	0	0	0	1
0	1	0	1	1	1	0	0	1	1	0	1	0	0	1	0	0	0	0	1	1
0	0	0	1	0	0	0	0	0	1	0	0	0	0	0	0	0	0	0	0	1
0	0	0	0	0	0	0	0	0	0	0	0	0	0	0	0	0	1	0	0	0
1	0	1	0	0	1	1	0	1	1	0	1	0	0	1	1	1	1	1	0	0
DIFF_EDGE
0 0
CHROM_NUMBER
10
EOF
