TYPE : graph_{count}
DIMENSION: 21
EDGE_DATA_FORMAT: EDGE_LIST
EDGE_WEIGHT_TYPE: EXPLICIT
EDGE_WEIGHT_FORMAT: FULL_MATRIX
EDGE_DATA_SECTION
0 2
0 5
0 7
0 8
0 13
0 14
0 17
1 7
1 8
1 17
2 5
2 6
2 7
2 8
2 9
2 10
2 14
2 15
2 17
3 6
3 8
3 10
3 14
3 17
3 18
4 5
4 6
4 7
4 8
4 10
4 13
4 14
4 17
4 19
5 7
5 8
5 9
5 10
5 11
5 14
5 17
5 18
6 9
6 12
6 14
6 18
7 10
7 12
7 16
7 18
7 20
8 9
8 14
8 17
8 18
9 17
11 18
12 14
12 18
14 17
14 18
15 18
17 18
17 20
18 19
-1
EDGE_WEIGHT_SECTION
0	0	1	0	0	1	0	1	1	0	0	0	0	1	1	0	0	1	0	0	0
0	0	0	0	0	0	0	1	1	0	0	0	0	0	0	0	0	1	0	0	0
1	0	0	0	0	1	1	1	1	1	1	0	0	0	1	1	0	1	0	0	0
0	0	0	0	0	0	1	0	1	0	1	0	0	0	1	0	0	1	1	0	0
0	0	0	0	0	1	1	1	1	0	1	0	0	1	1	0	0	1	0	1	0
1	0	1	0	1	0	0	1	1	1	1	1	0	0	1	0	0	1	1	0	0
0	0	1	1	1	0	0	0	0	1	0	0	1	0	1	0	0	0	1	0	0
1	1	1	0	1	1	0	0	0	0	1	0	1	0	0	0	1	0	1	0	1
1	1	1	1	1	1	0	0	0	1	0	0	0	0	1	0	0	1	1	0	0
0	0	1	0	0	1	1	0	1	0	0	0	0	0	0	0	0	1	0	0	0
0	0	1	1	1	1	0	1	0	0	0	0	0	0	0	0	0	0	0	0	0
0	0	0	0	0	1	0	0	0	0	0	0	0	0	0	0	0	0	1	0	0
0	0	0	0	0	0	1	1	0	0	0	0	0	0	1	0	0	0	1	0	0
1	0	0	0	1	0	0	0	0	0	0	0	0	0	0	0	0	0	0	0	0
1	0	1	1	1	1	1	0	1	0	0	0	1	0	1	0	0	1	1	0	0
0	0	1	0	0	0	0	0	0	0	0	0	0	0	0	0	0	0	1	0	0
0	0	0	0	0	0	0	1	0	0	0	0	0	0	0	0	0	0	0	0	0
1	1	1	1	1	1	0	0	1	1	0	0	0	0	1	0	0	1	1	0	1
0	0	0	1	0	1	1	1	1	0	0	1	1	0	1	1	0	1	0	1	0
0	0	0	0	1	0	0	0	0	0	0	0	0	0	0	0	0	0	1	0	0
0	0	0	0	0	0	0	1	0	0	0	0	0	0	0	0	0	1	0	0	0
DIFF_EDGE
0 0
CHROM_NUMBER
10
EOF
