TYPE : graph_{count}
DIMENSION: 21
EDGE_DATA_FORMAT: EDGE_LIST
EDGE_WEIGHT_TYPE: EXPLICIT
EDGE_WEIGHT_FORMAT: FULL_MATRIX
EDGE_DATA_SECTION
0 2
0 3
0 6
0 8
0 9
0 10
0 11
0 13
0 20
1 2
1 3
1 4
1 8
1 10
1 11
1 15
2 9
2 20
3 6
3 8
3 9
3 11
3 17
3 20
4 8
4 10
4 18
4 20
5 6
5 10
6 7
6 9
6 10
6 11
6 20
7 10
7 11
8 9
8 11
8 19
8 20
9 11
9 12
10 11
11 16
12 20
13 20
14 19
16 20
18 20
19 20
-1
EDGE_WEIGHT_SECTION
0	0	1	1	0	0	1	0	1	1	1	1	0	1	0	0	0	0	0	0	1
0	0	1	1	1	0	0	0	1	0	1	1	0	0	0	1	0	0	0	0	0
1	1	0	0	0	0	0	0	0	1	0	0	0	0	0	0	0	0	0	0	1
1	1	0	0	0	0	1	0	1	1	0	1	0	0	0	0	0	1	0	0	1
0	1	0	0	0	0	0	0	1	0	1	0	0	0	0	0	0	0	1	0	1
0	0	0	0	0	0	1	0	0	0	1	0	0	0	0	0	0	0	0	0	0
1	0	0	1	0	1	0	1	0	1	1	1	0	0	0	0	0	0	0	0	1
0	0	0	0	0	0	1	0	0	0	1	1	0	0	0	0	0	0	0	0	0
1	1	0	1	1	0	0	0	0	1	0	1	0	0	0	0	0	0	0	1	1
1	0	1	1	0	0	1	0	1	0	0	1	1	0	0	0	0	0	0	0	0
1	1	0	0	1	1	1	1	0	0	0	1	0	0	0	0	0	0	0	0	0
1	1	0	1	0	0	1	1	1	1	1	0	0	0	0	0	1	0	0	0	0
0	0	0	0	0	0	0	0	0	1	0	0	0	0	0	0	0	0	0	0	1
1	0	0	0	0	0	0	0	0	0	0	0	0	0	0	0	0	0	0	0	1
0	0	0	0	0	0	0	0	0	0	0	0	0	0	0	0	0	0	0	1	0
0	1	0	0	0	0	0	0	0	0	0	0	0	0	0	0	0	0	0	0	0
0	0	0	0	0	0	0	0	0	0	0	1	0	0	0	0	0	0	0	0	1
0	0	0	1	0	0	0	0	0	0	0	0	0	0	0	0	0	0	0	0	0
0	0	0	0	1	0	0	0	0	0	0	0	0	0	0	0	0	0	0	0	1
0	0	0	0	0	0	0	0	1	0	0	0	0	0	1	0	0	0	0	0	1
1	0	1	1	1	0	1	0	1	0	0	0	1	1	0	0	1	0	1	1	1
DIFF_EDGE
0 0
CHROM_NUMBER
8
EOF
