TYPE : graph_{count}
DIMENSION: 21
EDGE_DATA_FORMAT: EDGE_LIST
EDGE_WEIGHT_TYPE: EXPLICIT
EDGE_WEIGHT_FORMAT: FULL_MATRIX
EDGE_DATA_SECTION
0 1
0 4
0 6
0 7
0 9
0 10
0 11
0 14
0 16
0 17
1 3
1 5
1 6
1 7
1 8
1 10
1 11
1 14
1 17
2 4
2 6
2 7
2 15
2 17
3 4
3 5
3 6
3 10
3 11
3 14
3 19
4 7
4 8
4 9
4 10
4 11
4 13
4 14
4 17
5 6
5 7
5 11
5 12
5 14
6 8
6 17
7 10
7 11
7 14
7 17
8 9
8 10
8 11
8 17
9 14
9 20
10 12
10 14
10 17
10 18
11 14
11 17
11 18
12 17
13 14
13 17
14 15
14 17
19 20
-1
EDGE_WEIGHT_SECTION
0	1	0	0	1	0	1	1	0	1	1	1	0	0	1	0	1	1	0	0	0
1	0	0	1	0	1	1	1	1	0	1	1	0	0	1	0	0	1	0	0	0
0	0	0	0	1	0	1	1	0	0	0	0	0	0	0	1	0	1	0	0	0
0	1	0	0	1	1	1	0	0	0	1	1	0	0	1	0	0	0	0	1	0
1	0	1	1	0	0	0	1	1	1	1	1	0	1	1	0	0	1	0	0	0
0	1	0	1	0	0	1	1	0	0	0	1	1	0	1	0	0	0	0	0	0
1	1	1	1	0	1	0	0	1	0	0	0	0	0	0	0	0	1	0	0	0
1	1	1	0	1	1	0	0	0	0	1	1	0	0	1	0	0	1	0	0	0
0	1	0	0	1	0	1	0	0	1	1	1	0	0	0	0	0	1	0	0	0
1	0	0	0	1	0	0	0	1	0	0	0	0	0	1	0	0	0	0	0	1
1	1	0	1	1	0	0	1	1	0	0	0	1	0	1	0	0	1	1	0	0
1	1	0	1	1	1	0	1	1	0	0	0	0	0	1	0	0	1	1	0	0
0	0	0	0	0	1	0	0	0	0	1	0	0	0	0	0	0	1	0	0	0
0	0	0	0	1	0	0	0	0	0	0	0	0	0	1	0	0	1	0	0	0
1	1	0	1	1	1	0	1	0	1	1	1	0	1	0	1	0	1	0	0	0
0	0	1	0	0	0	0	0	0	0	0	0	0	0	1	0	0	0	0	0	0
1	0	0	0	0	0	0	0	0	0	0	0	0	0	0	0	0	0	0	0	0
1	1	1	0	1	0	1	1	1	0	1	1	1	1	1	0	0	1	0	0	0
0	0	0	0	0	0	0	0	0	0	1	1	0	0	0	0	0	0	0	0	0
0	0	0	1	0	0	0	0	0	0	0	0	0	0	0	0	0	0	0	0	1
0	0	0	0	0	0	0	0	0	1	0	0	0	0	0	0	0	0	0	1	0
DIFF_EDGE
0 0
CHROM_NUMBER
9
EOF
