TYPE : graph_{count}
DIMENSION: 20
EDGE_DATA_FORMAT: EDGE_LIST
EDGE_WEIGHT_TYPE: EXPLICIT
EDGE_WEIGHT_FORMAT: FULL_MATRIX
EDGE_DATA_SECTION
0 3
0 6
0 9
0 11
0 13
1 2
1 3
1 4
1 5
1 6
1 8
1 11
1 16
2 3
2 4
2 5
2 6
2 7
2 8
2 10
2 11
2 12
2 16
3 4
3 5
3 10
3 16
4 6
4 7
4 8
4 9
4 14
4 15
5 6
5 7
5 10
5 11
5 13
5 14
5 16
6 7
6 9
6 11
6 16
7 8
7 10
7 11
8 11
8 16
11 15
11 16
11 18
12 16
13 19
15 16
15 17
-1
EDGE_WEIGHT_SECTION
0	0	0	1	0	0	1	0	0	1	0	1	0	1	0	0	0	0	0	0
0	0	1	1	1	1	1	0	1	0	0	1	0	0	0	0	1	0	0	0
0	1	0	1	1	1	1	1	1	0	1	1	1	0	0	0	1	0	0	0
1	1	1	0	1	1	0	0	0	0	1	0	0	0	0	0	1	0	0	0
0	1	1	1	0	0	1	1	1	1	0	0	0	0	1	1	0	0	0	0
0	1	1	1	0	0	1	1	0	0	1	1	0	1	1	0	1	0	0	0
1	1	1	0	1	1	0	1	0	1	0	1	0	0	0	0	1	0	0	0
0	0	1	0	1	1	1	0	1	0	1	1	0	0	0	0	0	0	0	0
0	1	1	0	1	0	0	1	0	0	0	1	0	0	0	0	1	0	0	0
1	0	0	0	1	0	1	0	0	0	0	0	0	0	0	0	0	0	0	0
0	0	1	1	0	1	0	1	0	0	0	0	0	0	0	0	0	0	0	0
1	1	1	0	0	1	1	1	1	0	0	0	0	0	0	1	1	0	1	0
0	0	1	0	0	0	0	0	0	0	0	0	0	0	0	0	1	0	0	0
1	0	0	0	0	1	0	0	0	0	0	0	0	0	0	0	0	0	0	1
0	0	0	0	1	1	0	0	0	0	0	0	0	0	0	0	0	0	0	0
0	0	0	0	1	0	0	0	0	0	0	1	0	0	0	0	1	1	0	0
0	1	1	1	0	1	1	0	1	0	0	1	1	0	0	1	0	0	0	0
0	0	0	0	0	0	0	0	0	0	0	0	0	0	0	1	0	0	0	0
0	0	0	0	0	0	0	0	0	0	0	1	0	0	0	0	0	0	0	0
0	0	0	0	0	0	0	0	0	0	0	0	0	1	0	0	0	0	0	0
DIFF_EDGE
0 0
CHROM_NUMBER
9
EOF
