TYPE : graph_{count}
DIMENSION: 18
EDGE_DATA_FORMAT: EDGE_LIST
EDGE_WEIGHT_TYPE: EXPLICIT
EDGE_WEIGHT_FORMAT: FULL_MATRIX
EDGE_DATA_SECTION
0 1
0 2
0 5
0 7
0 8
0 9
0 10
0 12
0 14
0 16
1 2
1 3
1 6
1 7
1 8
1 12
1 13
2 4
2 6
2 8
2 9
2 11
2 15
2 16
3 6
3 7
3 8
3 16
4 9
4 10
4 16
5 6
5 8
5 10
5 12
6 7
6 8
6 16
7 9
7 12
7 15
8 9
8 12
8 16
9 10
10 12
11 12
11 16
12 16
12 17
13 16
14 16
-1
EDGE_WEIGHT_SECTION
0	1	1	0	0	1	0	1	1	1	1	0	1	0	1	0	1	0
1	0	1	1	0	0	1	1	1	0	0	0	1	1	0	0	0	0
1	1	0	0	1	0	1	0	1	1	0	1	0	0	0	1	1	0
0	1	0	0	0	0	1	1	1	0	0	0	0	0	0	0	1	0
0	0	1	0	0	0	0	0	0	1	1	0	0	0	0	0	1	0
1	0	0	0	0	0	1	0	1	0	1	0	1	0	0	0	0	0
0	1	1	1	0	1	0	1	1	0	0	0	0	0	0	0	1	0
1	1	0	1	0	0	1	0	0	1	0	0	1	0	0	1	0	0
1	1	1	1	0	1	1	0	0	1	0	0	1	0	0	0	1	0
1	0	1	0	1	0	0	1	1	0	1	0	0	0	0	0	0	0
1	0	0	0	1	1	0	0	0	1	0	0	1	0	0	0	0	0
0	0	1	0	0	0	0	0	0	0	0	0	1	0	0	0	1	0
1	1	0	0	0	1	0	1	1	0	1	1	0	0	0	0	1	1
0	1	0	0	0	0	0	0	0	0	0	0	0	0	0	0	1	0
1	0	0	0	0	0	0	0	0	0	0	0	0	0	0	0	1	0
0	0	1	0	0	0	0	1	0	0	0	0	0	0	0	0	0	0
1	0	1	1	1	0	1	0	1	0	0	1	1	1	1	0	1	0
0	0	0	0	0	0	0	0	0	0	0	0	1	0	0	0	0	0
DIFF_EDGE
0 0
CHROM_NUMBER
8
EOF
