TYPE : graph_{count}
DIMENSION: 17
EDGE_DATA_FORMAT: EDGE_LIST
EDGE_WEIGHT_TYPE: EXPLICIT
EDGE_WEIGHT_FORMAT: FULL_MATRIX
EDGE_DATA_SECTION
0 1
0 4
0 6
0 9
0 10
0 16
1 6
1 7
1 8
1 9
1 12
1 13
1 14
1 16
2 3
2 4
2 5
2 6
2 7
2 10
2 12
2 14
2 15
3 9
3 11
3 13
3 14
4 5
4 6
4 12
4 13
4 14
5 7
5 8
5 9
5 12
5 13
6 8
6 11
6 12
6 13
6 16
7 8
7 13
7 16
8 13
8 14
8 16
9 10
9 12
9 16
10 13
11 12
11 14
12 13
12 14
12 16
13 14
13 16
14 16
-1
EDGE_WEIGHT_SECTION
0	1	0	0	1	0	1	0	0	1	1	0	0	0	0	0	1
1	0	0	0	0	0	1	1	1	1	0	0	1	1	1	0	1
0	0	0	1	1	1	1	1	0	0	1	0	1	0	1	1	0
0	0	1	0	0	0	0	0	0	1	0	1	0	1	1	0	0
1	0	1	0	0	1	1	0	0	0	0	0	1	1	1	0	0
0	0	1	0	1	0	0	1	1	1	0	0	1	1	0	0	0
1	1	1	0	1	0	0	0	1	0	0	1	1	1	0	0	1
0	1	1	0	0	1	0	0	1	0	0	0	0	1	0	0	1
0	1	0	0	0	1	1	1	0	0	0	0	0	1	1	0	1
1	1	0	1	0	1	0	0	0	0	1	0	1	0	0	0	1
1	0	1	0	0	0	0	0	0	1	0	0	0	1	0	0	0
0	0	0	1	0	0	1	0	0	0	0	0	1	0	1	0	0
0	1	1	0	1	1	1	0	0	1	0	1	0	1	1	0	1
0	1	0	1	1	1	1	1	1	0	1	0	1	0	1	0	1
0	1	1	1	1	0	0	0	1	0	0	1	1	1	0	0	1
0	0	1	0	0	0	0	0	0	0	0	0	0	0	0	0	0
1	1	0	0	0	0	1	1	1	1	0	0	1	1	1	0	1
DIFF_EDGE
0 0
CHROM_NUMBER
10
EOF
