TYPE : graph_{count}
DIMENSION: 19
EDGE_DATA_FORMAT: EDGE_LIST
EDGE_WEIGHT_TYPE: EXPLICIT
EDGE_WEIGHT_FORMAT: FULL_MATRIX
EDGE_DATA_SECTION
0 2
0 3
0 9
0 15
0 18
1 2
1 5
1 6
1 7
1 8
1 9
1 10
1 11
1 15
2 4
2 8
2 10
2 11
2 15
3 6
3 9
3 10
3 17
4 7
4 8
4 9
4 10
4 11
4 13
4 15
4 17
5 7
5 10
6 8
6 10
7 8
7 9
7 10
7 11
7 15
7 16
7 18
8 11
8 14
10 11
10 14
10 15
11 15
12 13
12 15
13 15
14 15
-1
EDGE_WEIGHT_SECTION
0	0	1	1	0	0	0	0	0	1	0	0	0	0	0	1	0	0	1
0	0	1	0	0	1	1	1	1	1	1	1	0	0	0	1	0	0	0
1	1	0	0	1	0	0	0	1	0	1	1	0	0	0	1	0	0	0
1	0	0	0	0	0	1	0	0	1	1	0	0	0	0	0	0	1	0
0	0	1	0	0	0	0	1	1	1	1	1	0	1	0	1	0	1	0
0	1	0	0	0	0	0	1	0	0	1	0	0	0	0	0	0	0	0
0	1	0	1	0	0	0	0	1	0	1	0	0	0	0	0	0	0	0
0	1	0	0	1	1	0	0	1	1	1	1	0	0	0	1	1	0	1
0	1	1	0	1	0	1	1	0	0	0	1	0	0	1	0	0	0	0
1	1	0	1	1	0	0	1	0	0	0	0	0	0	0	0	0	0	0
0	1	1	1	1	1	1	1	0	0	0	1	0	0	1	1	0	0	0
0	1	1	0	1	0	0	1	1	0	1	0	0	0	0	1	0	0	0
0	0	0	0	0	0	0	0	0	0	0	0	0	1	0	1	0	0	0
0	0	0	0	1	0	0	0	0	0	0	0	1	0	0	1	0	0	0
0	0	0	0	0	0	0	0	1	0	1	0	0	0	0	1	0	0	0
1	1	1	0	1	0	0	1	0	0	1	1	1	1	1	0	0	0	0
0	0	0	0	0	0	0	1	0	0	0	0	0	0	0	0	0	0	0
0	0	0	1	1	0	0	0	0	0	0	0	0	0	0	0	0	0	0
1	0	0	0	0	0	0	1	0	0	0	0	0	0	0	0	0	0	0
DIFF_EDGE
0 0
CHROM_NUMBER
8
EOF
