TYPE : graph_{count}
DIMENSION: 20
EDGE_DATA_FORMAT: EDGE_LIST
EDGE_WEIGHT_TYPE: EXPLICIT
EDGE_WEIGHT_FORMAT: FULL_MATRIX
EDGE_DATA_SECTION
0 1
0 4
0 5
0 6
0 7
0 10
0 13
0 14
0 15
1 2
1 3
1 5
1 6
1 10
1 13
1 15
1 16
1 17
2 4
2 5
2 7
2 9
2 10
2 11
2 13
2 15
2 16
3 8
3 9
3 10
3 14
3 18
4 5
4 9
4 10
4 13
4 14
4 15
4 16
4 17
5 9
5 12
5 13
5 14
5 16
6 13
6 15
8 9
8 10
8 13
8 17
9 13
9 15
9 16
9 17
10 13
10 14
11 14
11 17
12 14
12 15
12 16
12 17
13 14
13 15
13 16
13 17
13 19
14 15
14 16
14 17
15 16
15 17
16 17
18 19
-1
EDGE_WEIGHT_SECTION
0	1	0	0	1	1	1	1	0	0	1	0	0	1	1	1	0	0	0	0
1	0	1	1	0	1	1	0	0	0	1	0	0	1	0	1	1	1	0	0
0	1	0	0	1	1	0	1	0	1	1	1	0	1	0	1	1	0	0	0
0	1	0	0	0	0	0	0	1	1	1	0	0	0	1	0	0	0	1	0
1	0	1	0	0	1	0	0	0	1	1	0	0	1	1	1	1	1	0	0
1	1	1	0	1	0	0	0	0	1	0	0	1	1	1	0	1	0	0	0
1	1	0	0	0	0	0	0	0	0	0	0	0	1	0	1	0	0	0	0
1	0	1	0	0	0	0	0	0	0	0	0	0	0	0	0	0	0	0	0
0	0	0	1	0	0	0	0	0	1	1	0	0	1	0	0	0	1	0	0
0	0	1	1	1	1	0	0	1	0	0	0	0	1	0	1	1	1	0	0
1	1	1	1	1	0	0	0	1	0	0	0	0	1	1	0	0	0	0	0
0	0	1	0	0	0	0	0	0	0	0	0	0	0	1	0	0	1	0	0
0	0	0	0	0	1	0	0	0	0	0	0	0	0	1	1	1	1	0	0
1	1	1	0	1	1	1	0	1	1	1	0	0	0	1	1	1	1	0	1
1	0	0	1	1	1	0	0	0	0	1	1	1	1	0	1	1	1	0	0
1	1	1	0	1	0	1	0	0	1	0	0	1	1	1	1	1	1	0	0
0	1	1	0	1	1	0	0	0	1	0	0	1	1	1	1	1	1	0	0
0	1	0	0	1	0	0	0	1	1	0	1	1	1	1	1	1	0	0	0
0	0	0	1	0	0	0	0	0	0	0	0	0	0	0	0	0	0	0	1
0	0	0	0	0	0	0	0	0	0	0	0	0	1	0	0	0	0	1	0
DIFF_EDGE
0 0
CHROM_NUMBER
10
EOF
