TYPE : graph_{count}
DIMENSION: 15
EDGE_DATA_FORMAT: EDGE_LIST
EDGE_WEIGHT_TYPE: EXPLICIT
EDGE_WEIGHT_FORMAT: FULL_MATRIX
EDGE_DATA_SECTION
0 3
0 5
0 6
0 8
0 10
1 2
1 3
1 4
1 5
1 7
1 8
1 9
1 12
2 3
2 8
2 10
3 4
3 7
3 8
3 9
3 12
4 7
4 9
4 10
5 7
5 8
5 11
5 12
6 9
7 8
7 12
7 14
8 10
8 12
9 10
10 12
11 13
12 13
-1
EDGE_WEIGHT_SECTION
0	0	0	1	0	1	1	0	1	0	1	0	0	0	0
0	0	1	1	1	1	0	1	1	1	0	0	1	0	0
0	1	0	1	0	0	0	0	1	0	1	0	0	0	0
1	1	1	0	1	0	0	1	1	1	0	0	1	0	0
0	1	0	1	0	0	0	1	0	1	1	0	0	0	0
1	1	0	0	0	0	0	1	1	0	0	1	1	0	0
1	0	0	0	0	0	0	0	0	1	0	0	0	0	0
0	1	0	1	1	1	0	0	1	0	0	0	1	0	1
1	1	1	1	0	1	0	1	0	0	1	0	1	0	0
0	1	0	1	1	0	1	0	0	0	1	0	0	0	0
1	0	1	0	1	0	0	0	1	1	0	0	1	0	0
0	0	0	0	0	1	0	0	0	0	0	0	0	1	0
0	1	0	1	0	1	0	1	1	0	1	0	0	1	0
0	0	0	0	0	0	0	0	0	0	0	1	1	0	0
0	0	0	0	0	0	0	1	0	0	0	0	0	0	0
DIFF_EDGE
0 0
CHROM_NUMBER
7
EOF
