TYPE : graph_{count}
DIMENSION: 18
EDGE_DATA_FORMAT: EDGE_LIST
EDGE_WEIGHT_TYPE: EXPLICIT
EDGE_WEIGHT_FORMAT: FULL_MATRIX
EDGE_DATA_SECTION
0 2
0 7
1 2
1 5
1 6
1 7
1 8
1 12
1 13
1 14
2 4
2 8
2 9
2 10
2 12
2 14
3 4
3 6
3 7
3 8
3 9
4 5
4 6
4 8
4 10
4 12
4 17
5 6
5 7
5 8
5 10
5 12
5 14
6 8
6 12
6 14
7 10
7 11
7 16
8 9
8 12
8 14
9 17
10 12
11 12
11 15
12 14
12 16
13 14
14 15
-1
EDGE_WEIGHT_SECTION
0	0	1	0	0	0	0	1	0	0	0	0	0	0	0	0	0	0
0	0	1	0	0	1	1	1	1	0	0	0	1	1	1	0	0	0
1	1	0	0	1	0	0	0	1	1	1	0	1	0	1	0	0	0
0	0	0	0	1	0	1	1	1	1	0	0	0	0	0	0	0	0
0	0	1	1	0	1	1	0	1	0	1	0	1	0	0	0	0	1
0	1	0	0	1	0	1	1	1	0	1	0	1	0	1	0	0	0
0	1	0	1	1	1	0	0	1	0	0	0	1	0	1	0	0	0
1	1	0	1	0	1	0	0	0	0	1	1	0	0	0	0	1	0
0	1	1	1	1	1	1	0	0	1	0	0	1	0	1	0	0	0
0	0	1	1	0	0	0	0	1	0	0	0	0	0	0	0	0	1
0	0	1	0	1	1	0	1	0	0	0	0	1	0	0	0	0	0
0	0	0	0	0	0	0	1	0	0	0	0	1	0	0	1	0	0
0	1	1	0	1	1	1	0	1	0	1	1	0	0	1	0	1	0
0	1	0	0	0	0	0	0	0	0	0	0	0	0	1	0	0	0
0	1	1	0	0	1	1	0	1	0	0	0	1	1	0	1	0	0
0	0	0	0	0	0	0	0	0	0	0	1	0	0	1	0	0	0
0	0	0	0	0	0	0	1	0	0	0	0	1	0	0	0	0	0
0	0	0	0	1	0	0	0	0	1	0	0	0	0	0	0	0	0
DIFF_EDGE
0 0
CHROM_NUMBER
8
EOF
