TYPE : graph_{count}
DIMENSION: 17
EDGE_DATA_FORMAT: EDGE_LIST
EDGE_WEIGHT_TYPE: EXPLICIT
EDGE_WEIGHT_FORMAT: FULL_MATRIX
EDGE_DATA_SECTION
0 2
0 4
0 10
0 11
0 16
1 3
1 4
1 5
1 6
1 7
1 9
1 10
1 13
1 15
1 16
2 3
2 6
2 7
2 10
2 16
3 4
3 8
3 10
3 12
3 16
4 6
4 7
4 15
5 9
5 10
5 11
5 15
6 8
6 13
6 15
7 8
7 9
7 13
7 15
8 9
8 10
8 13
8 14
9 10
9 12
9 13
9 16
10 13
10 15
10 16
11 13
12 13
12 15
13 15
13 16
14 15
14 16
15 16
-1
EDGE_WEIGHT_SECTION
0	0	1	0	1	0	0	0	0	0	1	1	0	0	0	0	1
0	0	0	1	1	1	1	1	0	1	1	0	0	1	0	1	1
1	0	0	1	0	0	1	1	0	0	1	0	0	0	0	0	1
0	1	1	0	1	0	0	0	1	0	1	0	1	0	0	0	1
1	1	0	1	0	0	1	1	0	0	0	0	0	0	0	1	0
0	1	0	0	0	0	0	0	0	1	1	1	0	0	0	1	0
0	1	1	0	1	0	0	0	1	0	0	0	0	1	0	1	0
0	1	1	0	1	0	0	0	1	1	0	0	0	1	0	1	0
0	0	0	1	0	0	1	1	0	1	1	0	0	1	1	0	0
0	1	0	0	0	1	0	1	1	0	1	0	1	1	0	0	1
1	1	1	1	0	1	0	0	1	1	0	0	0	1	0	1	1
1	0	0	0	0	1	0	0	0	0	0	0	0	1	0	0	0
0	0	0	1	0	0	0	0	0	1	0	0	0	1	0	1	0
0	1	0	0	0	0	1	1	1	1	1	1	1	0	0	1	1
0	0	0	0	0	0	0	0	1	0	0	0	0	0	0	1	1
0	1	0	0	1	1	1	1	0	0	1	0	1	1	1	1	1
1	1	1	1	0	0	0	0	0	1	1	0	0	1	1	1	0
DIFF_EDGE
0 0
CHROM_NUMBER
10
EOF
