TYPE : graph_{count}
DIMENSION: 18
EDGE_DATA_FORMAT: EDGE_LIST
EDGE_WEIGHT_TYPE: EXPLICIT
EDGE_WEIGHT_FORMAT: FULL_MATRIX
EDGE_DATA_SECTION
0 1
0 2
0 5
0 7
0 10
0 11
1 2
1 3
1 4
1 6
1 7
1 9
1 10
1 11
1 17
2 4
2 5
2 7
2 8
2 9
2 11
2 17
3 4
3 5
3 6
3 8
3 13
4 7
4 8
4 11
4 14
5 9
5 15
5 17
6 8
6 9
6 10
6 11
6 14
6 17
7 8
7 10
7 11
7 12
7 17
8 9
8 17
10 17
11 17
12 17
13 17
14 16
14 17
15 17
16 17
-1
EDGE_WEIGHT_SECTION
0	1	1	0	0	1	0	1	0	0	1	1	0	0	0	0	0	0
1	0	1	1	1	0	1	1	0	1	1	1	0	0	0	0	0	1
1	1	0	0	1	1	0	1	1	1	0	1	0	0	0	0	0	1
0	1	0	0	1	1	1	0	1	0	0	0	0	1	0	0	0	0
0	1	1	1	0	0	0	1	1	0	0	1	0	0	1	0	0	0
1	0	1	1	0	0	0	0	0	1	0	0	0	0	0	1	0	1
0	1	0	1	0	0	0	0	1	1	1	1	0	0	1	0	0	1
1	1	1	0	1	0	0	0	1	0	1	1	1	0	0	0	0	1
0	0	1	1	1	0	1	1	0	1	0	0	0	0	0	0	0	1
0	1	1	0	0	1	1	0	1	0	0	0	0	0	0	0	0	0
1	1	0	0	0	0	1	1	0	0	0	0	0	0	0	0	0	1
1	1	1	0	1	0	1	1	0	0	0	0	0	0	0	0	0	1
0	0	0	0	0	0	0	1	0	0	0	0	0	0	0	0	0	1
0	0	0	1	0	0	0	0	0	0	0	0	0	0	0	0	0	1
0	0	0	0	1	0	1	0	0	0	0	0	0	0	0	0	1	1
0	0	0	0	0	1	0	0	0	0	0	0	0	0	0	0	0	1
0	0	0	0	0	0	0	0	0	0	0	0	0	0	1	0	0	1
0	1	1	0	0	1	1	1	1	0	1	1	1	1	1	1	1	1
DIFF_EDGE
0 0
CHROM_NUMBER
8
EOF
