TYPE : graph_{count}
DIMENSION: 20
EDGE_DATA_FORMAT: EDGE_LIST
EDGE_WEIGHT_TYPE: EXPLICIT
EDGE_WEIGHT_FORMAT: FULL_MATRIX
EDGE_DATA_SECTION
0 2
0 6
0 7
0 10
0 11
1 2
1 3
1 5
1 7
1 15
1 17
2 4
2 5
2 9
2 11
2 15
2 17
3 6
3 8
3 10
3 11
4 5
4 7
4 11
4 12
5 6
5 8
5 10
5 11
5 15
5 17
6 8
6 9
6 10
6 11
6 15
6 17
7 8
7 10
7 11
7 17
7 18
7 19
8 9
8 12
8 15
9 19
10 11
10 15
10 17
11 14
12 15
12 17
13 14
13 15
14 17
15 16
15 17
-1
EDGE_WEIGHT_SECTION
0	0	1	0	0	0	1	1	0	0	1	1	0	0	0	0	0	0	0	0
0	0	1	1	0	1	0	1	0	0	0	0	0	0	0	1	0	1	0	0
1	1	0	0	1	1	0	0	0	1	0	1	0	0	0	1	0	1	0	0
0	1	0	0	0	0	1	0	1	0	1	1	0	0	0	0	0	0	0	0
0	0	1	0	0	1	0	1	0	0	0	1	1	0	0	0	0	0	0	0
0	1	1	0	1	0	1	0	1	0	1	1	0	0	0	1	0	1	0	0
1	0	0	1	0	1	0	0	1	1	1	1	0	0	0	1	0	1	0	0
1	1	0	0	1	0	0	0	1	0	1	1	0	0	0	0	0	1	1	1
0	0	0	1	0	1	1	1	0	1	0	0	1	0	0	1	0	0	0	0
0	0	1	0	0	0	1	0	1	0	0	0	0	0	0	0	0	0	0	1
1	0	0	1	0	1	1	1	0	0	0	1	0	0	0	1	0	1	0	0
1	0	1	1	1	1	1	1	0	0	1	1	0	0	1	0	0	0	0	0
0	0	0	0	1	0	0	0	1	0	0	0	0	0	0	1	0	1	0	0
0	0	0	0	0	0	0	0	0	0	0	0	0	0	1	1	0	0	0	0
0	0	0	0	0	0	0	0	0	0	0	1	0	1	0	0	0	1	0	0
0	1	1	0	0	1	1	0	1	0	1	0	1	1	0	0	1	1	0	0
0	0	0	0	0	0	0	0	0	0	0	0	0	0	0	1	0	0	0	0
0	1	1	0	0	1	1	1	0	0	1	0	1	0	1	1	0	0	0	0
0	0	0	0	0	0	0	1	0	0	0	0	0	0	0	0	0	0	0	0
0	0	0	0	0	0	0	1	0	1	0	0	0	0	0	0	0	0	0	0
DIFF_EDGE
0 0
CHROM_NUMBER
9
EOF
