TYPE : graph_{count}
DIMENSION: 19
EDGE_DATA_FORMAT: EDGE_LIST
EDGE_WEIGHT_TYPE: EXPLICIT
EDGE_WEIGHT_FORMAT: FULL_MATRIX
EDGE_DATA_SECTION
0 1
0 2
0 3
0 8
1 3
1 5
1 7
1 9
1 14
1 16
2 6
2 9
3 4
3 7
3 8
3 9
3 10
3 15
3 16
3 17
4 5
4 16
5 7
5 9
5 15
5 17
6 7
6 9
6 15
6 17
7 9
7 10
7 12
7 15
8 9
8 10
8 16
8 17
9 11
9 15
9 16
9 17
10 17
11 13
11 16
11 17
11 18
12 16
12 17
14 15
14 16
14 17
15 16
15 17
16 17
-1
EDGE_WEIGHT_SECTION
0	1	1	1	0	0	0	0	1	0	0	0	0	0	0	0	0	0	0
1	0	0	1	0	1	0	1	0	1	0	0	0	0	1	0	1	0	0
1	0	0	0	0	0	1	0	0	1	0	0	0	0	0	0	0	0	0
1	1	0	0	1	0	0	1	1	1	1	0	0	0	0	1	1	1	0
0	0	0	1	0	1	0	0	0	0	0	0	0	0	0	0	1	0	0
0	1	0	0	1	0	0	1	0	1	0	0	0	0	0	1	0	1	0
0	0	1	0	0	0	0	1	0	1	0	0	0	0	0	1	0	1	0
0	1	0	1	0	1	1	0	0	1	1	0	1	0	0	1	0	0	0
1	0	0	1	0	0	0	0	0	1	1	0	0	0	0	0	1	1	0
0	1	1	1	0	1	1	1	1	0	0	1	0	0	0	1	1	1	0
0	0	0	1	0	0	0	1	1	0	0	0	0	0	0	0	0	1	0
0	0	0	0	0	0	0	0	0	1	0	0	0	1	0	0	1	1	1
0	0	0	0	0	0	0	1	0	0	0	0	0	0	0	0	1	1	0
0	0	0	0	0	0	0	0	0	0	0	1	0	0	0	0	0	0	0
0	1	0	0	0	0	0	0	0	0	0	0	0	0	0	1	1	1	0
0	0	0	1	0	1	1	1	0	1	0	0	0	0	1	0	1	1	0
0	1	0	1	1	0	0	0	1	1	0	1	1	0	1	1	1	1	0
0	0	0	1	0	1	1	0	1	1	1	1	1	0	1	1	1	0	0
0	0	0	0	0	0	0	0	0	0	0	1	0	0	0	0	0	0	0
DIFF_EDGE
0 0
CHROM_NUMBER
8
EOF
