TYPE : graph_{count}
DIMENSION: 20
EDGE_DATA_FORMAT: EDGE_LIST
EDGE_WEIGHT_TYPE: EXPLICIT
EDGE_WEIGHT_FORMAT: FULL_MATRIX
EDGE_DATA_SECTION
0 2
0 4
0 5
0 7
0 8
0 9
0 10
0 13
0 14
0 15
0 16
1 4
1 5
1 6
1 8
1 9
1 10
1 19
2 4
2 9
2 10
2 13
3 4
3 5
3 8
3 9
3 12
3 13
3 14
3 15
3 16
4 6
4 11
4 13
4 14
4 15
4 16
5 8
5 10
5 16
6 14
7 8
7 9
7 12
7 13
8 13
8 14
8 15
8 16
9 11
9 13
9 14
9 15
9 16
10 13
10 14
10 15
10 16
11 15
12 13
12 16
13 14
13 15
13 16
14 15
14 16
15 16
15 17
15 18
-1
EDGE_WEIGHT_SECTION
0	0	1	0	1	1	0	1	1	1	1	0	0	1	1	1	1	0	0	0
0	0	0	0	1	1	1	0	1	1	1	0	0	0	0	0	0	0	0	1
1	0	0	0	1	0	0	0	0	1	1	0	0	1	0	0	0	0	0	0
0	0	0	0	1	1	0	0	1	1	0	0	1	1	1	1	1	0	0	0
1	1	1	1	0	0	1	0	0	0	0	1	0	1	1	1	1	0	0	0
1	1	0	1	0	0	0	0	1	0	1	0	0	0	0	0	1	0	0	0
0	1	0	0	1	0	0	0	0	0	0	0	0	0	1	0	0	0	0	0
1	0	0	0	0	0	0	0	1	1	0	0	1	1	0	0	0	0	0	0
1	1	0	1	0	1	0	1	0	0	0	0	0	1	1	1	1	0	0	0
1	1	1	1	0	0	0	1	0	0	0	1	0	1	1	1	1	0	0	0
1	1	1	0	0	1	0	0	0	0	0	0	0	1	1	1	1	0	0	0
0	0	0	0	1	0	0	0	0	1	0	0	0	0	0	1	0	0	0	0
0	0	0	1	0	0	0	1	0	0	0	0	0	1	0	0	1	0	0	0
1	0	1	1	1	0	0	1	1	1	1	0	1	1	1	1	1	0	0	0
1	0	0	1	1	0	1	0	1	1	1	0	0	1	0	1	1	0	0	0
1	0	0	1	1	0	0	0	1	1	1	1	0	1	1	0	1	1	1	0
1	0	0	1	1	1	0	0	1	1	1	0	1	1	1	1	0	0	0	0
0	0	0	0	0	0	0	0	0	0	0	0	0	0	0	1	0	0	0	0
0	0	0	0	0	0	0	0	0	0	0	0	0	0	0	1	0	0	0	0
0	1	0	0	0	0	0	0	0	0	0	0	0	0	0	0	0	0	0	0
DIFF_EDGE
0 0
CHROM_NUMBER
10
EOF
