TYPE : graph_{count}
DIMENSION: 18
EDGE_DATA_FORMAT: EDGE_LIST
EDGE_WEIGHT_TYPE: EXPLICIT
EDGE_WEIGHT_FORMAT: FULL_MATRIX
EDGE_DATA_SECTION
0 1
0 2
0 6
0 8
0 13
1 3
1 4
1 5
1 6
1 9
1 11
1 14
2 4
2 7
2 10
2 14
3 5
3 6
3 7
3 8
3 9
3 10
3 11
3 13
3 14
4 6
4 8
4 9
4 14
5 8
5 10
6 8
6 10
6 12
6 13
6 14
7 9
8 9
8 10
8 11
8 13
8 14
8 17
9 11
9 14
9 15
10 11
10 13
11 12
11 13
11 14
11 16
13 14
13 15
-1
EDGE_WEIGHT_SECTION
0	1	1	0	0	0	1	0	1	0	0	0	0	1	0	0	0	0
1	0	0	1	1	1	1	0	0	1	0	1	0	0	1	0	0	0
1	0	0	0	1	0	0	1	0	0	1	0	0	0	1	0	0	0
0	1	0	0	0	1	1	1	1	1	1	1	0	1	1	0	0	0
0	1	1	0	0	0	1	0	1	1	0	0	0	0	1	0	0	0
0	1	0	1	0	0	0	0	1	0	1	0	0	0	0	0	0	0
1	1	0	1	1	0	0	0	1	0	1	0	1	1	1	0	0	0
0	0	1	1	0	0	0	0	0	1	0	0	0	0	0	0	0	0
1	0	0	1	1	1	1	0	0	1	1	1	0	1	1	0	0	1
0	1	0	1	1	0	0	1	1	0	0	1	0	0	1	1	0	0
0	0	1	1	0	1	1	0	1	0	0	1	0	1	0	0	0	0
0	1	0	1	0	0	0	0	1	1	1	1	1	1	1	0	1	0
0	0	0	0	0	0	1	0	0	0	0	1	0	0	0	0	0	0
1	0	0	1	0	0	1	0	1	0	1	1	0	0	1	1	0	0
0	1	1	1	1	0	1	0	1	1	0	1	0	1	1	0	0	0
0	0	0	0	0	0	0	0	0	1	0	0	0	1	0	0	0	0
0	0	0	0	0	0	0	0	0	0	0	1	0	0	0	0	0	0
0	0	0	0	0	0	0	0	1	0	0	0	0	0	0	0	0	0
DIFF_EDGE
0 0
CHROM_NUMBER
9
EOF
