TYPE : graph_{count}
DIMENSION: 20
EDGE_DATA_FORMAT: EDGE_LIST
EDGE_WEIGHT_TYPE: EXPLICIT
EDGE_WEIGHT_FORMAT: FULL_MATRIX
EDGE_DATA_SECTION
0 3
0 8
0 9
0 14
0 15
1 2
1 3
1 5
1 6
1 7
1 9
1 10
1 11
1 12
1 13
1 15
1 18
2 4
2 5
2 6
2 7
2 8
2 11
2 12
2 13
2 15
2 16
2 19
3 4
3 5
3 6
3 13
3 16
4 5
4 11
4 12
4 13
4 14
4 15
5 6
5 8
5 9
5 10
5 11
5 12
5 13
5 15
5 16
5 19
6 7
6 8
6 11
6 12
6 13
6 15
6 16
6 19
7 9
7 10
7 12
7 16
8 10
8 11
8 19
9 10
9 11
9 13
9 15
9 16
9 19
10 11
10 12
10 13
10 15
10 16
10 17
11 12
11 13
11 15
11 16
11 19
12 13
12 15
12 16
12 19
13 15
13 16
13 19
14 16
14 19
15 16
15 19
16 18
16 19
18 19
-1
EDGE_WEIGHT_SECTION
0	0	0	1	0	0	0	0	1	1	0	0	0	0	1	1	0	0	0	0
0	0	1	1	0	1	1	1	0	1	1	1	1	1	0	1	0	0	1	0
0	1	0	0	1	1	1	1	1	0	0	1	1	1	0	1	1	0	0	1
1	1	0	0	1	1	1	0	0	0	0	0	0	1	0	0	1	0	0	0
0	0	1	1	0	1	0	0	0	0	0	1	1	1	1	1	0	0	0	0
0	1	1	1	1	0	1	0	1	1	1	1	1	1	0	1	1	0	0	1
0	1	1	1	0	1	0	1	1	0	0	1	1	1	0	1	1	0	0	1
0	1	1	0	0	0	1	0	0	1	1	0	1	0	0	0	1	0	0	0
1	0	1	0	0	1	1	0	0	0	1	1	0	0	0	0	0	0	0	1
1	1	0	0	0	1	0	1	0	0	1	1	0	1	0	1	1	0	0	1
0	1	0	0	0	1	0	1	1	1	0	1	1	1	0	1	1	1	0	0
0	1	1	0	1	1	1	0	1	1	1	0	1	1	0	1	1	0	0	1
0	1	1	0	1	1	1	1	0	0	1	1	0	1	0	1	1	0	0	1
0	1	1	1	1	1	1	0	0	1	1	1	1	1	0	1	1	0	0	1
1	0	0	0	1	0	0	0	0	0	0	0	0	0	0	0	1	0	0	1
1	1	1	0	1	1	1	0	0	1	1	1	1	1	0	0	1	0	0	1
0	0	1	1	0	1	1	1	0	1	1	1	1	1	1	1	0	0	1	1
0	0	0	0	0	0	0	0	0	0	1	0	0	0	0	0	0	0	0	0
0	1	0	0	0	0	0	0	0	0	0	0	0	0	0	0	1	0	0	1
0	0	1	0	0	1	1	0	1	1	0	1	1	1	1	1	1	0	1	0
DIFF_EDGE
0 0
CHROM_NUMBER
13
EOF
