TYPE : graph_{count}
DIMENSION: 17
EDGE_DATA_FORMAT: EDGE_LIST
EDGE_WEIGHT_TYPE: EXPLICIT
EDGE_WEIGHT_FORMAT: FULL_MATRIX
EDGE_DATA_SECTION
0 1
0 3
0 9
0 10
1 2
1 4
1 5
1 6
1 7
1 9
1 12
1 15
2 4
2 5
2 9
2 10
2 12
2 14
2 15
3 4
3 8
3 10
3 11
3 14
4 6
4 7
4 8
4 12
4 15
5 9
5 16
6 7
6 8
6 9
7 8
7 10
7 15
7 16
8 10
9 10
9 12
9 15
10 12
11 12
11 15
12 13
12 15
-1
EDGE_WEIGHT_SECTION
0	1	0	1	0	0	0	0	0	1	1	0	0	0	0	0	0
1	0	1	0	1	1	1	1	0	1	0	0	1	0	0	1	0
0	1	0	0	1	1	0	0	0	1	1	0	1	0	1	1	0
1	0	0	0	1	0	0	0	1	0	1	1	0	0	1	0	0
0	1	1	1	0	0	1	1	1	0	0	0	1	0	0	1	0
0	1	1	0	0	0	0	0	0	1	0	0	0	0	0	0	1
0	1	0	0	1	0	0	1	1	1	0	0	0	0	0	0	0
0	1	0	0	1	0	1	0	1	0	1	0	0	0	0	1	1
0	0	0	1	1	0	1	1	0	0	1	0	0	0	0	0	0
1	1	1	0	0	1	1	0	0	0	1	0	1	0	0	1	0
1	0	1	1	0	0	0	1	1	1	0	0	1	0	0	0	0
0	0	0	1	0	0	0	0	0	0	0	0	1	0	0	1	0
0	1	1	0	1	0	0	0	0	1	1	1	0	1	0	1	0
0	0	0	0	0	0	0	0	0	0	0	0	1	0	0	0	0
0	0	1	1	0	0	0	0	0	0	0	0	0	0	0	0	0
0	1	1	0	1	0	0	1	0	1	0	1	1	0	0	1	0
0	0	0	0	0	1	0	1	0	0	0	0	0	0	0	0	0
DIFF_EDGE
0 0
CHROM_NUMBER
8
EOF
