TYPE : graph_{count}
DIMENSION: 18
EDGE_DATA_FORMAT: EDGE_LIST
EDGE_WEIGHT_TYPE: EXPLICIT
EDGE_WEIGHT_FORMAT: FULL_MATRIX
EDGE_DATA_SECTION
0 2
0 4
0 5
0 6
0 8
0 9
0 12
0 13
1 2
1 3
1 4
1 5
1 6
1 7
1 10
1 13
1 14
1 17
2 3
2 4
2 7
2 9
2 10
2 12
2 13
2 14
3 7
3 9
4 6
4 8
4 12
4 14
5 7
5 10
5 13
5 15
5 16
6 8
6 9
6 12
7 8
7 10
7 11
7 12
7 13
8 10
8 12
8 13
10 12
10 13
10 14
11 12
11 13
11 14
12 13
12 14
12 16
12 17
13 14
14 15
-1
EDGE_WEIGHT_SECTION
0	0	1	0	1	1	1	0	1	1	0	0	1	1	0	0	0	0
0	0	1	1	1	1	1	1	0	0	1	0	0	1	1	0	0	1
1	1	0	1	1	0	0	1	0	1	1	0	1	1	1	0	0	0
0	1	1	0	0	0	0	1	0	1	0	0	0	0	0	0	0	0
1	1	1	0	0	0	1	0	1	0	0	0	1	0	1	0	0	0
1	1	0	0	0	0	0	1	0	0	1	0	0	1	0	1	1	0
1	1	0	0	1	0	0	0	1	1	0	0	1	0	0	0	0	0
0	1	1	1	0	1	0	0	1	0	1	1	1	1	0	0	0	0
1	0	0	0	1	0	1	1	0	0	1	0	1	1	0	0	0	0
1	0	1	1	0	0	1	0	0	0	0	0	0	0	0	0	0	0
0	1	1	0	0	1	0	1	1	0	0	0	1	1	1	0	0	0
0	0	0	0	0	0	0	1	0	0	0	0	1	1	1	0	0	0
1	0	1	0	1	0	1	1	1	0	1	1	0	1	1	0	1	1
1	1	1	0	0	1	0	1	1	0	1	1	1	1	1	0	0	0
0	1	1	0	1	0	0	0	0	0	1	1	1	1	0	1	0	0
0	0	0	0	0	1	0	0	0	0	0	0	0	0	1	0	0	0
0	0	0	0	0	1	0	0	0	0	0	0	1	0	0	0	0	0
0	1	0	0	0	0	0	0	0	0	0	0	1	0	0	0	0	0
DIFF_EDGE
0 0
CHROM_NUMBER
9
EOF
