TYPE : graph_{count}
DIMENSION: 16
EDGE_DATA_FORMAT: EDGE_LIST
EDGE_WEIGHT_TYPE: EXPLICIT
EDGE_WEIGHT_FORMAT: FULL_MATRIX
EDGE_DATA_SECTION
0 1
0 2
0 10
1 3
1 5
1 7
1 11
2 3
2 4
2 5
2 6
2 9
2 14
3 5
3 8
3 9
3 10
3 15
4 7
4 8
4 10
5 8
5 9
6 8
6 9
7 8
9 11
11 13
12 13
-1
EDGE_WEIGHT_SECTION
0	1	1	0	0	0	0	0	0	0	1	0	0	0	0	0
1	0	0	1	0	1	0	1	0	0	0	1	0	0	0	0
1	0	0	1	1	1	1	0	0	1	0	0	0	0	1	0
0	1	1	0	0	1	0	0	1	1	1	0	0	0	0	1
0	0	1	0	0	0	0	1	1	0	1	0	0	0	0	0
0	1	1	1	0	0	0	0	1	1	0	0	0	0	0	0
0	0	1	0	0	0	0	0	1	1	0	0	0	0	0	0
0	1	0	0	1	0	0	0	1	0	0	0	0	0	0	0
0	0	0	1	1	1	1	1	0	0	0	0	0	0	0	0
0	0	1	1	0	1	1	0	0	0	0	1	0	0	0	0
1	0	0	1	1	0	0	0	0	0	0	0	0	0	0	0
0	1	0	0	0	0	0	0	0	1	0	0	0	1	0	0
0	0	0	0	0	0	0	0	0	0	0	0	0	1	0	0
0	0	0	0	0	0	0	0	0	0	0	1	1	0	0	0
0	0	1	0	0	0	0	0	0	0	0	0	0	0	0	0
0	0	0	1	0	0	0	0	0	0	0	0	0	0	0	0
DIFF_EDGE
0 0
CHROM_NUMBER
6
EOF
