TYPE : graph_{count}
DIMENSION: 21
EDGE_DATA_FORMAT: EDGE_LIST
EDGE_WEIGHT_TYPE: EXPLICIT
EDGE_WEIGHT_FORMAT: FULL_MATRIX
EDGE_DATA_SECTION
0 1
0 2
0 5
0 6
0 7
0 10
0 13
0 15
0 19
1 3
1 4
1 5
1 6
1 10
1 12
1 18
1 19
2 6
2 7
2 10
2 19
3 6
3 17
4 9
4 19
5 8
5 10
5 15
5 19
6 7
6 8
6 9
6 10
6 13
6 15
6 19
7 10
7 13
7 15
7 16
7 18
7 20
8 9
8 10
8 15
8 19
9 10
9 13
9 16
10 11
10 14
10 15
11 15
11 19
12 13
12 15
13 14
13 15
13 19
14 19
15 17
15 19
16 19
18 19
-1
EDGE_WEIGHT_SECTION
0	1	1	0	0	1	1	1	0	0	1	0	0	1	0	1	0	0	0	1	0
1	0	0	1	1	1	1	0	0	0	1	0	1	0	0	0	0	0	1	1	0
1	0	0	0	0	0	1	1	0	0	1	0	0	0	0	0	0	0	0	1	0
0	1	0	0	0	0	1	0	0	0	0	0	0	0	0	0	0	1	0	0	0
0	1	0	0	0	0	0	0	0	1	0	0	0	0	0	0	0	0	0	1	0
1	1	0	0	0	0	0	0	1	0	1	0	0	0	0	1	0	0	0	1	0
1	1	1	1	0	0	0	1	1	1	1	0	0	1	0	1	0	0	0	1	0
1	0	1	0	0	0	1	0	0	0	1	0	0	1	0	1	1	0	1	0	1
0	0	0	0	0	1	1	0	0	1	1	0	0	0	0	1	0	0	0	1	0
0	0	0	0	1	0	1	0	1	0	1	0	0	1	0	0	1	0	0	0	0
1	1	1	0	0	1	1	1	1	1	0	1	0	0	1	1	0	0	0	0	0
0	0	0	0	0	0	0	0	0	0	1	0	0	0	0	1	0	0	0	1	0
0	1	0	0	0	0	0	0	0	0	0	0	0	1	0	1	0	0	0	0	0
1	0	0	0	0	0	1	1	0	1	0	0	1	0	1	1	0	0	0	1	0
0	0	0	0	0	0	0	0	0	0	1	0	0	1	0	0	0	0	0	1	0
1	0	0	0	0	1	1	1	1	0	1	1	1	1	0	0	0	1	0	1	0
0	0	0	0	0	0	0	1	0	1	0	0	0	0	0	0	0	0	0	1	0
0	0	0	1	0	0	0	0	0	0	0	0	0	0	0	1	0	0	0	0	0
0	1	0	0	0	0	0	1	0	0	0	0	0	0	0	0	0	0	0	1	0
1	1	1	0	1	1	1	0	1	0	0	1	0	1	1	1	1	0	1	0	0
0	0	0	0	0	0	0	1	0	0	0	0	0	0	0	0	0	0	0	0	0
DIFF_EDGE
0 0
CHROM_NUMBER
9
EOF
