TYPE : graph_{count}
DIMENSION: 16
EDGE_DATA_FORMAT: EDGE_LIST
EDGE_WEIGHT_TYPE: EXPLICIT
EDGE_WEIGHT_FORMAT: FULL_MATRIX
EDGE_DATA_SECTION
0 6
0 9
0 10
1 2
1 5
1 7
1 9
1 11
2 3
2 5
2 7
2 8
2 9
2 10
2 14
2 15
3 5
3 6
3 8
3 9
4 7
4 9
4 13
5 10
5 14
5 15
7 8
7 9
7 10
7 14
8 10
8 13
8 15
9 12
9 14
9 15
10 11
10 12
10 14
10 15
11 14
11 15
13 14
13 15
14 15
-1
EDGE_WEIGHT_SECTION
0	0	0	0	0	0	1	0	0	1	1	0	0	0	0	0
0	0	1	0	0	1	0	1	0	1	0	1	0	0	0	0
0	1	0	1	0	1	0	1	1	1	1	0	0	0	1	1
0	0	1	0	0	1	1	0	1	1	0	0	0	0	0	0
0	0	0	0	0	0	0	1	0	1	0	0	0	1	0	0
0	1	1	1	0	0	0	0	0	0	1	0	0	0	1	1
1	0	0	1	0	0	0	0	0	0	0	0	0	0	0	0
0	1	1	0	1	0	0	0	1	1	1	0	0	0	1	0
0	0	1	1	0	0	0	1	0	0	1	0	0	1	0	1
1	1	1	1	1	0	0	1	0	0	0	0	1	0	1	1
1	0	1	0	0	1	0	1	1	0	0	1	1	0	1	1
0	1	0	0	0	0	0	0	0	0	1	0	0	0	1	1
0	0	0	0	0	0	0	0	0	1	1	0	0	0	0	0
0	0	0	0	1	0	0	0	1	0	0	0	0	0	1	1
0	0	1	0	0	1	0	1	0	1	1	1	0	1	0	1
0	0	1	0	0	1	0	0	1	1	1	1	0	1	1	0
DIFF_EDGE
0 0
CHROM_NUMBER
8
EOF
