TYPE : graph_{count}
DIMENSION: 21
EDGE_DATA_FORMAT: EDGE_LIST
EDGE_WEIGHT_TYPE: EXPLICIT
EDGE_WEIGHT_FORMAT: FULL_MATRIX
EDGE_DATA_SECTION
0 1
0 2
0 6
0 8
0 10
0 15
0 20
1 3
1 5
1 7
1 8
1 10
1 12
1 17
1 20
2 7
2 8
2 9
2 12
2 17
2 19
3 5
3 6
3 7
3 10
3 17
3 18
4 7
4 8
4 9
4 11
4 16
5 7
5 9
6 13
6 17
7 14
7 20
8 10
9 14
9 15
9 17
9 18
9 20
10 13
10 17
11 17
11 20
12 17
15 17
15 20
17 20
18 20
19 20
-1
EDGE_WEIGHT_SECTION
0	1	1	0	0	0	1	0	1	0	1	0	0	0	0	1	0	0	0	0	1
1	0	0	1	0	1	0	1	1	0	1	0	1	0	0	0	0	1	0	0	1
1	0	0	0	0	0	0	1	1	1	0	0	1	0	0	0	0	1	0	1	0
0	1	0	0	0	1	1	1	0	0	1	0	0	0	0	0	0	1	1	0	0
0	0	0	0	0	0	0	1	1	1	0	1	0	0	0	0	1	0	0	0	0
0	1	0	1	0	0	0	1	0	1	0	0	0	0	0	0	0	0	0	0	0
1	0	0	1	0	0	0	0	0	0	0	0	0	1	0	0	0	1	0	0	0
0	1	1	1	1	1	0	0	0	0	0	0	0	0	1	0	0	0	0	0	1
1	1	1	0	1	0	0	0	0	0	1	0	0	0	0	0	0	0	0	0	0
0	0	1	0	1	1	0	0	0	0	0	0	0	0	1	1	0	1	1	0	1
1	1	0	1	0	0	0	0	1	0	0	0	0	1	0	0	0	1	0	0	0
0	0	0	0	1	0	0	0	0	0	0	0	0	0	0	0	0	1	0	0	1
0	1	1	0	0	0	0	0	0	0	0	0	0	0	0	0	0	1	0	0	0
0	0	0	0	0	0	1	0	0	0	1	0	0	0	0	0	0	0	0	0	0
0	0	0	0	0	0	0	1	0	1	0	0	0	0	0	0	0	0	0	0	0
1	0	0	0	0	0	0	0	0	1	0	0	0	0	0	0	0	1	0	0	1
0	0	0	0	1	0	0	0	0	0	0	0	0	0	0	0	0	0	0	0	0
0	1	1	1	0	0	1	0	0	1	1	1	1	0	0	1	0	0	0	0	1
0	0	0	1	0	0	0	0	0	1	0	0	0	0	0	0	0	0	0	0	1
0	0	1	0	0	0	0	0	0	0	0	0	0	0	0	0	0	0	0	0	1
1	1	0	0	0	0	0	1	0	1	0	1	0	0	0	1	0	1	1	1	1
DIFF_EDGE
0 0
CHROM_NUMBER
8
EOF
