TYPE : graph_{count}
DIMENSION: 15
EDGE_DATA_FORMAT: EDGE_LIST
EDGE_WEIGHT_TYPE: EXPLICIT
EDGE_WEIGHT_FORMAT: FULL_MATRIX
EDGE_DATA_SECTION
0 1
0 2
0 5
0 6
0 7
0 10
0 12
0 14
1 9
1 12
2 5
2 6
2 9
2 11
2 12
2 14
3 7
3 10
4 5
4 6
4 7
4 9
4 10
4 12
5 6
5 7
5 9
5 12
5 13
6 14
7 8
7 12
8 9
8 10
8 12
8 13
9 10
9 12
9 14
12 14
13 14
-1
EDGE_WEIGHT_SECTION
0	1	1	0	0	1	1	1	0	0	1	0	1	0	1
1	0	0	0	0	0	0	0	0	1	0	0	1	0	0
1	0	0	0	0	1	1	0	0	1	0	1	1	0	1
0	0	0	0	0	0	0	1	0	0	1	0	0	0	0
0	0	0	0	0	1	1	1	0	1	1	0	1	0	0
1	0	1	0	1	0	1	1	0	1	0	0	1	1	0
1	0	1	0	1	1	0	0	0	0	0	0	0	0	1
1	0	0	1	1	1	0	0	1	0	0	0	1	0	0
0	0	0	0	0	0	0	1	0	1	1	0	1	1	0
0	1	1	0	1	1	0	0	1	0	1	0	1	0	1
1	0	0	1	1	0	0	0	1	1	0	0	0	0	0
0	0	1	0	0	0	0	0	0	0	0	0	0	0	0
1	1	1	0	1	1	0	1	1	1	0	0	1	0	1
0	0	0	0	0	1	0	0	1	0	0	0	0	0	1
1	0	1	0	0	0	1	0	0	1	0	0	1	1	0
DIFF_EDGE
0 0
CHROM_NUMBER
7
EOF
