TYPE : graph_{count}
DIMENSION: 19
EDGE_DATA_FORMAT: EDGE_LIST
EDGE_WEIGHT_TYPE: EXPLICIT
EDGE_WEIGHT_FORMAT: FULL_MATRIX
EDGE_DATA_SECTION
0 2
0 6
0 8
0 9
0 15
1 4
1 10
1 12
1 16
1 17
1 18
2 3
2 4
2 6
2 7
2 9
2 10
2 14
2 15
2 17
2 18
3 6
3 7
3 12
3 14
4 5
4 9
4 10
5 8
5 9
5 10
5 13
5 14
5 15
5 17
5 18
6 7
6 8
6 9
6 11
6 14
6 15
6 17
6 18
7 10
7 13
7 14
7 15
7 17
7 18
8 10
9 15
9 17
9 18
10 14
10 15
10 17
10 18
11 14
11 15
11 18
12 15
13 14
13 17
14 15
14 17
14 18
15 17
15 18
16 18
17 18
-1
EDGE_WEIGHT_SECTION
0	0	1	0	0	0	1	0	1	1	0	0	0	0	0	1	0	0	0
0	0	0	0	1	0	0	0	0	0	1	0	1	0	0	0	1	1	1
1	0	0	1	1	0	1	1	0	1	1	0	0	0	1	1	0	1	1
0	0	1	0	0	0	1	1	0	0	0	0	1	0	1	0	0	0	0
0	1	1	0	0	1	0	0	0	1	1	0	0	0	0	0	0	0	0
0	0	0	0	1	0	0	0	1	1	1	0	0	1	1	1	0	1	1
1	0	1	1	0	0	0	1	1	1	0	1	0	0	1	1	0	1	1
0	0	1	1	0	0	1	0	0	0	1	0	0	1	1	1	0	1	1
1	0	0	0	0	1	1	0	0	0	1	0	0	0	0	0	0	0	0
1	0	1	0	1	1	1	0	0	0	0	0	0	0	0	1	0	1	1
0	1	1	0	1	1	0	1	1	0	0	0	0	0	1	1	0	1	1
0	0	0	0	0	0	1	0	0	0	0	0	0	0	1	1	0	0	1
0	1	0	1	0	0	0	0	0	0	0	0	0	0	0	1	0	0	0
0	0	0	0	0	1	0	1	0	0	0	0	0	0	1	0	0	1	0
0	0	1	1	0	1	1	1	0	0	1	1	0	1	1	1	0	1	1
1	0	1	0	0	1	1	1	0	1	1	1	1	0	1	0	0	1	1
0	1	0	0	0	0	0	0	0	0	0	0	0	0	0	0	0	0	1
0	1	1	0	0	1	1	1	0	1	1	0	0	1	1	1	0	0	1
0	1	1	0	0	1	1	1	0	1	1	1	0	0	1	1	1	1	0
DIFF_EDGE
0 0
CHROM_NUMBER
10
EOF
