TYPE : graph_{count}
DIMENSION: 21
EDGE_DATA_FORMAT: EDGE_LIST
EDGE_WEIGHT_TYPE: EXPLICIT
EDGE_WEIGHT_FORMAT: FULL_MATRIX
EDGE_DATA_SECTION
0 4
0 7
0 8
0 11
0 13
0 18
1 4
1 7
1 8
1 9
1 10
1 11
1 14
1 16
1 20
2 4
2 9
2 11
2 12
2 13
2 18
2 19
3 7
3 8
3 9
3 10
3 12
4 6
4 10
4 18
5 9
6 9
6 18
7 8
7 10
7 11
7 14
7 18
8 9
8 10
8 11
8 14
8 15
8 19
9 11
9 14
9 18
10 11
10 14
10 18
11 14
11 18
12 14
14 17
14 18
15 18
16 18
-1
EDGE_WEIGHT_SECTION
0	0	0	0	1	0	0	1	1	0	0	1	0	1	0	0	0	0	1	0	0
0	0	0	0	1	0	0	1	1	1	1	1	0	0	1	0	1	0	0	0	1
0	0	0	0	1	0	0	0	0	1	0	1	1	1	0	0	0	0	1	1	0
0	0	0	0	0	0	0	1	1	1	1	0	1	0	0	0	0	0	0	0	0
1	1	1	0	0	0	1	0	0	0	1	0	0	0	0	0	0	0	1	0	0
0	0	0	0	0	0	0	0	0	1	0	0	0	0	0	0	0	0	0	0	0
0	0	0	0	1	0	0	0	0	1	0	0	0	0	0	0	0	0	1	0	0
1	1	0	1	0	0	0	0	1	0	1	1	0	0	1	0	0	0	1	0	0
1	1	0	1	0	0	0	1	0	1	1	1	0	0	1	1	0	0	0	1	0
0	1	1	1	0	1	1	0	1	0	0	1	0	0	1	0	0	0	1	0	0
0	1	0	1	1	0	0	1	1	0	0	1	0	0	1	0	0	0	1	0	0
1	1	1	0	0	0	0	1	1	1	1	0	0	0	1	0	0	0	1	0	0
0	0	1	1	0	0	0	0	0	0	0	0	0	0	1	0	0	0	0	0	0
1	0	1	0	0	0	0	0	0	0	0	0	0	0	0	0	0	0	0	0	0
0	1	0	0	0	0	0	1	1	1	1	1	1	0	0	0	0	1	1	0	0
0	0	0	0	0	0	0	0	1	0	0	0	0	0	0	0	0	0	1	0	0
0	1	0	0	0	0	0	0	0	0	0	0	0	0	0	0	0	0	1	0	0
0	0	0	0	0	0	0	0	0	0	0	0	0	0	1	0	0	0	0	0	0
1	0	1	0	1	0	1	1	0	1	1	1	0	0	1	1	1	0	1	0	0
0	0	1	0	0	0	0	0	1	0	0	0	0	0	0	0	0	0	0	0	0
0	1	0	0	0	0	0	0	0	0	0	0	0	0	0	0	0	0	0	0	0
DIFF_EDGE
0 0
CHROM_NUMBER
9
EOF
