TYPE : graph_{count}
DIMENSION: 15
EDGE_DATA_FORMAT: EDGE_LIST
EDGE_WEIGHT_TYPE: EXPLICIT
EDGE_WEIGHT_FORMAT: FULL_MATRIX
EDGE_DATA_SECTION
0 1
0 2
0 3
0 5
0 6
0 10
0 11
0 12
1 2
1 5
1 8
1 9
1 14
2 3
2 7
2 11
2 12
3 6
3 7
3 8
3 11
3 12
4 9
4 10
5 9
6 8
6 10
7 9
7 10
8 10
8 11
8 12
9 10
9 11
10 11
10 12
11 13
12 13
-1
EDGE_WEIGHT_SECTION
0	1	1	1	0	1	1	0	0	0	1	1	1	0	0
1	0	1	0	0	1	0	0	1	1	0	0	0	0	1
1	1	0	1	0	0	0	1	0	0	0	1	1	0	0
1	0	1	0	0	0	1	1	1	0	0	1	1	0	0
0	0	0	0	0	0	0	0	0	1	1	0	0	0	0
1	1	0	0	0	0	0	0	0	1	0	0	0	0	0
1	0	0	1	0	0	0	0	1	0	1	0	0	0	0
0	0	1	1	0	0	0	0	0	1	1	0	0	0	0
0	1	0	1	0	0	1	0	0	0	1	1	1	0	0
0	1	0	0	1	1	0	1	0	0	1	1	0	0	0
1	0	0	0	1	0	1	1	1	1	0	1	1	0	0
1	0	1	1	0	0	0	0	1	1	1	1	0	1	0
1	0	1	1	0	0	0	0	1	0	1	0	0	1	0
0	0	0	0	0	0	0	0	0	0	0	1	1	0	0
0	1	0	0	0	0	0	0	0	0	0	0	0	0	0
DIFF_EDGE
0 0
CHROM_NUMBER
7
EOF
