TYPE : graph_{count}
DIMENSION: 19
EDGE_DATA_FORMAT: EDGE_LIST
EDGE_WEIGHT_TYPE: EXPLICIT
EDGE_WEIGHT_FORMAT: FULL_MATRIX
EDGE_DATA_SECTION
0 1
0 4
0 6
0 9
0 11
0 18
1 6
1 9
1 11
1 18
2 7
2 8
2 14
2 18
3 7
3 8
3 10
3 11
3 13
4 6
5 7
5 9
6 7
6 8
6 10
6 11
6 13
6 17
7 13
8 9
8 10
8 11
8 13
8 18
9 11
9 12
9 14
10 11
10 12
10 13
10 18
11 13
11 18
12 13
12 16
13 18
15 16
16 18
-1
EDGE_WEIGHT_SECTION
0	1	0	0	1	0	1	0	0	1	0	1	0	0	0	0	0	0	1
1	0	0	0	0	0	1	0	0	1	0	1	0	0	0	0	0	0	1
0	0	0	0	0	0	0	1	1	0	0	0	0	0	1	0	0	0	1
0	0	0	0	0	0	0	1	1	0	1	1	0	1	0	0	0	0	0
1	0	0	0	0	0	1	0	0	0	0	0	0	0	0	0	0	0	0
0	0	0	0	0	0	0	1	0	1	0	0	0	0	0	0	0	0	0
1	1	0	0	1	0	0	1	1	0	1	1	0	1	0	0	0	1	0
0	0	1	1	0	1	1	0	0	0	0	0	0	1	0	0	0	0	0
0	0	1	1	0	0	1	0	0	1	1	1	0	1	0	0	0	0	1
1	1	0	0	0	1	0	0	1	0	0	1	1	0	1	0	0	0	0
0	0	0	1	0	0	1	0	1	0	0	1	1	1	0	0	0	0	1
1	1	0	1	0	0	1	0	1	1	1	1	0	1	0	0	0	0	1
0	0	0	0	0	0	0	0	0	1	1	0	0	1	0	0	1	0	0
0	0	0	1	0	0	1	1	1	0	1	1	1	1	0	0	0	0	1
0	0	1	0	0	0	0	0	0	1	0	0	0	0	0	0	0	0	0
0	0	0	0	0	0	0	0	0	0	0	0	0	0	0	0	1	0	0
0	0	0	0	0	0	0	0	0	0	0	0	1	0	0	1	0	0	1
0	0	0	0	0	0	1	0	0	0	0	0	0	0	0	0	0	0	0
1	1	1	0	0	0	0	0	1	0	1	1	0	1	0	0	1	0	0
DIFF_EDGE
0 0
CHROM_NUMBER
8
EOF
