TYPE : graph_{count}
DIMENSION: 19
EDGE_DATA_FORMAT: EDGE_LIST
EDGE_WEIGHT_TYPE: EXPLICIT
EDGE_WEIGHT_FORMAT: FULL_MATRIX
EDGE_DATA_SECTION
0 4
0 6
0 8
0 9
0 10
0 11
0 12
0 16
0 17
1 2
1 3
1 4
1 5
1 8
1 9
1 11
1 12
1 17
2 3
2 6
2 8
2 9
2 11
2 12
2 17
3 6
3 7
3 10
3 11
3 12
3 17
4 11
4 16
5 6
5 7
5 12
6 8
6 14
7 8
7 9
7 10
7 11
7 12
7 17
8 9
8 11
8 12
8 13
9 10
9 11
9 12
9 17
11 12
11 17
11 18
12 15
12 17
13 17
14 17
16 17
-1
EDGE_WEIGHT_SECTION
0	0	0	0	1	0	1	0	1	1	1	1	1	0	0	0	1	1	0
0	0	1	1	1	1	0	0	1	1	0	1	1	0	0	0	0	1	0
0	1	0	1	0	0	1	0	1	1	0	1	1	0	0	0	0	1	0
0	1	1	0	0	0	1	1	0	0	1	1	1	0	0	0	0	1	0
1	1	0	0	0	0	0	0	0	0	0	1	0	0	0	0	1	0	0
0	1	0	0	0	0	1	1	0	0	0	0	1	0	0	0	0	0	0
1	0	1	1	0	1	0	0	1	0	0	0	0	0	1	0	0	0	0
0	0	0	1	0	1	0	0	1	1	1	1	1	0	0	0	0	1	0
1	1	1	0	0	0	1	1	0	1	0	1	1	1	0	0	0	0	0
1	1	1	0	0	0	0	1	1	0	1	1	1	0	0	0	0	1	0
1	0	0	1	0	0	0	1	0	1	0	0	0	0	0	0	0	0	0
1	1	1	1	1	0	0	1	1	1	0	0	1	0	0	0	0	1	1
1	1	1	1	0	1	0	1	1	1	0	1	0	0	0	1	0	1	0
0	0	0	0	0	0	0	0	1	0	0	0	0	0	0	0	0	1	0
0	0	0	0	0	0	1	0	0	0	0	0	0	0	0	0	0	1	0
0	0	0	0	0	0	0	0	0	0	0	0	1	0	0	0	0	0	0
1	0	0	0	1	0	0	0	0	0	0	0	0	0	0	0	0	1	0
1	1	1	1	0	0	0	1	0	1	0	1	1	1	1	0	1	1	0
0	0	0	0	0	0	0	0	0	0	0	1	0	0	0	0	0	0	0
DIFF_EDGE
0 0
CHROM_NUMBER
9
EOF
