TYPE : graph_{count}
DIMENSION: 20
EDGE_DATA_FORMAT: EDGE_LIST
EDGE_WEIGHT_TYPE: EXPLICIT
EDGE_WEIGHT_FORMAT: FULL_MATRIX
EDGE_DATA_SECTION
0 1
0 2
0 3
0 6
0 13
0 14
0 17
0 18
0 19
1 2
1 3
1 4
1 8
1 12
1 17
2 3
2 4
2 6
2 7
2 8
2 9
2 10
2 12
2 17
3 7
3 9
3 17
4 5
4 6
4 9
4 10
4 12
4 16
4 17
5 7
5 8
5 10
5 12
6 8
6 12
7 10
8 9
8 11
8 12
8 16
8 17
9 10
9 12
10 14
10 15
11 15
12 13
12 17
14 17
14 18
18 19
-1
EDGE_WEIGHT_SECTION
0	1	1	1	0	0	1	0	0	0	0	0	0	1	1	0	0	1	1	1
1	0	1	1	1	0	0	0	1	0	0	0	1	0	0	0	0	1	0	0
1	1	0	1	1	0	1	1	1	1	1	0	1	0	0	0	0	1	0	0
1	1	1	0	0	0	0	1	0	1	0	0	0	0	0	0	0	1	0	0
0	1	1	0	0	1	1	0	0	1	1	0	1	0	0	0	1	1	0	0
0	0	0	0	1	0	0	1	1	0	1	0	1	0	0	0	0	0	0	0
1	0	1	0	1	0	0	0	1	0	0	0	1	0	0	0	0	0	0	0
0	0	1	1	0	1	0	0	0	0	1	0	0	0	0	0	0	0	0	0
0	1	1	0	0	1	1	0	0	1	0	1	1	0	0	0	1	1	0	0
0	0	1	1	1	0	0	0	1	0	1	0	1	0	0	0	0	0	0	0
0	0	1	0	1	1	0	1	0	1	0	0	0	0	1	1	0	0	0	0
0	0	0	0	0	0	0	0	1	0	0	0	0	0	0	1	0	0	0	0
0	1	1	0	1	1	1	0	1	1	0	0	0	1	0	0	0	1	0	0
1	0	0	0	0	0	0	0	0	0	0	0	1	0	0	0	0	0	0	0
1	0	0	0	0	0	0	0	0	0	1	0	0	0	0	0	0	1	1	0
0	0	0	0	0	0	0	0	0	0	1	1	0	0	0	0	0	0	0	0
0	0	0	0	1	0	0	0	1	0	0	0	0	0	0	0	0	0	0	0
1	1	1	1	1	0	0	0	1	0	0	0	1	0	1	0	0	0	0	0
1	0	0	0	0	0	0	0	0	0	0	0	0	0	1	0	0	0	0	1
1	0	0	0	0	0	0	0	0	0	0	0	0	0	0	0	0	0	1	0
DIFF_EDGE
0 0
CHROM_NUMBER
8
EOF
