TYPE : graph_{count}
DIMENSION: 16
EDGE_DATA_FORMAT: EDGE_LIST
EDGE_WEIGHT_TYPE: EXPLICIT
EDGE_WEIGHT_FORMAT: FULL_MATRIX
EDGE_DATA_SECTION
0 2
0 3
0 4
0 5
0 6
0 7
0 8
0 9
0 12
0 14
1 6
2 3
2 6
2 8
2 9
2 12
2 14
3 5
3 6
3 8
3 9
3 11
3 12
3 14
4 5
4 7
4 8
4 9
5 9
5 10
6 7
6 8
6 9
6 10
6 12
6 14
6 15
7 8
7 9
8 9
8 12
8 14
9 12
9 13
12 14
13 14
-1
EDGE_WEIGHT_SECTION
0	0	1	1	1	1	1	1	1	1	0	0	1	0	1	0
0	0	0	0	0	0	1	0	0	0	0	0	0	0	0	0
1	0	0	1	0	0	1	0	1	1	0	0	1	0	1	0
1	0	1	0	0	1	1	0	1	1	0	1	1	0	1	0
1	0	0	0	0	1	0	1	1	1	0	0	0	0	0	0
1	0	0	1	1	0	0	0	0	1	1	0	0	0	0	0
1	1	1	1	0	0	0	1	1	1	1	0	1	0	1	1
1	0	0	0	1	0	1	0	1	1	0	0	0	0	0	0
1	0	1	1	1	0	1	1	0	1	0	0	1	0	1	0
1	0	1	1	1	1	1	1	1	0	0	0	1	1	0	0
0	0	0	0	0	1	1	0	0	0	0	0	0	0	0	0
0	0	0	1	0	0	0	0	0	0	0	0	0	0	0	0
1	0	1	1	0	0	1	0	1	1	0	0	0	0	1	0
0	0	0	0	0	0	0	0	0	1	0	0	0	0	1	0
1	0	1	1	0	0	1	0	1	0	0	0	1	1	0	0
0	0	0	0	0	0	1	0	0	0	0	0	0	0	0	0
DIFF_EDGE
0 0
CHROM_NUMBER
8
EOF
