TYPE : graph_{count}
DIMENSION: 19
EDGE_DATA_FORMAT: EDGE_LIST
EDGE_WEIGHT_TYPE: EXPLICIT
EDGE_WEIGHT_FORMAT: FULL_MATRIX
EDGE_DATA_SECTION
0 3
0 6
0 7
0 8
0 9
0 12
0 13
1 3
1 8
1 9
1 10
1 16
1 18
2 3
2 8
2 9
2 11
2 18
3 4
3 7
3 8
3 11
3 14
4 5
4 9
5 8
6 9
6 10
6 11
6 15
6 16
7 8
7 9
7 10
7 17
8 15
9 11
10 11
11 13
-1
EDGE_WEIGHT_SECTION
0	0	0	1	0	0	1	1	1	1	0	0	1	1	0	0	0	0	0
0	0	0	1	0	0	0	0	1	1	1	0	0	0	0	0	1	0	1
0	0	0	1	0	0	0	0	1	1	0	1	0	0	0	0	0	0	1
1	1	1	0	1	0	0	1	1	0	0	1	0	0	1	0	0	0	0
0	0	0	1	0	1	0	0	0	1	0	0	0	0	0	0	0	0	0
0	0	0	0	1	0	0	0	1	0	0	0	0	0	0	0	0	0	0
1	0	0	0	0	0	0	0	0	1	1	1	0	0	0	1	1	0	0
1	0	0	1	0	0	0	0	1	1	1	0	0	0	0	0	0	1	0
1	1	1	1	0	1	0	1	0	0	0	0	0	0	0	1	0	0	0
1	1	1	0	1	0	1	1	0	0	0	1	0	0	0	0	0	0	0
0	1	0	0	0	0	1	1	0	0	0	1	0	0	0	0	0	0	0
0	0	1	1	0	0	1	0	0	1	1	0	0	1	0	0	0	0	0
1	0	0	0	0	0	0	0	0	0	0	0	0	0	0	0	0	0	0
1	0	0	0	0	0	0	0	0	0	0	1	0	0	0	0	0	0	0
0	0	0	1	0	0	0	0	0	0	0	0	0	0	0	0	0	0	0
0	0	0	0	0	0	1	0	1	0	0	0	0	0	0	0	0	0	0
0	1	0	0	0	0	1	0	0	0	0	0	0	0	0	0	0	0	0
0	0	0	0	0	0	0	1	0	0	0	0	0	0	0	0	0	0	0
0	1	1	0	0	0	0	0	0	0	0	0	0	0	0	0	0	0	0
DIFF_EDGE
0 0
CHROM_NUMBER
7
EOF
