TYPE : graph_{count}
DIMENSION: 21
EDGE_DATA_FORMAT: EDGE_LIST
EDGE_WEIGHT_TYPE: EXPLICIT
EDGE_WEIGHT_FORMAT: FULL_MATRIX
EDGE_DATA_SECTION
0 2
0 5
0 6
0 10
0 11
0 16
0 17
0 20
1 2
1 5
1 6
1 8
1 9
1 12
1 17
1 19
2 4
2 6
2 7
2 12
2 13
2 14
2 17
2 19
3 4
3 7
3 8
3 9
3 12
3 16
4 5
4 7
4 8
4 9
4 10
4 12
4 16
4 17
4 18
5 7
5 9
5 12
5 17
6 10
7 8
7 12
7 16
7 17
7 19
8 10
8 11
8 12
8 16
8 17
8 19
9 15
11 17
12 16
12 17
12 19
14 16
14 17
15 17
15 19
16 17
16 19
17 19
18 19
19 20
-1
EDGE_WEIGHT_SECTION
0	0	1	0	0	1	1	0	0	0	1	1	0	0	0	0	1	1	0	0	1
0	0	1	0	0	1	1	0	1	1	0	0	1	0	0	0	0	1	0	1	0
1	1	0	0	1	0	1	1	0	0	0	0	1	1	1	0	0	1	0	1	0
0	0	0	0	1	0	0	1	1	1	0	0	1	0	0	0	1	0	0	0	0
0	0	1	1	0	1	0	1	1	1	1	0	1	0	0	0	1	1	1	0	0
1	1	0	0	1	0	0	1	0	1	0	0	1	0	0	0	0	1	0	0	0
1	1	1	0	0	0	0	0	0	0	1	0	0	0	0	0	0	0	0	0	0
0	0	1	1	1	1	0	0	1	0	0	0	1	0	0	0	1	1	0	1	0
0	1	0	1	1	0	0	1	0	0	1	1	1	0	0	0	1	1	0	1	0
0	1	0	1	1	1	0	0	0	0	0	0	0	0	0	1	0	0	0	0	0
1	0	0	0	1	0	1	0	1	0	0	0	0	0	0	0	0	0	0	0	0
1	0	0	0	0	0	0	0	1	0	0	0	0	0	0	0	0	1	0	0	0
0	1	1	1	1	1	0	1	1	0	0	0	0	0	0	0	1	1	0	1	0
0	0	1	0	0	0	0	0	0	0	0	0	0	0	0	0	0	0	0	0	0
0	0	1	0	0	0	0	0	0	0	0	0	0	0	0	0	1	1	0	0	0
0	0	0	0	0	0	0	0	0	1	0	0	0	0	0	0	0	1	0	1	0
1	0	0	1	1	0	0	1	1	0	0	0	1	0	1	0	1	1	0	1	0
1	1	1	0	1	1	0	1	1	0	0	1	1	0	1	1	1	0	0	1	0
0	0	0	0	1	0	0	0	0	0	0	0	0	0	0	0	0	0	0	1	0
0	1	1	0	0	0	0	1	1	0	0	0	1	0	0	1	1	1	1	0	1
1	0	0	0	0	0	0	0	0	0	0	0	0	0	0	0	0	0	0	1	0
DIFF_EDGE
0 0
CHROM_NUMBER
10
EOF
