TYPE : graph_{count}
DIMENSION: 21
EDGE_DATA_FORMAT: EDGE_LIST
EDGE_WEIGHT_TYPE: EXPLICIT
EDGE_WEIGHT_FORMAT: FULL_MATRIX
EDGE_DATA_SECTION
0 8
0 9
0 15
0 19
1 3
1 4
1 5
1 6
1 7
1 11
1 12
1 15
1 16
1 20
2 4
2 5
2 10
2 11
2 15
2 16
2 20
3 4
3 5
3 7
3 9
3 16
4 6
4 9
4 19
5 7
5 8
5 9
5 10
5 11
5 14
5 15
5 16
5 19
5 20
6 8
6 11
6 13
6 14
6 19
6 20
7 8
7 9
7 10
7 11
7 14
7 15
7 16
7 19
7 20
8 10
8 15
8 16
8 17
9 10
9 11
9 14
9 15
9 16
9 19
9 20
10 11
10 12
10 14
10 15
10 16
10 19
10 20
11 14
11 15
11 16
11 19
11 20
12 14
12 16
12 18
12 19
12 20
13 14
13 15
14 15
14 16
14 19
14 20
15 16
15 19
15 20
16 19
16 20
17 19
19 20
-1
EDGE_WEIGHT_SECTION
0	0	0	0	0	0	0	0	1	1	0	0	0	0	0	1	0	0	0	1	0
0	0	0	1	1	1	1	1	0	0	0	1	1	0	0	1	1	0	0	0	1
0	0	0	0	1	1	0	0	0	0	1	1	0	0	0	1	1	0	0	0	1
0	1	0	0	1	1	0	1	0	1	0	0	0	0	0	0	1	0	0	0	0
0	1	1	1	0	0	1	0	0	1	0	0	0	0	0	0	0	0	0	1	0
0	1	1	1	0	0	0	1	1	1	1	1	0	0	1	1	1	0	0	1	1
0	1	0	0	1	0	0	0	1	0	0	1	0	1	1	0	0	0	0	1	1
0	1	0	1	0	1	0	0	1	1	1	1	0	0	1	1	1	0	0	1	1
1	0	0	0	0	1	1	1	0	0	1	0	0	0	0	1	1	1	0	0	0
1	0	0	1	1	1	0	1	0	0	1	1	0	0	1	1	1	0	0	1	1
0	0	1	0	0	1	0	1	1	1	0	1	1	0	1	1	1	0	0	1	1
0	1	1	0	0	1	1	1	0	1	1	0	0	0	1	1	1	0	0	1	1
0	1	0	0	0	0	0	0	0	0	1	0	0	0	1	0	1	0	1	1	1
0	0	0	0	0	0	1	0	0	0	0	0	0	0	1	1	0	0	0	0	0
0	0	0	0	0	1	1	1	0	1	1	1	1	1	0	1	1	0	0	1	1
1	1	1	0	0	1	0	1	1	1	1	1	0	1	1	0	1	0	0	1	1
0	1	1	1	0	1	0	1	1	1	1	1	1	0	1	1	0	0	0	1	1
0	0	0	0	0	0	0	0	1	0	0	0	0	0	0	0	0	0	0	1	0
0	0	0	0	0	0	0	0	0	0	0	0	1	0	0	0	0	0	0	0	0
1	0	0	0	1	1	1	1	0	1	1	1	1	0	1	1	1	1	0	0	1
0	1	1	0	0	1	1	1	0	1	1	1	1	0	1	1	1	0	0	1	0
DIFF_EDGE
0 0
CHROM_NUMBER
12
EOF
