TYPE : graph_{count}
DIMENSION: 16
EDGE_DATA_FORMAT: EDGE_LIST
EDGE_WEIGHT_TYPE: EXPLICIT
EDGE_WEIGHT_FORMAT: FULL_MATRIX
EDGE_DATA_SECTION
0 2
0 7
0 10
0 11
0 13
1 3
1 6
1 9
2 3
2 5
2 6
2 9
2 10
2 12
2 13
3 5
3 6
3 8
3 12
4 6
4 7
5 7
5 9
5 10
5 12
5 13
6 7
6 8
6 10
7 8
7 9
7 10
7 12
7 13
8 9
8 10
8 13
9 10
9 11
9 12
9 13
10 12
10 13
11 15
12 14
13 14
-1
EDGE_WEIGHT_SECTION
0	0	1	0	0	0	0	1	0	0	1	1	0	1	0	0
0	0	0	1	0	0	1	0	0	1	0	0	0	0	0	0
1	0	0	1	0	1	1	0	0	1	1	0	1	1	0	0
0	1	1	0	0	1	1	0	1	0	0	0	1	0	0	0
0	0	0	0	0	0	1	1	0	0	0	0	0	0	0	0
0	0	1	1	0	0	0	1	0	1	1	0	1	1	0	0
0	1	1	1	1	0	0	1	1	0	1	0	0	0	0	0
1	0	0	0	1	1	1	0	1	1	1	0	1	1	0	0
0	0	0	1	0	0	1	1	0	1	1	0	0	1	0	0
0	1	1	0	0	1	0	1	1	0	1	1	1	1	0	0
1	0	1	0	0	1	1	1	1	1	0	0	1	1	0	0
1	0	0	0	0	0	0	0	0	1	0	0	0	0	0	1
0	0	1	1	0	1	0	1	0	1	1	0	0	0	1	0
1	0	1	0	0	1	0	1	1	1	1	0	0	0	1	0
0	0	0	0	0	0	0	0	0	0	0	0	1	1	0	0
0	0	0	0	0	0	0	0	0	0	0	1	0	0	0	0
DIFF_EDGE
0 0
CHROM_NUMBER
8
EOF
