TYPE : graph_{count}
DIMENSION: 21
EDGE_DATA_FORMAT: EDGE_LIST
EDGE_WEIGHT_TYPE: EXPLICIT
EDGE_WEIGHT_FORMAT: FULL_MATRIX
EDGE_DATA_SECTION
0 1
0 2
0 3
0 4
0 5
0 9
0 10
0 11
0 12
0 13
0 14
0 17
1 2
1 3
1 4
1 6
1 8
1 10
1 12
1 13
1 14
1 18
2 3
2 6
2 9
2 12
2 13
2 14
2 15
2 18
3 4
3 5
3 9
3 10
3 12
3 13
3 14
3 18
4 6
4 7
4 8
4 9
4 14
5 6
5 9
5 12
5 14
5 18
6 7
6 8
6 9
6 10
6 12
6 13
7 10
7 12
8 9
9 12
9 13
9 14
9 18
11 16
11 18
12 14
12 18
12 20
13 14
13 19
13 20
14 18
15 18
18 19
-1
EDGE_WEIGHT_SECTION
0	1	1	1	1	1	0	0	0	1	1	1	1	1	1	0	0	1	0	0	0
1	0	1	1	1	0	1	0	1	0	1	0	1	1	1	0	0	0	1	0	0
1	1	0	1	0	0	1	0	0	1	0	0	1	1	1	1	0	0	1	0	0
1	1	1	0	1	1	0	0	0	1	1	0	1	1	1	0	0	0	1	0	0
1	1	0	1	0	0	1	1	1	1	0	0	0	0	1	0	0	0	0	0	0
1	0	0	1	0	0	1	0	0	1	0	0	1	0	1	0	0	0	1	0	0
0	1	1	0	1	1	0	1	1	1	1	0	1	1	0	0	0	0	0	0	0
0	0	0	0	1	0	1	0	0	0	1	0	1	0	0	0	0	0	0	0	0
0	1	0	0	1	0	1	0	0	1	0	0	0	0	0	0	0	0	0	0	0
1	0	1	1	1	1	1	0	1	0	0	0	1	1	1	0	0	0	1	0	0
1	1	0	1	0	0	1	1	0	0	0	0	0	0	0	0	0	0	0	0	0
1	0	0	0	0	0	0	0	0	0	0	0	0	0	0	0	1	0	1	0	0
1	1	1	1	0	1	1	1	0	1	0	0	0	0	1	0	0	0	1	0	1
1	1	1	1	0	0	1	0	0	1	0	0	0	0	1	0	0	0	0	1	1
1	1	1	1	1	1	0	0	0	1	0	0	1	1	0	0	0	0	1	0	0
0	0	1	0	0	0	0	0	0	0	0	0	0	0	0	0	0	0	1	0	0
0	0	0	0	0	0	0	0	0	0	0	1	0	0	0	0	0	0	0	0	0
1	0	0	0	0	0	0	0	0	0	0	0	0	0	0	0	0	0	0	0	0
0	1	1	1	0	1	0	0	0	1	0	1	1	0	1	1	0	0	0	1	0
0	0	0	0	0	0	0	0	0	0	0	0	0	1	0	0	0	0	1	0	0
0	0	0	0	0	0	0	0	0	0	0	0	1	1	0	0	0	0	0	0	0
DIFF_EDGE
0 0
CHROM_NUMBER
10
EOF
