TYPE : graph_{count}
DIMENSION: 16
EDGE_DATA_FORMAT: EDGE_LIST
EDGE_WEIGHT_TYPE: EXPLICIT
EDGE_WEIGHT_FORMAT: FULL_MATRIX
EDGE_DATA_SECTION
0 1
0 3
0 4
0 5
0 8
0 9
0 10
1 7
1 8
1 10
1 15
2 5
2 8
2 12
3 4
3 5
3 6
3 7
3 8
4 7
4 8
4 13
4 14
5 6
5 7
5 9
5 10
5 13
5 15
6 9
7 8
7 10
7 12
8 10
8 11
-1
EDGE_WEIGHT_SECTION
0	1	0	1	1	1	0	0	1	1	1	0	0	0	0	0
1	0	0	0	0	0	0	1	1	0	1	0	0	0	0	1
0	0	0	0	0	1	0	0	1	0	0	0	1	0	0	0
1	0	0	0	1	1	1	1	1	0	0	0	0	0	0	0
1	0	0	1	0	0	0	1	1	0	0	0	0	1	1	0
1	0	1	1	0	0	1	1	0	1	1	0	0	1	0	1
0	0	0	1	0	1	0	0	0	1	0	0	0	0	0	0
0	1	0	1	1	1	0	0	1	0	1	0	1	0	0	0
1	1	1	1	1	0	0	1	0	0	1	1	0	0	0	0
1	0	0	0	0	1	1	0	0	0	0	0	0	0	0	0
1	1	0	0	0	1	0	1	1	0	0	0	0	0	0	0
0	0	0	0	0	0	0	0	1	0	0	0	0	0	0	0
0	0	1	0	0	0	0	1	0	0	0	0	0	0	0	0
0	0	0	0	1	1	0	0	0	0	0	0	0	0	0	0
0	0	0	0	1	0	0	0	0	0	0	0	0	0	0	0
0	1	0	0	0	1	0	0	0	0	0	0	0	0	0	0
DIFF_EDGE
0 0
CHROM_NUMBER
6
EOF
