TYPE : graph_{count}
DIMENSION: 18
EDGE_DATA_FORMAT: EDGE_LIST
EDGE_WEIGHT_TYPE: EXPLICIT
EDGE_WEIGHT_FORMAT: FULL_MATRIX
EDGE_DATA_SECTION
0 2
0 4
0 6
0 7
0 11
0 12
0 17
1 2
1 3
1 4
1 8
1 11
1 12
2 11
2 15
3 5
4 5
4 7
4 10
4 11
4 12
4 13
4 15
5 6
5 8
5 11
5 15
6 7
6 9
6 10
6 12
7 11
7 12
7 15
7 16
8 12
8 16
9 10
9 11
9 12
11 12
11 15
12 14
14 15
15 17
-1
EDGE_WEIGHT_SECTION
0	0	1	0	1	0	1	1	0	0	0	1	1	0	0	0	0	1
0	0	1	1	1	0	0	0	1	0	0	1	1	0	0	0	0	0
1	1	0	0	0	0	0	0	0	0	0	1	0	0	0	1	0	0
0	1	0	0	0	1	0	0	0	0	0	0	0	0	0	0	0	0
1	1	0	0	0	1	0	1	0	0	1	1	1	1	0	1	0	0
0	0	0	1	1	0	1	0	1	0	0	1	0	0	0	1	0	0
1	0	0	0	0	1	0	1	0	1	1	0	1	0	0	0	0	0
1	0	0	0	1	0	1	0	0	0	0	1	1	0	0	1	1	0
0	1	0	0	0	1	0	0	0	0	0	0	1	0	0	0	1	0
0	0	0	0	0	0	1	0	0	0	1	1	1	0	0	0	0	0
0	0	0	0	1	0	1	0	0	1	0	0	0	0	0	0	0	0
1	1	1	0	1	1	0	1	0	1	0	0	1	0	0	1	0	0
1	1	0	0	1	0	1	1	1	1	0	1	1	0	1	0	0	0
0	0	0	0	1	0	0	0	0	0	0	0	0	0	0	0	0	0
0	0	0	0	0	0	0	0	0	0	0	0	1	0	0	1	0	0
0	0	1	0	1	1	0	1	0	0	0	1	0	0	1	0	0	1
0	0	0	0	0	0	0	1	1	0	0	0	0	0	0	0	0	0
1	0	0	0	0	0	0	0	0	0	0	0	0	0	0	1	0	0
DIFF_EDGE
0 0
CHROM_NUMBER
8
EOF
