TYPE : graph_{count}
DIMENSION: 19
EDGE_DATA_FORMAT: EDGE_LIST
EDGE_WEIGHT_TYPE: EXPLICIT
EDGE_WEIGHT_FORMAT: FULL_MATRIX
EDGE_DATA_SECTION
0 1
0 2
0 5
0 7
0 8
0 10
0 11
0 13
0 15
1 2
1 3
1 6
1 7
1 9
1 10
2 3
2 4
2 6
2 7
2 11
2 13
2 15
2 18
3 4
3 7
3 10
3 13
3 15
4 5
4 8
4 10
4 11
4 13
4 16
5 6
5 7
5 8
5 10
5 11
5 13
5 15
5 18
6 7
6 9
6 10
6 12
6 15
7 8
7 9
7 10
7 11
7 13
7 15
8 11
8 15
9 11
9 15
9 16
10 11
10 13
11 12
11 13
11 15
12 14
12 17
13 15
13 17
14 15
-1
EDGE_WEIGHT_SECTION
0	1	1	0	0	1	0	1	1	0	1	1	0	1	0	1	0	0	0
1	0	1	1	0	0	1	1	0	1	1	0	0	0	0	0	0	0	0
1	1	0	1	1	0	1	1	0	0	0	1	0	1	0	1	0	0	1
0	1	1	0	1	0	0	1	0	0	1	0	0	1	0	1	0	0	0
0	0	1	1	0	1	0	0	1	0	1	1	0	1	0	0	1	0	0
1	0	0	0	1	0	1	1	1	0	1	1	0	1	0	1	0	0	1
0	1	1	0	0	1	0	1	0	1	1	0	1	0	0	1	0	0	0
1	1	1	1	0	1	1	0	1	1	1	1	0	1	0	1	0	0	0
1	0	0	0	1	1	0	1	0	0	0	1	0	0	0	1	0	0	0
0	1	0	0	0	0	1	1	0	0	0	1	0	0	0	1	1	0	0
1	1	0	1	1	1	1	1	0	0	0	1	0	1	0	0	0	0	0
1	0	1	0	1	1	0	1	1	1	1	0	1	1	0	1	0	0	0
0	0	0	0	0	0	1	0	0	0	0	1	0	0	1	0	0	1	0
1	0	1	1	1	1	0	1	0	0	1	1	0	0	0	1	0	1	0
0	0	0	0	0	0	0	0	0	0	0	0	1	0	0	1	0	0	0
1	0	1	1	0	1	1	1	1	1	0	1	0	1	1	0	0	0	0
0	0	0	0	1	0	0	0	0	1	0	0	0	0	0	0	0	0	0
0	0	0	0	0	0	0	0	0	0	0	0	1	1	0	0	0	0	0
0	0	1	0	0	1	0	0	0	0	0	0	0	0	0	0	0	0	0
DIFF_EDGE
0 0
CHROM_NUMBER
10
EOF
