TYPE : graph_{count}
DIMENSION: 21
EDGE_DATA_FORMAT: EDGE_LIST
EDGE_WEIGHT_TYPE: EXPLICIT
EDGE_WEIGHT_FORMAT: FULL_MATRIX
EDGE_DATA_SECTION
0 7
0 8
0 9
0 18
1 3
1 5
1 9
1 16
1 17
1 18
2 4
2 5
2 8
2 13
3 6
3 7
3 8
3 9
3 10
3 11
3 13
3 17
3 18
4 5
4 6
4 7
4 9
4 11
4 13
4 14
4 16
4 17
4 18
5 6
5 7
5 11
5 13
5 17
5 18
6 9
6 13
6 15
6 18
7 8
7 9
7 10
7 12
7 13
7 19
8 11
8 17
8 18
9 11
9 17
10 14
11 12
11 13
11 17
11 18
12 13
12 17
12 18
13 17
13 18
13 20
15 17
17 18
17 19
-1
EDGE_WEIGHT_SECTION
0	0	0	0	0	0	0	1	1	1	0	0	0	0	0	0	0	0	1	0	0
0	0	0	1	0	1	0	0	0	1	0	0	0	0	0	0	1	1	1	0	0
0	0	0	0	1	1	0	0	1	0	0	0	0	1	0	0	0	0	0	0	0
0	1	0	0	0	0	1	1	1	1	1	1	0	1	0	0	0	1	1	0	0
0	0	1	0	0	1	1	1	0	1	0	1	0	1	1	0	1	1	1	0	0
0	1	1	0	1	0	1	1	0	0	0	1	0	1	0	0	0	1	1	0	0
0	0	0	1	1	1	0	0	0	1	0	0	0	1	0	1	0	0	1	0	0
1	0	0	1	1	1	0	0	1	1	1	0	1	1	0	0	0	0	0	1	0
1	0	1	1	0	0	0	1	0	0	0	1	0	0	0	0	0	1	1	0	0
1	1	0	1	1	0	1	1	0	0	0	1	0	0	0	0	0	1	0	0	0
0	0	0	1	0	0	0	1	0	0	0	0	0	0	1	0	0	0	0	0	0
0	0	0	1	1	1	0	0	1	1	0	1	1	1	0	0	0	1	1	0	0
0	0	0	0	0	0	0	1	0	0	0	1	0	1	0	0	0	1	1	0	0
0	0	1	1	1	1	1	1	0	0	0	1	1	0	0	0	0	1	1	0	1
0	0	0	0	1	0	0	0	0	0	1	0	0	0	0	0	0	0	0	0	0
0	0	0	0	0	0	1	0	0	0	0	0	0	0	0	0	0	1	0	0	0
0	1	0	0	1	0	0	0	0	0	0	0	0	0	0	0	0	0	0	0	0
0	1	0	1	1	1	0	0	1	1	0	1	1	1	0	1	0	0	1	1	0
1	1	0	1	1	1	1	0	1	0	0	1	1	1	0	0	0	1	1	0	0
0	0	0	0	0	0	0	1	0	0	0	0	0	0	0	0	0	1	0	0	0
0	0	0	0	0	0	0	0	0	0	0	0	0	1	0	0	0	0	0	0	0
DIFF_EDGE
0 0
CHROM_NUMBER
10
EOF
