TYPE : graph_{count}
DIMENSION: 17
EDGE_DATA_FORMAT: EDGE_LIST
EDGE_WEIGHT_TYPE: EXPLICIT
EDGE_WEIGHT_FORMAT: FULL_MATRIX
EDGE_DATA_SECTION
0 1
0 2
0 7
1 2
1 6
1 7
1 13
2 4
2 6
2 8
2 9
2 10
2 12
3 6
3 8
3 9
4 5
4 10
5 6
5 7
5 10
6 8
6 9
7 10
8 9
9 10
9 11
9 15
14 15
15 16
-1
EDGE_WEIGHT_SECTION
0	1	1	0	0	0	0	1	0	0	0	0	0	0	0	0	0
1	0	1	0	0	0	1	1	0	0	0	0	0	1	0	0	0
1	1	0	0	1	0	1	0	1	1	1	0	1	0	0	0	0
0	0	0	0	0	0	1	0	1	1	0	0	0	0	0	0	0
0	0	1	0	0	1	0	0	0	0	1	0	0	0	0	0	0
0	0	0	0	1	0	1	1	0	0	1	0	0	0	0	0	0
0	1	1	1	0	1	0	0	1	1	0	0	0	0	0	0	0
1	1	0	0	0	1	0	0	0	0	1	0	0	0	0	0	0
0	0	1	1	0	0	1	0	0	1	0	0	0	0	0	0	0
0	0	1	1	0	0	1	0	1	0	1	1	0	0	0	1	0
0	0	1	0	1	1	0	1	0	1	0	0	0	0	0	0	0
0	0	0	0	0	0	0	0	0	1	0	0	0	0	0	0	0
0	0	1	0	0	0	0	0	0	0	0	0	0	0	0	0	0
0	1	0	0	0	0	0	0	0	0	0	0	0	0	0	0	0
0	0	0	0	0	0	0	0	0	0	0	0	0	0	0	1	0
0	0	0	0	0	0	0	0	0	1	0	0	0	0	1	0	1
0	0	0	0	0	0	0	0	0	0	0	0	0	0	0	1	0
DIFF_EDGE
0 0
CHROM_NUMBER
5
EOF
