TYPE : graph_{count}
DIMENSION: 17
EDGE_DATA_FORMAT: EDGE_LIST
EDGE_WEIGHT_TYPE: EXPLICIT
EDGE_WEIGHT_FORMAT: FULL_MATRIX
EDGE_DATA_SECTION
0 3
0 4
0 9
0 11
0 12
0 14
0 16
1 2
1 3
1 4
1 5
1 6
1 8
1 9
1 12
1 14
1 16
2 3
2 11
3 4
3 9
3 10
3 12
3 16
4 7
4 8
4 12
4 16
5 6
5 8
5 9
5 16
6 10
6 16
8 9
8 16
9 10
9 12
9 16
11 12
11 13
12 15
12 16
13 16
14 16
-1
EDGE_WEIGHT_SECTION
0	0	0	1	1	0	0	0	0	1	0	1	1	0	1	0	1
0	0	1	1	1	1	1	0	1	1	0	0	1	0	1	0	1
0	1	0	1	0	0	0	0	0	0	0	1	0	0	0	0	0
1	1	1	0	1	0	0	0	0	1	1	0	1	0	0	0	1
1	1	0	1	0	0	0	1	1	0	0	0	1	0	0	0	1
0	1	0	0	0	0	1	0	1	1	0	0	0	0	0	0	1
0	1	0	0	0	1	0	0	0	0	1	0	0	0	0	0	1
0	0	0	0	1	0	0	0	0	0	0	0	0	0	0	0	0
0	1	0	0	1	1	0	0	0	1	0	0	0	0	0	0	1
1	1	0	1	0	1	0	0	1	0	1	0	1	0	0	0	1
0	0	0	1	0	0	1	0	0	1	0	0	0	0	0	0	0
1	0	1	0	0	0	0	0	0	0	0	0	1	1	0	0	0
1	1	0	1	1	0	0	0	0	1	0	1	0	0	0	1	1
0	0	0	0	0	0	0	0	0	0	0	1	0	0	0	0	1
1	1	0	0	0	0	0	0	0	0	0	0	0	0	0	0	1
0	0	0	0	0	0	0	0	0	0	0	0	1	0	0	0	0
1	1	0	1	1	1	1	0	1	1	0	0	1	1	1	0	1
DIFF_EDGE
0 0
CHROM_NUMBER
7
EOF
