TYPE : graph_{count}
DIMENSION: 20
EDGE_DATA_FORMAT: EDGE_LIST
EDGE_WEIGHT_TYPE: EXPLICIT
EDGE_WEIGHT_FORMAT: FULL_MATRIX
EDGE_DATA_SECTION
0 1
0 2
0 4
0 6
0 7
0 10
0 11
0 17
0 19
1 2
1 5
1 9
1 11
2 3
2 15
2 17
3 4
3 6
3 8
3 9
3 10
3 11
3 19
4 5
4 6
4 10
4 11
4 14
4 17
4 19
5 8
5 16
5 17
6 9
6 10
6 11
6 13
6 17
6 19
7 9
7 16
8 9
8 10
8 14
8 17
8 19
9 10
9 12
9 19
10 11
10 17
10 19
11 12
11 17
11 19
13 17
13 19
14 17
14 19
15 17
15 19
16 17
16 19
17 18
18 19
-1
EDGE_WEIGHT_SECTION
0	1	1	0	1	0	1	1	0	0	1	1	0	0	0	0	0	1	0	1
1	0	1	0	0	1	0	0	0	1	0	1	0	0	0	0	0	0	0	0
1	1	0	1	0	0	0	0	0	0	0	0	0	0	0	1	0	1	0	0
0	0	1	0	1	0	1	0	1	1	1	1	0	0	0	0	0	0	0	1
1	0	0	1	0	1	1	0	0	0	1	1	0	0	1	0	0	1	0	1
0	1	0	0	1	0	0	0	1	0	0	0	0	0	0	0	1	1	0	0
1	0	0	1	1	0	0	0	0	1	1	1	0	1	0	0	0	1	0	1
1	0	0	0	0	0	0	0	0	1	0	0	0	0	0	0	1	0	0	0
0	0	0	1	0	1	0	0	0	1	1	0	0	0	1	0	0	1	0	1
0	1	0	1	0	0	1	1	1	0	1	0	1	0	0	0	0	0	0	1
1	0	0	1	1	0	1	0	1	1	0	1	0	0	0	0	0	1	0	1
1	1	0	1	1	0	1	0	0	0	1	1	1	0	0	0	0	1	0	1
0	0	0	0	0	0	0	0	0	1	0	1	0	0	0	0	0	0	0	0
0	0	0	0	0	0	1	0	0	0	0	0	0	0	0	0	0	1	0	1
0	0	0	0	1	0	0	0	1	0	0	0	0	0	0	0	0	1	0	1
0	0	1	0	0	0	0	0	0	0	0	0	0	0	0	0	0	1	0	1
0	0	0	0	0	1	0	1	0	0	0	0	0	0	0	0	0	1	0	1
1	0	1	0	1	1	1	0	1	0	1	1	0	1	1	1	1	0	1	0
0	0	0	0	0	0	0	0	0	0	0	0	0	0	0	0	0	1	0	1
1	0	0	1	1	0	1	0	1	1	1	1	0	1	1	1	1	0	1	0
DIFF_EDGE
0 0
CHROM_NUMBER
9
EOF
