TYPE : graph_{count}
DIMENSION: 20
EDGE_DATA_FORMAT: EDGE_LIST
EDGE_WEIGHT_TYPE: EXPLICIT
EDGE_WEIGHT_FORMAT: FULL_MATRIX
EDGE_DATA_SECTION
0 2
0 7
0 9
0 12
1 2
1 3
1 9
1 12
1 17
1 19
2 5
2 7
2 9
2 12
2 13
2 18
3 4
3 6
3 7
3 19
4 7
4 9
4 10
4 11
4 12
4 14
4 17
4 18
5 6
5 14
5 19
6 7
6 13
7 9
7 12
7 19
8 12
8 15
8 19
9 10
9 12
9 15
9 19
10 12
11 16
12 19
13 19
14 19
16 19
-1
EDGE_WEIGHT_SECTION
0	0	1	0	0	0	0	1	0	1	0	0	1	0	0	0	0	0	0	0
0	0	1	1	0	0	0	0	0	1	0	0	1	0	0	0	0	1	0	1
1	1	0	0	0	1	0	1	0	1	0	0	1	1	0	0	0	0	1	0
0	1	0	0	1	0	1	1	0	0	0	0	0	0	0	0	0	0	0	1
0	0	0	1	0	0	0	1	0	1	1	1	1	0	1	0	0	1	1	0
0	0	1	0	0	0	1	0	0	0	0	0	0	0	1	0	0	0	0	1
0	0	0	1	0	1	0	1	0	0	0	0	0	1	0	0	0	0	0	0
1	0	1	1	1	0	1	0	0	1	0	0	1	0	0	0	0	0	0	1
0	0	0	0	0	0	0	0	0	0	0	0	1	0	0	1	0	0	0	1
1	1	1	0	1	0	0	1	0	0	1	0	1	0	0	1	0	0	0	1
0	0	0	0	1	0	0	0	0	1	0	0	1	0	0	0	0	0	0	0
0	0	0	0	1	0	0	0	0	0	0	0	0	0	0	0	1	0	0	0
1	1	1	0	1	0	0	1	1	1	1	0	1	0	0	0	0	0	0	1
0	0	1	0	0	0	1	0	0	0	0	0	0	0	0	0	0	0	0	1
0	0	0	0	1	1	0	0	0	0	0	0	0	0	0	0	0	0	0	1
0	0	0	0	0	0	0	0	1	1	0	0	0	0	0	0	0	0	0	0
0	0	0	0	0	0	0	0	0	0	0	1	0	0	0	0	0	0	0	1
0	1	0	0	1	0	0	0	0	0	0	0	0	0	0	0	0	0	0	0
0	0	1	0	1	0	0	0	0	0	0	0	0	0	0	0	0	0	0	0
0	1	0	1	0	1	0	1	1	1	0	0	1	1	1	0	1	0	0	0
DIFF_EDGE
0 0
CHROM_NUMBER
7
EOF
