TYPE : graph_{count}
DIMENSION: 20
EDGE_DATA_FORMAT: EDGE_LIST
EDGE_WEIGHT_TYPE: EXPLICIT
EDGE_WEIGHT_FORMAT: FULL_MATRIX
EDGE_DATA_SECTION
0 1
0 4
0 6
0 16
1 2
1 4
1 7
1 9
1 15
1 16
2 4
2 8
2 9
2 15
2 16
3 6
3 9
3 10
4 6
4 8
4 15
4 16
5 8
5 9
6 7
6 11
6 15
7 10
7 14
7 16
8 9
8 13
8 14
9 16
10 11
10 15
10 16
12 13
13 15
14 15
14 16
14 19
15 16
16 18
17 19
-1
EDGE_WEIGHT_SECTION
0	1	0	0	1	0	1	0	0	0	0	0	0	0	0	0	1	0	0	0
1	0	1	0	1	0	0	1	0	1	0	0	0	0	0	1	1	0	0	0
0	1	0	0	1	0	0	0	1	1	0	0	0	0	0	1	1	0	0	0
0	0	0	0	0	0	1	0	0	1	1	0	0	0	0	0	0	0	0	0
1	1	1	0	0	0	1	0	1	0	0	0	0	0	0	1	1	0	0	0
0	0	0	0	0	0	0	0	1	1	0	0	0	0	0	0	0	0	0	0
1	0	0	1	1	0	0	1	0	0	0	1	0	0	0	1	0	0	0	0
0	1	0	0	0	0	1	0	0	0	1	0	0	0	1	0	1	0	0	0
0	0	1	0	1	1	0	0	0	1	0	0	0	1	1	0	0	0	0	0
0	1	1	1	0	1	0	0	1	0	0	0	0	0	0	0	1	0	0	0
0	0	0	1	0	0	0	1	0	0	0	1	0	0	0	1	1	0	0	0
0	0	0	0	0	0	1	0	0	0	1	0	0	0	0	0	0	0	0	0
0	0	0	0	0	0	0	0	0	0	0	0	0	1	0	0	0	0	0	0
0	0	0	0	0	0	0	0	1	0	0	0	1	0	0	1	0	0	0	0
0	0	0	0	0	0	0	1	1	0	0	0	0	0	0	1	1	0	0	1
0	1	1	0	1	0	1	0	0	0	1	0	0	1	1	0	1	0	0	0
1	1	1	0	1	0	0	1	0	1	1	0	0	0	1	1	0	0	1	0
0	0	0	0	0	0	0	0	0	0	0	0	0	0	0	0	0	0	0	1
0	0	0	0	0	0	0	0	0	0	0	0	0	0	0	0	1	0	0	0
0	0	0	0	0	0	0	0	0	0	0	0	0	0	1	0	0	1	0	0
DIFF_EDGE
0 0
CHROM_NUMBER
7
EOF
