TYPE : graph_{count}
DIMENSION: 19
EDGE_DATA_FORMAT: EDGE_LIST
EDGE_WEIGHT_TYPE: EXPLICIT
EDGE_WEIGHT_FORMAT: FULL_MATRIX
EDGE_DATA_SECTION
0 1
0 4
0 8
0 10
0 11
0 15
1 3
1 4
1 7
1 8
1 12
1 14
2 3
2 4
2 6
2 7
2 9
2 11
2 12
2 13
2 14
2 15
2 18
3 4
3 5
3 6
3 12
3 13
3 14
3 15
3 18
4 5
4 7
4 8
4 9
4 10
4 12
4 13
4 14
4 15
4 18
5 9
5 10
5 12
5 14
5 18
6 9
6 10
6 12
6 13
6 18
7 9
7 13
7 15
8 10
9 16
10 13
10 14
10 15
11 13
11 15
11 18
12 13
12 14
12 15
12 17
13 14
13 15
13 18
14 15
14 18
15 18
17 18
-1
EDGE_WEIGHT_SECTION
0	1	0	0	1	0	0	0	1	0	1	1	0	0	0	1	0	0	0
1	0	0	1	1	0	0	1	1	0	0	0	1	0	1	0	0	0	0
0	0	0	1	1	0	1	1	0	1	0	1	1	1	1	1	0	0	1
0	1	1	0	1	1	1	0	0	0	0	0	1	1	1	1	0	0	1
1	1	1	1	0	1	0	1	1	1	1	0	1	1	1	1	0	0	1
0	0	0	1	1	0	0	0	0	1	1	0	1	0	1	0	0	0	1
0	0	1	1	0	0	0	0	0	1	1	0	1	1	0	0	0	0	1
0	1	1	0	1	0	0	0	0	1	0	0	0	1	0	1	0	0	0
1	1	0	0	1	0	0	0	0	0	1	0	0	0	0	0	0	0	0
0	0	1	0	1	1	1	1	0	0	0	0	0	0	0	0	1	0	0
1	0	0	0	1	1	1	0	1	0	0	0	0	1	1	1	0	0	0
1	0	1	0	0	0	0	0	0	0	0	0	0	1	0	1	0	0	1
0	1	1	1	1	1	1	0	0	0	0	0	0	1	1	1	0	1	0
0	0	1	1	1	0	1	1	0	0	1	1	1	0	1	1	0	0	1
0	1	1	1	1	1	0	0	0	0	1	0	1	1	0	1	0	0	1
1	0	1	1	1	0	0	1	0	0	1	1	1	1	1	0	0	0	1
0	0	0	0	0	0	0	0	0	1	0	0	0	0	0	0	0	0	0
0	0	0	0	0	0	0	0	0	0	0	0	1	0	0	0	0	0	1
0	0	1	1	1	1	1	0	0	0	0	1	0	1	1	1	0	1	1
DIFF_EDGE
0 0
CHROM_NUMBER
11
EOF
