TYPE : graph_{count}
DIMENSION: 20
EDGE_DATA_FORMAT: EDGE_LIST
EDGE_WEIGHT_TYPE: EXPLICIT
EDGE_WEIGHT_FORMAT: FULL_MATRIX
EDGE_DATA_SECTION
0 1
0 3
0 4
0 5
0 7
0 8
0 10
0 12
0 17
0 18
0 19
1 2
1 3
1 4
1 5
1 7
1 8
1 9
1 10
1 12
1 13
2 3
2 6
2 7
2 9
2 10
2 15
3 4
3 6
3 9
3 17
3 18
4 5
4 11
4 17
5 8
5 10
5 12
5 18
6 9
6 13
6 17
7 16
7 17
7 18
8 9
8 10
8 12
8 16
8 17
8 18
9 10
9 12
10 11
10 12
10 17
11 18
12 14
12 17
12 18
13 17
13 18
14 15
14 17
15 17
15 18
17 18
-1
EDGE_WEIGHT_SECTION
0	1	0	1	1	1	0	1	1	0	1	0	1	0	0	0	0	1	1	1
1	0	1	1	1	1	0	1	1	1	1	0	1	1	0	0	0	0	0	0
0	1	0	1	0	0	1	1	0	1	1	0	0	0	0	1	0	0	0	0
1	1	1	0	1	0	1	0	0	1	0	0	0	0	0	0	0	1	1	0
1	1	0	1	0	1	0	0	0	0	0	1	0	0	0	0	0	1	0	0
1	1	0	0	1	0	0	0	1	0	1	0	1	0	0	0	0	0	1	0
0	0	1	1	0	0	0	0	0	1	0	0	0	1	0	0	0	1	0	0
1	1	1	0	0	0	0	0	0	0	0	0	0	0	0	0	1	1	1	0
1	1	0	0	0	1	0	0	0	1	1	0	1	0	0	0	1	1	1	0
0	1	1	1	0	0	1	0	1	0	1	0	1	0	0	0	0	0	0	0
1	1	1	0	0	1	0	0	1	1	0	1	1	0	0	0	0	1	0	0
0	0	0	0	1	0	0	0	0	0	1	0	0	0	0	0	0	0	1	0
1	1	0	0	0	1	0	0	1	1	1	0	1	0	1	0	0	1	1	0
0	1	0	0	0	0	1	0	0	0	0	0	0	0	0	0	0	1	1	0
0	0	0	0	0	0	0	0	0	0	0	0	1	0	0	1	0	1	0	0
0	0	1	0	0	0	0	0	0	0	0	0	0	0	1	0	0	1	1	0
0	0	0	0	0	0	0	1	1	0	0	0	0	0	0	0	0	0	0	0
1	0	0	1	1	0	1	1	1	0	1	0	1	1	1	1	0	0	1	0
1	0	0	1	0	1	0	1	1	0	0	1	1	1	0	1	0	1	0	0
1	0	0	0	0	0	0	0	0	0	0	0	0	0	0	0	0	0	0	0
DIFF_EDGE
0 0
CHROM_NUMBER
9
EOF
