TYPE : graph_{count}
DIMENSION: 21
EDGE_DATA_FORMAT: EDGE_LIST
EDGE_WEIGHT_TYPE: EXPLICIT
EDGE_WEIGHT_FORMAT: FULL_MATRIX
EDGE_DATA_SECTION
0 1
0 5
0 7
0 9
0 11
0 13
0 15
0 16
0 20
1 7
1 9
1 10
1 12
1 13
1 15
2 7
2 12
2 14
2 16
3 9
4 5
4 9
4 10
4 11
4 16
4 17
4 20
6 7
6 14
6 15
7 8
7 9
7 10
7 13
7 15
7 16
7 20
8 9
8 13
8 15
8 18
9 13
9 15
9 16
9 20
10 13
10 16
11 19
12 16
12 20
13 15
13 16
13 20
15 16
15 17
15 20
16 18
16 19
18 20
19 20
-1
EDGE_WEIGHT_SECTION
0	1	0	0	0	1	0	1	0	1	0	1	0	1	0	1	1	0	0	0	1
1	0	0	0	0	0	0	1	0	1	1	0	1	1	0	1	0	0	0	0	0
0	0	0	0	0	0	0	1	0	0	0	0	1	0	1	0	1	0	0	0	0
0	0	0	0	0	0	0	0	0	1	0	0	0	0	0	0	0	0	0	0	0
0	0	0	0	0	1	0	0	0	1	1	1	0	0	0	0	1	1	0	0	1
1	0	0	0	1	0	0	0	0	0	0	0	0	0	0	0	0	0	0	0	0
0	0	0	0	0	0	0	1	0	0	0	0	0	0	1	1	0	0	0	0	0
1	1	1	0	0	0	1	0	1	1	1	0	0	1	0	1	1	0	0	0	1
0	0	0	0	0	0	0	1	0	1	0	0	0	1	0	1	0	0	1	0	0
1	1	0	1	1	0	0	1	1	0	0	0	0	1	0	1	1	0	0	0	1
0	1	0	0	1	0	0	1	0	0	0	0	0	1	0	0	1	0	0	0	0
1	0	0	0	1	0	0	0	0	0	0	0	0	0	0	0	0	0	0	1	0
0	1	1	0	0	0	0	0	0	0	0	0	0	0	0	0	1	0	0	0	1
1	1	0	0	0	0	0	1	1	1	1	0	0	0	0	1	1	0	0	0	1
0	0	1	0	0	0	1	0	0	0	0	0	0	0	0	0	0	0	0	0	0
1	1	0	0	0	0	1	1	1	1	0	0	0	1	0	1	1	1	0	0	1
1	0	1	0	1	0	0	1	0	1	1	0	1	1	0	1	0	0	1	1	0
0	0	0	0	1	0	0	0	0	0	0	0	0	0	0	1	0	0	0	0	0
0	0	0	0	0	0	0	0	1	0	0	0	0	0	0	0	1	0	0	0	1
0	0	0	0	0	0	0	0	0	0	0	1	0	0	0	0	1	0	0	0	1
1	0	0	0	1	0	0	1	0	1	0	0	1	1	0	1	0	0	1	1	0
DIFF_EDGE
0 0
CHROM_NUMBER
9
EOF
