TYPE : graph_{count}
DIMENSION: 17
EDGE_DATA_FORMAT: EDGE_LIST
EDGE_WEIGHT_TYPE: EXPLICIT
EDGE_WEIGHT_FORMAT: FULL_MATRIX
EDGE_DATA_SECTION
0 2
0 3
0 5
0 7
0 8
0 10
0 12
0 16
1 2
1 4
1 9
2 3
2 4
2 5
2 13
2 16
3 6
3 7
3 8
3 9
3 15
3 16
4 5
4 9
4 11
5 6
5 7
5 8
5 9
5 16
7 10
7 11
7 13
8 9
8 14
8 16
9 12
9 16
10 14
11 16
13 16
-1
EDGE_WEIGHT_SECTION
0	0	1	1	0	1	0	1	1	0	1	0	1	0	0	0	1
0	0	1	0	1	0	0	0	0	1	0	0	0	0	0	0	0
1	1	0	1	1	1	0	0	0	0	0	0	0	1	0	0	1
1	0	1	0	0	0	1	1	1	1	0	0	0	0	0	1	1
0	1	1	0	0	1	0	0	0	1	0	1	0	0	0	0	0
1	0	1	0	1	0	1	1	1	1	0	0	0	0	0	0	1
0	0	0	1	0	1	0	0	0	0	0	0	0	0	0	0	0
1	0	0	1	0	1	0	0	0	0	1	1	0	1	0	0	0
1	0	0	1	0	1	0	0	0	1	0	0	0	0	1	0	1
0	1	0	1	1	1	0	0	1	0	0	0	1	0	0	0	1
1	0	0	0	0	0	0	1	0	0	0	0	0	0	1	0	0
0	0	0	0	1	0	0	1	0	0	0	0	0	0	0	0	1
1	0	0	0	0	0	0	0	0	1	0	0	0	0	0	0	0
0	0	1	0	0	0	0	1	0	0	0	0	0	0	0	0	1
0	0	0	0	0	0	0	0	1	0	1	0	0	0	0	0	0
0	0	0	1	0	0	0	0	0	0	0	0	0	0	0	0	0
1	0	1	1	0	1	0	0	1	1	0	1	0	1	0	0	1
DIFF_EDGE
0 0
CHROM_NUMBER
7
EOF
