TYPE : graph_{count}
DIMENSION: 21
EDGE_DATA_FORMAT: EDGE_LIST
EDGE_WEIGHT_TYPE: EXPLICIT
EDGE_WEIGHT_FORMAT: FULL_MATRIX
EDGE_DATA_SECTION
0 1
0 2
0 3
0 7
0 8
0 10
0 12
0 14
0 15
1 3
1 4
1 7
1 8
1 9
1 15
1 16
1 18
2 3
2 4
2 6
2 11
2 15
2 17
2 18
3 5
3 6
3 12
3 17
3 20
4 5
4 8
4 9
4 12
4 14
4 15
4 17
6 7
6 8
6 9
6 12
6 15
6 17
7 9
7 13
8 9
9 10
10 12
10 13
10 17
11 12
12 15
12 16
12 17
14 17
15 17
15 20
16 17
18 19
-1
EDGE_WEIGHT_SECTION
0	1	1	1	0	0	0	1	1	0	1	0	1	0	1	1	0	0	0	0	0
1	0	0	1	1	0	0	1	1	1	0	0	0	0	0	1	1	0	1	0	0
1	0	0	1	1	0	1	0	0	0	0	1	0	0	0	1	0	1	1	0	0
1	1	1	0	0	1	1	0	0	0	0	0	1	0	0	0	0	1	0	0	1
0	1	1	0	0	1	0	0	1	1	0	0	1	0	1	1	0	1	0	0	0
0	0	0	1	1	0	0	0	0	0	0	0	0	0	0	0	0	0	0	0	0
0	0	1	1	0	0	0	1	1	1	0	0	1	0	0	1	0	1	0	0	0
1	1	0	0	0	0	1	0	0	1	0	0	0	1	0	0	0	0	0	0	0
1	1	0	0	1	0	1	0	0	1	0	0	0	0	0	0	0	0	0	0	0
0	1	0	0	1	0	1	1	1	0	1	0	0	0	0	0	0	0	0	0	0
1	0	0	0	0	0	0	0	0	1	0	0	1	1	0	0	0	1	0	0	0
0	0	1	0	0	0	0	0	0	0	0	0	1	0	0	0	0	0	0	0	0
1	0	0	1	1	0	1	0	0	0	1	1	0	0	0	1	1	1	0	0	0
0	0	0	0	0	0	0	1	0	0	1	0	0	0	0	0	0	0	0	0	0
1	0	0	0	1	0	0	0	0	0	0	0	0	0	0	0	0	1	0	0	0
1	1	1	0	1	0	1	0	0	0	0	0	1	0	0	0	0	1	0	0	1
0	1	0	0	0	0	0	0	0	0	0	0	1	0	0	0	0	1	0	0	0
0	0	1	1	1	0	1	0	0	0	1	0	1	0	1	1	1	0	0	0	0
0	1	1	0	0	0	0	0	0	0	0	0	0	0	0	0	0	0	0	1	0
0	0	0	0	0	0	0	0	0	0	0	0	0	0	0	0	0	0	1	0	0
0	0	0	1	0	0	0	0	0	0	0	0	0	0	0	1	0	0	0	0	0
DIFF_EDGE
0 0
CHROM_NUMBER
9
EOF
