TYPE : graph_{count}
DIMENSION: 14
EDGE_DATA_FORMAT: EDGE_LIST
EDGE_WEIGHT_TYPE: EXPLICIT
EDGE_WEIGHT_FORMAT: FULL_MATRIX
EDGE_DATA_SECTION
0 6
0 7
0 8
0 9
0 11
1 3
1 4
1 6
1 7
1 9
2 3
2 5
2 7
2 8
2 9
2 10
2 11
2 12
2 13
3 4
3 5
3 6
3 9
3 13
4 6
4 7
5 6
5 7
5 8
5 9
5 10
5 11
5 13
6 8
6 10
6 11
7 8
7 13
8 9
8 11
8 13
9 10
9 11
9 13
10 13
11 13
12 13
-1
EDGE_WEIGHT_SECTION
0	0	0	0	0	0	1	1	1	1	0	1	0	0
0	0	0	1	1	0	1	1	0	1	0	0	0	0
0	0	0	1	0	1	0	1	1	1	1	1	1	1
0	1	1	0	1	1	1	0	0	1	0	0	0	1
0	1	0	1	0	0	1	1	0	0	0	0	0	0
0	0	1	1	0	0	1	1	1	1	1	1	0	1
1	1	0	1	1	1	0	0	1	0	1	1	0	0
1	1	1	0	1	1	0	0	1	0	0	0	0	1
1	0	1	0	0	1	1	1	0	1	0	1	0	1
1	1	1	1	0	1	0	0	1	0	1	1	0	1
0	0	1	0	0	1	1	0	0	1	0	0	0	1
1	0	1	0	0	1	1	0	1	1	0	1	0	1
0	0	1	0	0	0	0	0	0	0	0	0	0	1
0	0	1	1	0	1	0	1	1	1	1	1	1	1
DIFF_EDGE
0 0
CHROM_NUMBER
8
EOF
