TYPE : graph_{count}
DIMENSION: 19
EDGE_DATA_FORMAT: EDGE_LIST
EDGE_WEIGHT_TYPE: EXPLICIT
EDGE_WEIGHT_FORMAT: FULL_MATRIX
EDGE_DATA_SECTION
0 5
0 7
0 8
0 9
0 13
1 2
1 4
1 6
1 7
1 8
1 9
1 12
1 13
1 18
2 5
2 6
2 7
2 9
2 18
3 6
3 8
3 9
3 10
3 12
3 13
3 17
3 18
4 13
4 15
4 18
5 6
5 7
5 13
5 15
5 16
6 8
6 9
6 10
6 13
6 14
6 18
7 8
7 9
7 10
7 11
7 18
8 9
8 13
8 16
8 18
9 10
9 13
9 18
10 13
11 13
12 18
13 18
15 18
-1
EDGE_WEIGHT_SECTION
0	0	0	0	0	1	0	1	1	1	0	0	0	1	0	0	0	0	0
0	0	1	0	1	0	1	1	1	1	0	0	1	1	0	0	0	0	1
0	1	0	0	0	1	1	1	0	1	0	0	0	0	0	0	0	0	1
0	0	0	0	0	0	1	0	1	1	1	0	1	1	0	0	0	1	1
0	1	0	0	0	0	0	0	0	0	0	0	0	1	0	1	0	0	1
1	0	1	0	0	0	1	1	0	0	0	0	0	1	0	1	1	0	0
0	1	1	1	0	1	0	0	1	1	1	0	0	1	1	0	0	0	1
1	1	1	0	0	1	0	0	1	1	1	1	0	0	0	0	0	0	1
1	1	0	1	0	0	1	1	0	1	0	0	0	1	0	0	1	0	1
1	1	1	1	0	0	1	1	1	0	1	0	0	1	0	0	0	0	1
0	0	0	1	0	0	1	1	0	1	0	0	0	1	0	0	0	0	0
0	0	0	0	0	0	0	1	0	0	0	0	0	1	0	0	0	0	0
0	1	0	1	0	0	0	0	0	0	0	0	0	0	0	0	0	0	1
1	1	0	1	1	1	1	0	1	1	1	1	0	0	0	0	0	0	1
0	0	0	0	0	0	1	0	0	0	0	0	0	0	0	0	0	0	0
0	0	0	0	1	1	0	0	0	0	0	0	0	0	0	0	0	0	1
0	0	0	0	0	1	0	0	1	0	0	0	0	0	0	0	0	0	0
0	0	0	1	0	0	0	0	0	0	0	0	0	0	0	0	0	0	0
0	1	1	1	1	0	1	1	1	1	0	0	1	1	0	1	0	0	0
DIFF_EDGE
0 0
CHROM_NUMBER
8
EOF
