TYPE : graph_{count}
DIMENSION: 18
EDGE_DATA_FORMAT: EDGE_LIST
EDGE_WEIGHT_TYPE: EXPLICIT
EDGE_WEIGHT_FORMAT: FULL_MATRIX
EDGE_DATA_SECTION
0 2
0 4
0 6
0 7
0 8
0 10
0 13
0 16
0 17
1 2
1 4
1 5
1 8
1 10
1 16
1 17
2 5
2 9
2 10
3 5
3 6
3 8
4 5
4 7
4 10
4 16
4 17
5 7
5 9
5 12
5 17
6 7
6 8
6 17
7 8
7 10
7 11
7 15
7 17
8 12
8 16
9 17
10 16
10 17
12 14
14 16
15 16
15 17
16 17
-1
EDGE_WEIGHT_SECTION
0	0	1	0	1	0	1	1	1	0	1	0	0	1	0	0	1	1
0	0	1	0	1	1	0	0	1	0	1	0	0	0	0	0	1	1
1	1	0	0	0	1	0	0	0	1	1	0	0	0	0	0	0	0
0	0	0	0	0	1	1	0	1	0	0	0	0	0	0	0	0	0
1	1	0	0	0	1	0	1	0	0	1	0	0	0	0	0	1	1
0	1	1	1	1	0	0	1	0	1	0	0	1	0	0	0	0	1
1	0	0	1	0	0	0	1	1	0	0	0	0	0	0	0	0	1
1	0	0	0	1	1	1	0	1	0	1	1	0	0	0	1	0	1
1	1	0	1	0	0	1	1	0	0	0	0	1	0	0	0	1	0
0	0	1	0	0	1	0	0	0	0	0	0	0	0	0	0	0	1
1	1	1	0	1	0	0	1	0	0	0	0	0	0	0	0	1	1
0	0	0	0	0	0	0	1	0	0	0	0	0	0	0	0	0	0
0	0	0	0	0	1	0	0	1	0	0	0	0	0	1	0	0	0
1	0	0	0	0	0	0	0	0	0	0	0	0	0	0	0	0	0
0	0	0	0	0	0	0	0	0	0	0	0	1	0	0	0	1	0
0	0	0	0	0	0	0	1	0	0	0	0	0	0	0	0	1	1
1	1	0	0	1	0	0	0	1	0	1	0	0	0	1	1	0	1
1	1	0	0	1	1	1	1	0	1	1	0	0	0	0	1	1	0
DIFF_EDGE
0 0
CHROM_NUMBER
8
EOF
