TYPE : graph_{count}
DIMENSION: 19
EDGE_DATA_FORMAT: EDGE_LIST
EDGE_WEIGHT_TYPE: EXPLICIT
EDGE_WEIGHT_FORMAT: FULL_MATRIX
EDGE_DATA_SECTION
0 3
0 4
0 5
0 6
0 7
0 9
0 10
0 12
0 14
0 16
0 17
1 2
1 4
1 5
1 6
1 7
1 8
1 9
1 16
1 17
1 18
2 5
2 8
2 10
2 13
2 15
2 16
3 7
3 9
3 10
4 5
4 8
4 10
4 16
4 17
5 6
5 8
5 9
5 10
5 16
5 17
7 8
8 9
8 16
8 17
11 15
11 16
12 13
12 16
12 17
13 16
13 17
14 16
14 17
15 16
16 17
-1
EDGE_WEIGHT_SECTION
0	0	0	1	1	1	1	1	0	1	1	0	1	0	1	0	1	1	0
0	0	1	0	1	1	1	1	1	1	0	0	0	0	0	0	1	1	1
0	1	0	0	0	1	0	0	1	0	1	0	0	1	0	1	1	0	0
1	0	0	0	0	0	0	1	0	1	1	0	0	0	0	0	0	0	0
1	1	0	0	0	1	0	0	1	0	1	0	0	0	0	0	1	1	0
1	1	1	0	1	0	1	0	1	1	1	0	0	0	0	0	1	1	0
1	1	0	0	0	1	0	0	0	0	0	0	0	0	0	0	0	0	0
1	1	0	1	0	0	0	0	1	0	0	0	0	0	0	0	0	0	0
0	1	1	0	1	1	0	1	0	1	0	0	0	0	0	0	1	1	0
1	1	0	1	0	1	0	0	1	0	0	0	0	0	0	0	0	0	0
1	0	1	1	1	1	0	0	0	0	0	0	0	0	0	0	0	0	0
0	0	0	0	0	0	0	0	0	0	0	0	0	0	0	1	1	0	0
1	0	0	0	0	0	0	0	0	0	0	0	0	1	0	0	1	1	0
0	0	1	0	0	0	0	0	0	0	0	0	1	0	0	0	1	1	0
1	0	0	0	0	0	0	0	0	0	0	0	0	0	0	0	1	1	0
0	0	1	0	0	0	0	0	0	0	0	1	0	0	0	0	1	0	0
1	1	1	0	1	1	0	0	1	0	0	1	1	1	1	1	1	1	0
1	1	0	0	1	1	0	0	1	0	0	0	1	1	1	0	1	0	0
0	1	0	0	0	0	0	0	0	0	0	0	0	0	0	0	0	0	0
DIFF_EDGE
0 0
CHROM_NUMBER
8
EOF
