TYPE : graph_{count}
DIMENSION: 20
EDGE_DATA_FORMAT: EDGE_LIST
EDGE_WEIGHT_TYPE: EXPLICIT
EDGE_WEIGHT_FORMAT: FULL_MATRIX
EDGE_DATA_SECTION
0 4
0 5
0 7
0 8
0 13
0 15
0 16
1 2
1 6
1 9
1 13
1 14
1 15
1 16
2 4
2 5
2 7
2 8
2 10
2 19
3 4
3 5
3 9
3 15
4 6
4 7
4 8
4 9
4 10
4 13
4 15
4 16
4 19
5 6
5 16
5 19
6 7
6 10
6 11
6 19
7 8
7 9
7 13
7 15
7 16
7 19
8 11
8 15
8 17
9 15
9 19
10 13
10 15
10 19
11 13
11 15
11 16
11 18
12 13
12 16
12 17
13 15
13 16
13 19
15 16
15 19
16 19
17 19
-1
EDGE_WEIGHT_SECTION
0	0	0	0	1	1	0	1	1	0	0	0	0	1	0	1	1	0	0	0
0	0	1	0	0	0	1	0	0	1	0	0	0	1	1	1	1	0	0	0
0	1	0	0	1	1	0	1	1	0	1	0	0	0	0	0	0	0	0	1
0	0	0	0	1	1	0	0	0	1	0	0	0	0	0	1	0	0	0	0
1	0	1	1	0	0	1	1	1	1	1	0	0	1	0	1	1	0	0	1
1	0	1	1	0	0	1	0	0	0	0	0	0	0	0	0	1	0	0	1
0	1	0	0	1	1	0	1	0	0	1	1	0	0	0	0	0	0	0	1
1	0	1	0	1	0	1	0	1	1	0	0	0	1	0	1	1	0	0	1
1	0	1	0	1	0	0	1	0	0	0	1	0	0	0	1	0	1	0	0
0	1	0	1	1	0	0	1	0	0	0	0	0	0	0	1	0	0	0	1
0	0	1	0	1	0	1	0	0	0	0	0	0	1	0	1	0	0	0	1
0	0	0	0	0	0	1	0	1	0	0	0	0	1	0	1	1	0	1	0
0	0	0	0	0	0	0	0	0	0	0	0	0	1	0	0	1	1	0	0
1	1	0	0	1	0	0	1	0	0	1	1	1	0	0	1	1	0	0	1
0	1	0	0	0	0	0	0	0	0	0	0	0	0	0	0	0	0	0	0
1	1	0	1	1	0	0	1	1	1	1	1	0	1	0	0	1	0	0	1
1	1	0	0	1	1	0	1	0	0	0	1	1	1	0	1	0	0	0	1
0	0	0	0	0	0	0	0	1	0	0	0	1	0	0	0	0	0	0	1
0	0	0	0	0	0	0	0	0	0	0	1	0	0	0	0	0	0	0	0
0	0	1	0	1	1	1	1	0	1	1	0	0	1	0	1	1	1	0	0
DIFF_EDGE
0 0
CHROM_NUMBER
10
EOF
