TYPE : graph_{count}
DIMENSION: 17
EDGE_DATA_FORMAT: EDGE_LIST
EDGE_WEIGHT_TYPE: EXPLICIT
EDGE_WEIGHT_FORMAT: FULL_MATRIX
EDGE_DATA_SECTION
0 1
0 2
0 3
0 4
0 7
0 9
0 10
0 15
0 16
1 4
1 9
1 10
2 3
2 6
2 9
2 10
2 11
3 6
3 10
3 13
3 14
3 15
4 6
4 9
4 12
5 6
5 9
5 11
6 10
6 15
7 14
7 15
8 9
10 15
11 15
-1
EDGE_WEIGHT_SECTION
0	1	1	1	1	0	0	1	0	1	1	0	0	0	0	1	1
1	0	0	0	1	0	0	0	0	1	1	0	0	0	0	0	0
1	0	0	1	0	0	1	0	0	1	1	1	0	0	0	0	0
1	0	1	0	0	0	1	0	0	0	1	0	0	1	1	1	0
1	1	0	0	0	0	1	0	0	1	0	0	1	0	0	0	0
0	0	0	0	0	0	1	0	0	1	0	1	0	0	0	0	0
0	0	1	1	1	1	0	0	0	0	1	0	0	0	0	1	0
1	0	0	0	0	0	0	0	0	0	0	0	0	0	1	1	0
0	0	0	0	0	0	0	0	0	1	0	0	0	0	0	0	0
1	1	1	0	1	1	0	0	1	0	0	0	0	0	0	0	0
1	1	1	1	0	0	1	0	0	0	0	0	0	0	0	1	0
0	0	1	0	0	1	0	0	0	0	0	0	0	0	0	1	0
0	0	0	0	1	0	0	0	0	0	0	0	0	0	0	0	0
0	0	0	1	0	0	0	0	0	0	0	0	0	0	0	0	0
0	0	0	1	0	0	0	1	0	0	0	0	0	0	0	0	0
1	0	0	1	0	0	1	1	0	0	1	1	0	0	0	1	0
1	0	0	0	0	0	0	0	0	0	0	0	0	0	0	0	0
DIFF_EDGE
0 0
CHROM_NUMBER
6
EOF
