TYPE : graph_{count}
DIMENSION: 21
EDGE_DATA_FORMAT: EDGE_LIST
EDGE_WEIGHT_TYPE: EXPLICIT
EDGE_WEIGHT_FORMAT: FULL_MATRIX
EDGE_DATA_SECTION
0 1
0 5
0 6
1 3
1 4
1 6
1 10
1 16
2 5
2 6
2 8
2 15
3 4
3 15
3 17
4 5
4 7
4 8
4 12
4 18
5 9
5 12
5 18
6 7
6 9
6 12
7 8
7 9
7 10
7 18
8 9
8 14
9 10
9 12
9 18
11 12
11 16
11 19
12 13
12 18
13 17
16 18
16 20
17 18
-1
EDGE_WEIGHT_SECTION
0	1	0	0	0	1	1	0	0	0	0	0	0	0	0	0	0	0	0	0	0
1	0	0	1	1	0	1	0	0	0	1	0	0	0	0	0	1	0	0	0	0
0	0	0	0	0	1	1	0	1	0	0	0	0	0	0	1	0	0	0	0	0
0	1	0	0	1	0	0	0	0	0	0	0	0	0	0	1	0	1	0	0	0
0	1	0	1	0	1	0	1	1	0	0	0	1	0	0	0	0	0	1	0	0
1	0	1	0	1	0	0	0	0	1	0	0	1	0	0	0	0	0	1	0	0
1	1	1	0	0	0	0	1	0	1	0	0	1	0	0	0	0	0	0	0	0
0	0	0	0	1	0	1	0	1	1	1	0	0	0	0	0	0	0	1	0	0
0	0	1	0	1	0	0	1	0	1	0	0	0	0	1	0	0	0	0	0	0
0	0	0	0	0	1	1	1	1	0	1	0	1	0	0	0	0	0	1	0	0
0	1	0	0	0	0	0	1	0	1	0	0	0	0	0	0	0	0	0	0	0
0	0	0	0	0	0	0	0	0	0	0	0	1	0	0	0	1	0	0	1	0
0	0	0	0	1	1	1	0	0	1	0	1	0	1	0	0	0	0	1	0	0
0	0	0	0	0	0	0	0	0	0	0	0	1	0	0	0	0	1	0	0	0
0	0	0	0	0	0	0	0	1	0	0	0	0	0	0	0	0	0	0	0	0
0	0	1	1	0	0	0	0	0	0	0	0	0	0	0	0	0	0	0	0	0
0	1	0	0	0	0	0	0	0	0	0	1	0	0	0	0	0	0	1	0	1
0	0	0	1	0	0	0	0	0	0	0	0	0	1	0	0	0	0	1	0	0
0	0	0	0	1	1	0	1	0	1	0	0	1	0	0	0	1	1	0	0	0
0	0	0	0	0	0	0	0	0	0	0	1	0	0	0	0	0	0	0	0	0
0	0	0	0	0	0	0	0	0	0	0	0	0	0	0	0	1	0	0	0	0
DIFF_EDGE
0 0
CHROM_NUMBER
8
EOF
