TYPE : graph_{count}
DIMENSION: 21
EDGE_DATA_FORMAT: EDGE_LIST
EDGE_WEIGHT_TYPE: EXPLICIT
EDGE_WEIGHT_FORMAT: FULL_MATRIX
EDGE_DATA_SECTION
0 2
0 5
0 7
0 8
0 9
0 11
0 16
0 18
0 19
1 3
1 6
1 8
1 9
1 10
1 14
1 20
2 3
2 4
2 6
2 7
2 8
2 14
3 4
3 7
3 8
3 9
3 12
3 13
3 15
3 16
3 20
4 6
5 6
5 8
5 9
5 10
6 8
6 14
6 15
6 16
6 20
7 9
7 10
7 14
7 15
8 9
8 14
8 15
8 16
8 20
9 14
9 15
9 17
9 20
10 11
10 13
10 15
10 16
10 20
11 14
11 15
11 16
12 15
13 15
14 15
14 16
14 18
14 20
15 16
15 20
16 17
16 20
18 20
-1
EDGE_WEIGHT_SECTION
0	0	1	0	0	1	0	1	1	1	0	1	0	0	0	0	1	0	1	1	0
0	0	0	1	0	0	1	0	1	1	1	0	0	0	1	0	0	0	0	0	1
1	0	0	1	1	0	1	1	1	0	0	0	0	0	1	0	0	0	0	0	0
0	1	1	0	1	0	0	1	1	1	0	0	1	1	0	1	1	0	0	0	1
0	0	1	1	0	0	1	0	0	0	0	0	0	0	0	0	0	0	0	0	0
1	0	0	0	0	0	1	0	1	1	1	0	0	0	0	0	0	0	0	0	0
0	1	1	0	1	1	0	0	1	0	0	0	0	0	1	1	1	0	0	0	1
1	0	1	1	0	0	0	0	0	1	1	0	0	0	1	1	0	0	0	0	0
1	1	1	1	0	1	1	0	0	1	0	0	0	0	1	1	1	0	0	0	1
1	1	0	1	0	1	0	1	1	0	0	0	0	0	1	1	0	1	0	0	1
0	1	0	0	0	1	0	1	0	0	0	1	0	1	0	1	1	0	0	0	1
1	0	0	0	0	0	0	0	0	0	1	0	0	0	1	1	1	0	0	0	0
0	0	0	1	0	0	0	0	0	0	0	0	0	0	0	1	0	0	0	0	0
0	0	0	1	0	0	0	0	0	0	1	0	0	0	0	1	0	0	0	0	0
0	1	1	0	0	0	1	1	1	1	0	1	0	0	0	1	1	0	1	0	1
0	0	0	1	0	0	1	1	1	1	1	1	1	1	1	0	1	0	0	0	1
1	0	0	1	0	0	1	0	1	0	1	1	0	0	1	1	1	1	0	0	1
0	0	0	0	0	0	0	0	0	1	0	0	0	0	0	0	1	0	0	0	0
1	0	0	0	0	0	0	0	0	0	0	0	0	0	1	0	0	0	0	0	1
1	0	0	0	0	0	0	0	0	0	0	0	0	0	0	0	0	0	0	0	0
0	1	0	1	0	0	1	0	1	1	1	0	0	0	1	1	1	0	1	0	0
DIFF_EDGE
0 0
CHROM_NUMBER
10
EOF
