TYPE : graph_{count}
DIMENSION: 19
EDGE_DATA_FORMAT: EDGE_LIST
EDGE_WEIGHT_TYPE: EXPLICIT
EDGE_WEIGHT_FORMAT: FULL_MATRIX
EDGE_DATA_SECTION
0 3
0 4
0 6
0 7
0 9
0 12
0 16
1 2
1 6
1 9
1 14
1 16
2 3
2 5
2 6
2 10
2 16
3 5
3 9
3 11
3 13
4 6
4 7
4 10
4 13
5 7
5 15
5 16
6 16
7 9
7 10
7 11
7 13
7 16
7 18
8 9
8 15
9 17
10 12
10 13
10 16
11 16
12 13
13 16
13 17
15 16
-1
EDGE_WEIGHT_SECTION
0	0	0	1	1	0	1	1	0	1	0	0	1	0	0	0	1	0	0
0	0	1	0	0	0	1	0	0	1	0	0	0	0	1	0	1	0	0
0	1	0	1	0	1	1	0	0	0	1	0	0	0	0	0	1	0	0
1	0	1	0	0	1	0	0	0	1	0	1	0	1	0	0	0	0	0
1	0	0	0	0	0	1	1	0	0	1	0	0	1	0	0	0	0	0
0	0	1	1	0	0	0	1	0	0	0	0	0	0	0	1	1	0	0
1	1	1	0	1	0	0	0	0	0	0	0	0	0	0	0	1	0	0
1	0	0	0	1	1	0	0	0	1	1	1	0	1	0	0	1	0	1
0	0	0	0	0	0	0	0	0	1	0	0	0	0	0	1	0	0	0
1	1	0	1	0	0	0	1	1	0	0	0	0	0	0	0	0	1	0
0	0	1	0	1	0	0	1	0	0	0	0	1	1	0	0	1	0	0
0	0	0	1	0	0	0	1	0	0	0	0	0	0	0	0	1	0	0
1	0	0	0	0	0	0	0	0	0	1	0	0	1	0	0	0	0	0
0	0	0	1	1	0	0	1	0	0	1	0	1	0	0	0	1	1	0
0	1	0	0	0	0	0	0	0	0	0	0	0	0	0	0	0	0	0
0	0	0	0	0	1	0	0	1	0	0	0	0	0	0	0	1	0	0
1	1	1	0	0	1	1	1	0	0	1	1	0	1	0	1	1	0	0
0	0	0	0	0	0	0	0	0	1	0	0	0	1	0	0	0	0	0
0	0	0	0	0	0	0	1	0	0	0	0	0	0	0	0	0	0	0
DIFF_EDGE
0 0
CHROM_NUMBER
7
EOF
