TYPE : graph_{count}
DIMENSION: 21
EDGE_DATA_FORMAT: EDGE_LIST
EDGE_WEIGHT_TYPE: EXPLICIT
EDGE_WEIGHT_FORMAT: FULL_MATRIX
EDGE_DATA_SECTION
0 1
0 2
0 3
0 4
0 5
0 9
0 12
0 13
0 14
1 2
1 5
1 8
1 10
1 12
1 14
2 3
2 4
2 5
2 8
2 9
2 11
2 12
3 5
3 7
3 8
3 10
4 5
4 6
4 7
4 9
4 10
4 12
4 14
4 16
5 6
5 7
5 9
5 12
5 14
6 8
6 10
6 11
6 12
6 13
6 14
6 18
7 8
7 10
7 14
8 9
8 10
8 12
8 14
8 16
9 10
10 14
10 17
11 14
12 14
14 19
15 18
16 20
-1
EDGE_WEIGHT_SECTION
0	1	1	1	1	1	0	0	0	1	0	0	1	1	1	0	0	0	0	0	0
1	0	1	0	0	1	0	0	1	0	1	0	1	0	1	0	0	0	0	0	0
1	1	0	1	1	1	0	0	1	1	0	1	1	0	0	0	0	0	0	0	0
1	0	1	0	0	1	0	1	1	0	1	0	0	0	0	0	0	0	0	0	0
1	0	1	0	0	1	1	1	0	1	1	0	1	0	1	0	1	0	0	0	0
1	1	1	1	1	0	1	1	0	1	0	0	1	0	1	0	0	0	0	0	0
0	0	0	0	1	1	0	0	1	0	1	1	1	1	1	0	0	0	1	0	0
0	0	0	1	1	1	0	0	1	0	1	0	0	0	1	0	0	0	0	0	0
0	1	1	1	0	0	1	1	0	1	1	0	1	0	1	0	1	0	0	0	0
1	0	1	0	1	1	0	0	1	0	1	0	0	0	0	0	0	0	0	0	0
0	1	0	1	1	0	1	1	1	1	0	0	0	0	1	0	0	1	0	0	0
0	0	1	0	0	0	1	0	0	0	0	0	0	0	1	0	0	0	0	0	0
1	1	1	0	1	1	1	0	1	0	0	0	0	0	1	0	0	0	0	0	0
1	0	0	0	0	0	1	0	0	0	0	0	0	0	0	0	0	0	0	0	0
1	1	0	0	1	1	1	1	1	0	1	1	1	0	1	0	0	0	0	1	0
0	0	0	0	0	0	0	0	0	0	0	0	0	0	0	0	0	0	1	0	0
0	0	0	0	1	0	0	0	1	0	0	0	0	0	0	0	0	0	0	0	1
0	0	0	0	0	0	0	0	0	0	1	0	0	0	0	0	0	0	0	0	0
0	0	0	0	0	0	1	0	0	0	0	0	0	0	0	1	0	0	0	0	0
0	0	0	0	0	0	0	0	0	0	0	0	0	0	1	0	0	0	0	0	0
0	0	0	0	0	0	0	0	0	0	0	0	0	0	0	0	1	0	0	0	0
DIFF_EDGE
0 0
CHROM_NUMBER
9
EOF
