TYPE : graph_{count}
DIMENSION: 15
EDGE_DATA_FORMAT: EDGE_LIST
EDGE_WEIGHT_TYPE: EXPLICIT
EDGE_WEIGHT_FORMAT: FULL_MATRIX
EDGE_DATA_SECTION
0 2
0 3
0 4
0 5
0 6
0 7
0 8
0 9
0 11
0 14
1 3
1 4
1 5
1 6
1 7
2 6
2 8
3 7
3 9
3 10
4 6
4 7
4 8
4 10
4 11
5 8
5 10
5 11
6 8
6 10
6 11
7 10
8 9
8 11
9 10
10 11
10 13
11 12
-1
EDGE_WEIGHT_SECTION
0	0	1	1	1	1	1	1	1	1	0	1	0	0	1
0	0	0	1	1	1	1	1	0	0	0	0	0	0	0
1	0	0	0	0	0	1	0	1	0	0	0	0	0	0
1	1	0	0	0	0	0	1	0	1	1	0	0	0	0
1	1	0	0	0	0	1	1	1	0	1	1	0	0	0
1	1	0	0	0	0	0	0	1	0	1	1	0	0	0
1	1	1	0	1	0	0	0	1	0	1	1	0	0	0
1	1	0	1	1	0	0	0	0	0	1	0	0	0	0
1	0	1	0	1	1	1	0	0	1	0	1	0	0	0
1	0	0	1	0	0	0	0	1	0	1	0	0	0	0
0	0	0	1	1	1	1	1	0	1	0	1	0	1	0
1	0	0	0	1	1	1	0	1	0	1	0	1	0	0
0	0	0	0	0	0	0	0	0	0	0	1	0	0	0
0	0	0	0	0	0	0	0	0	0	1	0	0	0	0
1	0	0	0	0	0	0	0	0	0	0	0	0	0	0
DIFF_EDGE
0 0
CHROM_NUMBER
7
EOF
