TYPE : graph_{count}
DIMENSION: 18
EDGE_DATA_FORMAT: EDGE_LIST
EDGE_WEIGHT_TYPE: EXPLICIT
EDGE_WEIGHT_FORMAT: FULL_MATRIX
EDGE_DATA_SECTION
0 1
0 3
0 6
0 8
0 9
0 14
0 17
1 2
1 5
1 8
1 9
1 14
1 17
2 12
2 14
2 16
2 17
3 9
3 10
3 13
3 16
4 7
4 8
4 11
4 14
5 9
5 14
5 17
6 7
6 10
6 11
7 8
7 10
8 9
8 13
8 14
8 17
9 14
9 17
10 12
12 15
13 14
13 15
14 17
-1
EDGE_WEIGHT_SECTION
0	1	0	1	0	0	1	0	1	1	0	0	0	0	1	0	0	1
1	0	1	0	0	1	0	0	1	1	0	0	0	0	1	0	0	1
0	1	0	0	0	0	0	0	0	0	0	0	1	0	1	0	1	1
1	0	0	0	0	0	0	0	0	1	1	0	0	1	0	0	1	0
0	0	0	0	0	0	0	1	1	0	0	1	0	0	1	0	0	0
0	1	0	0	0	0	0	0	0	1	0	0	0	0	1	0	0	1
1	0	0	0	0	0	0	1	0	0	1	1	0	0	0	0	0	0
0	0	0	0	1	0	1	0	1	0	1	0	0	0	0	0	0	0
1	1	0	0	1	0	0	1	0	1	0	0	0	1	1	0	0	1
1	1	0	1	0	1	0	0	1	0	0	0	0	0	1	0	0	1
0	0	0	1	0	0	1	1	0	0	0	0	1	0	0	0	0	0
0	0	0	0	1	0	1	0	0	0	0	0	0	0	0	0	0	0
0	0	1	0	0	0	0	0	0	0	1	0	0	0	0	1	0	0
0	0	0	1	0	0	0	0	1	0	0	0	0	0	1	1	0	0
1	1	1	0	1	1	0	0	1	1	0	0	0	1	0	0	0	1
0	0	0	0	0	0	0	0	0	0	0	0	1	1	0	0	0	0
0	0	1	1	0	0	0	0	0	0	0	0	0	0	0	0	0	0
1	1	1	0	0	1	0	0	1	1	0	0	0	0	1	0	0	0
DIFF_EDGE
0 0
CHROM_NUMBER
7
EOF
