TYPE : graph_{count}
DIMENSION: 16
EDGE_DATA_FORMAT: EDGE_LIST
EDGE_WEIGHT_TYPE: EXPLICIT
EDGE_WEIGHT_FORMAT: FULL_MATRIX
EDGE_DATA_SECTION
0 2
0 8
0 14
1 6
1 7
1 9
1 11
1 12
1 14
2 4
2 5
2 8
2 14
3 4
3 5
3 7
3 9
3 11
3 14
4 5
4 6
4 13
4 14
5 6
5 10
5 14
6 8
6 14
7 15
8 9
8 12
9 10
9 15
-1
EDGE_WEIGHT_SECTION
0	0	1	0	0	0	0	0	1	0	0	0	0	0	1	0
0	0	0	0	0	0	1	1	0	1	0	1	1	0	1	0
1	0	0	0	1	1	0	0	1	0	0	0	0	0	1	0
0	0	0	0	1	1	0	1	0	1	0	1	0	0	1	0
0	0	1	1	0	1	1	0	0	0	0	0	0	1	1	0
0	0	1	1	1	0	1	0	0	0	1	0	0	0	1	0
0	1	0	0	1	1	0	0	1	0	0	0	0	0	1	0
0	1	0	1	0	0	0	0	0	0	0	0	0	0	0	1
1	0	1	0	0	0	1	0	0	1	0	0	1	0	0	0
0	1	0	1	0	0	0	0	1	0	1	0	0	0	0	1
0	0	0	0	0	1	0	0	0	1	0	0	0	0	0	0
0	1	0	1	0	0	0	0	0	0	0	0	0	0	0	0
0	1	0	0	0	0	0	0	1	0	0	0	0	0	0	0
0	0	0	0	1	0	0	0	0	0	0	0	0	0	0	0
1	1	1	1	1	1	1	0	0	0	0	0	0	0	0	0
0	0	0	0	0	0	0	1	0	1	0	0	0	0	0	0
DIFF_EDGE
0 0
CHROM_NUMBER
6
EOF
