TYPE : graph_{count}
DIMENSION: 20
EDGE_DATA_FORMAT: EDGE_LIST
EDGE_WEIGHT_TYPE: EXPLICIT
EDGE_WEIGHT_FORMAT: FULL_MATRIX
EDGE_DATA_SECTION
0 2
0 3
0 5
0 6
0 8
0 9
0 16
0 17
1 5
1 8
2 3
2 10
2 12
3 4
3 5
3 7
3 12
3 13
4 7
4 8
4 9
4 10
4 12
4 18
4 19
5 8
5 9
6 7
6 8
6 10
6 18
7 11
7 14
9 11
9 12
10 13
10 17
11 12
12 16
15 19
-1
EDGE_WEIGHT_SECTION
0	0	1	1	0	1	1	0	1	1	0	0	0	0	0	0	1	1	0	0
0	0	0	0	0	1	0	0	1	0	0	0	0	0	0	0	0	0	0	0
1	0	0	1	0	0	0	0	0	0	1	0	1	0	0	0	0	0	0	0
1	0	1	0	1	1	0	1	0	0	0	0	1	1	0	0	0	0	0	0
0	0	0	1	0	0	0	1	1	1	1	0	1	0	0	0	0	0	1	1
1	1	0	1	0	0	0	0	1	1	0	0	0	0	0	0	0	0	0	0
1	0	0	0	0	0	0	1	1	0	1	0	0	0	0	0	0	0	1	0
0	0	0	1	1	0	1	0	0	0	0	1	0	0	1	0	0	0	0	0
1	1	0	0	1	1	1	0	0	0	0	0	0	0	0	0	0	0	0	0
1	0	0	0	1	1	0	0	0	0	0	1	1	0	0	0	0	0	0	0
0	0	1	0	1	0	1	0	0	0	0	0	0	1	0	0	0	1	0	0
0	0	0	0	0	0	0	1	0	1	0	0	1	0	0	0	0	0	0	0
0	0	1	1	1	0	0	0	0	1	0	1	1	0	0	0	1	0	0	0
0	0	0	1	0	0	0	0	0	0	1	0	0	0	0	0	0	0	0	0
0	0	0	0	0	0	0	1	0	0	0	0	0	0	0	0	0	0	0	0
0	0	0	0	0	0	0	0	0	0	0	0	0	0	0	0	0	0	0	1
1	0	0	0	0	0	0	0	0	0	0	0	1	0	0	0	0	0	0	0
1	0	0	0	0	0	0	0	0	0	1	0	0	0	0	0	0	0	0	0
0	0	0	0	1	0	1	0	0	0	0	0	0	0	0	0	0	0	0	0
0	0	0	0	1	0	0	0	0	0	0	0	0	0	0	1	0	0	0	0
DIFF_EDGE
0 0
CHROM_NUMBER
6
EOF
