TYPE : graph_{count}
DIMENSION: 18
EDGE_DATA_FORMAT: EDGE_LIST
EDGE_WEIGHT_TYPE: EXPLICIT
EDGE_WEIGHT_FORMAT: FULL_MATRIX
EDGE_DATA_SECTION
0 1
0 4
0 8
0 9
0 10
0 13
0 17
1 2
1 4
1 6
1 8
1 10
1 11
2 4
2 8
2 14
3 4
3 5
3 6
3 8
3 13
3 16
4 8
4 9
4 10
4 12
4 13
5 8
5 13
7 8
7 9
7 13
7 16
8 13
8 14
9 10
9 13
9 14
10 14
11 13
11 14
12 13
12 14
13 14
13 15
14 17
-1
EDGE_WEIGHT_SECTION
0	1	0	0	1	0	0	0	1	1	1	0	0	1	0	0	0	1
1	0	1	0	1	0	1	0	1	0	1	1	0	0	0	0	0	0
0	1	0	0	1	0	0	0	1	0	0	0	0	0	1	0	0	0
0	0	0	0	1	1	1	0	1	0	0	0	0	1	0	0	1	0
1	1	1	1	0	0	0	0	1	1	1	0	1	1	0	0	0	0
0	0	0	1	0	0	0	0	1	0	0	0	0	1	0	0	0	0
0	1	0	1	0	0	0	0	0	0	0	0	0	0	0	0	0	0
0	0	0	0	0	0	0	0	1	1	0	0	0	1	0	0	1	0
1	1	1	1	1	1	0	1	0	0	0	0	0	1	1	0	0	0
1	0	0	0	1	0	0	1	0	0	1	0	0	1	1	0	0	0
1	1	0	0	1	0	0	0	0	1	0	0	0	0	1	0	0	0
0	1	0	0	0	0	0	0	0	0	0	0	0	1	1	0	0	0
0	0	0	0	1	0	0	0	0	0	0	0	0	1	1	0	0	0
1	0	0	1	1	1	0	1	1	1	0	1	1	1	1	1	0	0
0	0	1	0	0	0	0	0	1	1	1	1	1	1	0	0	0	1
0	0	0	0	0	0	0	0	0	0	0	0	0	1	0	0	0	0
0	0	0	1	0	0	0	1	0	0	0	0	0	0	0	0	0	0
1	0	0	0	0	0	0	0	0	0	0	0	0	0	1	0	0	0
DIFF_EDGE
0 0
CHROM_NUMBER
7
EOF
