TYPE : graph_{count}
DIMENSION: 20
EDGE_DATA_FORMAT: EDGE_LIST
EDGE_WEIGHT_TYPE: EXPLICIT
EDGE_WEIGHT_FORMAT: FULL_MATRIX
EDGE_DATA_SECTION
0 3
0 7
0 10
0 13
0 14
0 16
1 3
1 6
1 7
1 9
1 11
1 15
2 5
2 6
2 7
2 8
2 12
2 13
3 5
3 8
3 13
3 15
3 16
3 18
3 19
4 6
4 8
4 10
5 13
5 15
5 16
6 9
6 13
6 15
6 16
6 19
8 9
8 15
8 16
9 10
9 14
9 15
9 16
10 15
11 13
11 15
11 16
13 15
13 17
14 15
15 16
16 17
-1
EDGE_WEIGHT_SECTION
0	0	0	1	0	0	0	1	0	0	1	0	0	1	1	0	1	0	0	0
0	0	0	1	0	0	1	1	0	1	0	1	0	0	0	1	0	0	0	0
0	0	0	0	0	1	1	1	1	0	0	0	1	1	0	0	0	0	0	0
1	1	0	0	0	1	0	0	1	0	0	0	0	1	0	1	1	0	1	1
0	0	0	0	0	0	1	0	1	0	1	0	0	0	0	0	0	0	0	0
0	0	1	1	0	0	0	0	0	0	0	0	0	1	0	1	1	0	0	0
0	1	1	0	1	0	0	0	0	1	0	0	0	1	0	1	1	0	0	1
1	1	1	0	0	0	0	0	0	0	0	0	0	0	0	0	0	0	0	0
0	0	1	1	1	0	0	0	0	1	0	0	0	0	0	1	1	0	0	0
0	1	0	0	0	0	1	0	1	0	1	0	0	0	1	1	1	0	0	0
1	0	0	0	1	0	0	0	0	1	0	0	0	0	0	1	0	0	0	0
0	1	0	0	0	0	0	0	0	0	0	0	0	1	0	1	1	0	0	0
0	0	1	0	0	0	0	0	0	0	0	0	0	0	0	0	0	0	0	0
1	0	1	1	0	1	1	0	0	0	0	1	0	0	0	1	0	1	0	0
1	0	0	0	0	0	0	0	0	1	0	0	0	0	0	1	0	0	0	0
0	1	0	1	0	1	1	0	1	1	1	1	0	1	1	1	1	0	0	0
1	0	0	1	0	1	1	0	1	1	0	1	0	0	0	1	1	1	0	0
0	0	0	0	0	0	0	0	0	0	0	0	0	1	0	0	1	0	0	0
0	0	0	1	0	0	0	0	0	0	0	0	0	0	0	0	0	0	0	0
0	0	0	1	0	0	1	0	0	0	0	0	0	0	0	0	0	0	0	0
DIFF_EDGE
0 0
CHROM_NUMBER
8
EOF
