TYPE : graph_{count}
DIMENSION: 16
EDGE_DATA_FORMAT: EDGE_LIST
EDGE_WEIGHT_TYPE: EXPLICIT
EDGE_WEIGHT_FORMAT: FULL_MATRIX
EDGE_DATA_SECTION
0 1
0 4
0 5
0 8
0 10
0 11
0 12
1 2
1 3
1 4
1 5
1 8
1 9
1 15
2 4
2 8
3 5
3 7
3 10
3 11
4 6
4 7
4 10
5 7
5 10
7 8
7 13
7 14
8 9
8 10
9 10
9 13
10 15
-1
EDGE_WEIGHT_SECTION
0	1	0	0	1	1	0	0	1	0	1	1	1	0	0	0
1	0	1	1	1	1	0	0	1	1	0	0	0	0	0	1
0	1	0	0	1	0	0	0	1	0	0	0	0	0	0	0
0	1	0	0	0	1	0	1	0	0	1	1	0	0	0	0
1	1	1	0	0	0	1	1	0	0	1	0	0	0	0	0
1	1	0	1	0	0	0	1	0	0	1	0	0	0	0	0
0	0	0	0	1	0	0	0	0	0	0	0	0	0	0	0
0	0	0	1	1	1	0	0	1	0	0	0	0	1	1	0
1	1	1	0	0	0	0	1	0	1	1	0	0	0	0	0
0	1	0	0	0	0	0	0	1	0	1	0	0	1	0	0
1	0	0	1	1	1	0	0	1	1	0	0	0	0	0	1
1	0	0	1	0	0	0	0	0	0	0	0	0	0	0	0
1	0	0	0	0	0	0	0	0	0	0	0	0	0	0	0
0	0	0	0	0	0	0	1	0	1	0	0	0	0	0	0
0	0	0	0	0	0	0	1	0	0	0	0	0	0	0	0
0	1	0	0	0	0	0	0	0	0	1	0	0	0	0	0
DIFF_EDGE
0 0
CHROM_NUMBER
6
EOF
