TYPE : graph_{count}
DIMENSION: 19
EDGE_DATA_FORMAT: EDGE_LIST
EDGE_WEIGHT_TYPE: EXPLICIT
EDGE_WEIGHT_FORMAT: FULL_MATRIX
EDGE_DATA_SECTION
0 1
0 3
0 7
0 15
0 17
1 6
1 10
1 11
1 13
1 14
2 5
2 7
2 9
2 14
3 4
3 5
3 6
3 8
3 16
4 8
4 10
4 11
4 14
4 15
4 16
4 17
5 6
7 8
7 10
7 11
7 14
8 10
8 11
8 14
8 15
8 16
8 17
9 11
9 16
10 11
10 14
10 15
10 17
10 18
11 12
11 14
11 15
11 16
12 14
12 17
13 15
14 15
14 16
14 17
15 16
15 17
16 17
16 18
-1
EDGE_WEIGHT_SECTION
0	1	0	1	0	0	0	1	0	0	0	0	0	0	0	1	0	1	0
1	0	0	0	0	0	1	0	0	0	1	1	0	1	1	0	0	0	0
0	0	0	0	0	1	0	1	0	1	0	0	0	0	1	0	0	0	0
1	0	0	0	1	1	1	0	1	0	0	0	0	0	0	0	1	0	0
0	0	0	1	0	0	0	0	1	0	1	1	0	0	1	1	1	1	0
0	0	1	1	0	0	1	0	0	0	0	0	0	0	0	0	0	0	0
0	1	0	1	0	1	0	0	0	0	0	0	0	0	0	0	0	0	0
1	0	1	0	0	0	0	0	1	0	1	1	0	0	1	0	0	0	0
0	0	0	1	1	0	0	1	0	0	1	1	0	0	1	1	1	1	0
0	0	1	0	0	0	0	0	0	0	0	1	0	0	0	0	1	0	0
0	1	0	0	1	0	0	1	1	0	0	1	0	0	1	1	0	1	1
0	1	0	0	1	0	0	1	1	1	1	0	1	0	1	1	1	0	0
0	0	0	0	0	0	0	0	0	0	0	1	0	0	1	0	0	1	0
0	1	0	0	0	0	0	0	0	0	0	0	0	0	0	1	0	0	0
0	1	1	0	1	0	0	1	1	0	1	1	1	0	0	1	1	1	0
1	0	0	0	1	0	0	0	1	0	1	1	0	1	1	0	1	1	0
0	0	0	1	1	0	0	0	1	1	0	1	0	0	1	1	0	1	1
1	0	0	0	1	0	0	0	1	0	1	0	1	0	1	1	1	0	0
0	0	0	0	0	0	0	0	0	0	1	0	0	0	0	0	1	0	0
DIFF_EDGE
0 0
CHROM_NUMBER
9
EOF
