TYPE : graph_{count}
DIMENSION: 21
EDGE_DATA_FORMAT: EDGE_LIST
EDGE_WEIGHT_TYPE: EXPLICIT
EDGE_WEIGHT_FORMAT: FULL_MATRIX
EDGE_DATA_SECTION
0 1
0 2
0 3
0 5
0 6
0 7
0 13
0 15
0 18
1 3
1 5
1 7
1 8
1 9
1 13
1 14
2 3
2 5
2 18
3 5
3 6
3 9
3 11
3 13
3 16
3 18
4 5
4 13
5 9
5 13
5 15
5 18
5 20
6 7
6 8
6 10
6 19
7 8
7 9
7 15
8 15
9 10
9 12
9 13
10 11
10 13
12 17
12 18
13 15
13 18
13 19
14 15
14 18
15 16
15 18
17 18
-1
EDGE_WEIGHT_SECTION
0	1	1	1	0	1	1	1	0	0	0	0	0	1	0	1	0	0	1	0	0
1	0	0	1	0	1	0	1	1	1	0	0	0	1	1	0	0	0	0	0	0
1	0	0	1	0	1	0	0	0	0	0	0	0	0	0	0	0	0	1	0	0
1	1	1	0	0	1	1	0	0	1	0	1	0	1	0	0	1	0	1	0	0
0	0	0	0	0	1	0	0	0	0	0	0	0	1	0	0	0	0	0	0	0
1	1	1	1	1	0	0	0	0	1	0	0	0	1	0	1	0	0	1	0	1
1	0	0	1	0	0	0	1	1	0	1	0	0	0	0	0	0	0	0	1	0
1	1	0	0	0	0	1	0	1	1	0	0	0	0	0	1	0	0	0	0	0
0	1	0	0	0	0	1	1	0	0	0	0	0	0	0	1	0	0	0	0	0
0	1	0	1	0	1	0	1	0	0	1	0	1	1	0	0	0	0	0	0	0
0	0	0	0	0	0	1	0	0	1	0	1	0	1	0	0	0	0	0	0	0
0	0	0	1	0	0	0	0	0	0	1	0	0	0	0	0	0	0	0	0	0
0	0	0	0	0	0	0	0	0	1	0	0	0	0	0	0	0	1	1	0	0
1	1	0	1	1	1	0	0	0	1	1	0	0	0	0	1	0	0	1	1	0
0	1	0	0	0	0	0	0	0	0	0	0	0	0	0	1	0	0	1	0	0
1	0	0	0	0	1	0	1	1	0	0	0	0	1	1	1	1	0	1	0	0
0	0	0	1	0	0	0	0	0	0	0	0	0	0	0	1	0	0	0	0	0
0	0	0	0	0	0	0	0	0	0	0	0	1	0	0	0	0	0	1	0	0
1	0	1	1	0	1	0	0	0	0	0	0	1	1	1	1	0	1	1	0	0
0	0	0	0	0	0	1	0	0	0	0	0	0	1	0	0	0	0	0	0	0
0	0	0	0	0	1	0	0	0	0	0	0	0	0	0	0	0	0	0	0	0
DIFF_EDGE
0 0
CHROM_NUMBER
8
EOF
