TYPE : graph_{count}
DIMENSION: 16
EDGE_DATA_FORMAT: EDGE_LIST
EDGE_WEIGHT_TYPE: EXPLICIT
EDGE_WEIGHT_FORMAT: FULL_MATRIX
EDGE_DATA_SECTION
0 3
0 4
0 5
0 6
0 7
0 14
1 3
1 5
1 6
1 7
1 12
1 14
1 15
2 4
2 6
2 11
2 14
3 4
3 7
3 10
3 13
3 14
4 7
5 6
5 7
6 9
6 10
6 13
6 14
7 8
7 14
8 9
8 10
8 12
10 15
11 14
12 14
13 14
-1
EDGE_WEIGHT_SECTION
0	0	0	1	1	1	1	1	0	0	0	0	0	0	1	0
0	0	0	1	0	1	1	1	0	0	0	0	1	0	1	1
0	0	0	0	1	0	1	0	0	0	0	1	0	0	1	0
1	1	0	0	1	0	0	1	0	0	1	0	0	1	1	0
1	0	1	1	0	0	0	1	0	0	0	0	0	0	0	0
1	1	0	0	0	0	1	1	0	0	0	0	0	0	0	0
1	1	1	0	0	1	0	0	0	1	1	0	0	1	1	0
1	1	0	1	1	1	0	0	1	0	0	0	0	0	1	0
0	0	0	0	0	0	0	1	0	1	1	0	1	0	0	0
0	0	0	0	0	0	1	0	1	0	0	0	0	0	0	0
0	0	0	1	0	0	1	0	1	0	0	0	0	0	0	1
0	0	1	0	0	0	0	0	0	0	0	0	0	0	1	0
0	1	0	0	0	0	0	0	1	0	0	0	0	0	1	0
0	0	0	1	0	0	1	0	0	0	0	0	0	0	1	0
1	1	1	1	0	0	1	1	0	0	0	1	1	1	0	0
0	1	0	0	0	0	0	0	0	0	1	0	0	0	0	0
DIFF_EDGE
0 0
CHROM_NUMBER
6
EOF
