TYPE : graph_{count}
DIMENSION: 17
EDGE_DATA_FORMAT: EDGE_LIST
EDGE_WEIGHT_TYPE: EXPLICIT
EDGE_WEIGHT_FORMAT: FULL_MATRIX
EDGE_DATA_SECTION
0 2
0 6
0 8
0 9
0 11
0 13
1 2
1 4
1 5
1 6
1 7
1 9
1 10
1 11
1 13
2 3
2 5
2 8
3 4
3 13
3 14
4 6
4 7
4 9
4 10
4 11
4 13
4 15
5 6
5 8
5 9
5 10
5 11
5 13
5 14
5 15
6 9
6 11
6 12
6 13
8 10
8 11
8 13
9 10
9 11
9 13
10 12
10 13
11 13
13 16
-1
EDGE_WEIGHT_SECTION
0	0	1	0	0	0	1	0	1	1	0	1	0	1	0	0	0
0	0	1	0	1	1	1	1	0	1	1	1	0	1	0	0	0
1	1	0	1	0	1	0	0	1	0	0	0	0	0	0	0	0
0	0	1	0	1	0	0	0	0	0	0	0	0	1	1	0	0
0	1	0	1	0	0	1	1	0	1	1	1	0	1	0	1	0
0	1	1	0	0	0	1	0	1	1	1	1	0	1	1	1	0
1	1	0	0	1	1	0	0	0	1	0	1	1	1	0	0	0
0	1	0	0	1	0	0	0	0	0	0	0	0	0	0	0	0
1	0	1	0	0	1	0	0	0	0	1	1	0	1	0	0	0
1	1	0	0	1	1	1	0	0	0	1	1	0	1	0	0	0
0	1	0	0	1	1	0	0	1	1	0	0	1	1	0	0	0
1	1	0	0	1	1	1	0	1	1	0	0	0	1	0	0	0
0	0	0	0	0	0	1	0	0	0	1	0	0	0	0	0	0
1	1	0	1	1	1	1	0	1	1	1	1	0	0	0	0	1
0	0	0	1	0	1	0	0	0	0	0	0	0	0	0	0	0
0	0	0	0	1	1	0	0	0	0	0	0	0	0	0	0	0
0	0	0	0	0	0	0	0	0	0	0	0	0	1	0	0	0
DIFF_EDGE
0 0
CHROM_NUMBER
9
EOF
