TYPE : graph_{count}
DIMENSION: 20
EDGE_DATA_FORMAT: EDGE_LIST
EDGE_WEIGHT_TYPE: EXPLICIT
EDGE_WEIGHT_FORMAT: FULL_MATRIX
EDGE_DATA_SECTION
0 3
0 4
0 6
0 7
0 12
0 15
1 3
1 4
1 5
1 10
1 13
1 15
2 4
2 6
2 7
2 10
2 13
3 5
3 7
3 8
3 12
3 18
4 6
4 7
4 8
4 10
5 7
5 8
5 9
5 11
5 14
5 17
6 8
7 8
7 10
7 12
8 12
8 16
9 10
10 12
10 14
10 18
12 17
17 19
-1
EDGE_WEIGHT_SECTION
0	0	0	1	1	0	1	1	0	0	0	0	1	0	0	1	0	0	0	0
0	0	0	1	1	1	0	0	0	0	1	0	0	1	0	1	0	0	0	0
0	0	0	0	1	0	1	1	0	0	1	0	0	1	0	0	0	0	0	0
1	1	0	0	0	1	0	1	1	0	0	0	1	0	0	0	0	0	1	0
1	1	1	0	0	0	1	1	1	0	1	0	0	0	0	0	0	0	0	0
0	1	0	1	0	0	0	1	1	1	0	1	0	0	1	0	0	1	0	0
1	0	1	0	1	0	0	0	1	0	0	0	0	0	0	0	0	0	0	0
1	0	1	1	1	1	0	0	1	0	1	0	1	0	0	0	0	0	0	0
0	0	0	1	1	1	1	1	0	0	0	0	1	0	0	0	1	0	0	0
0	0	0	0	0	1	0	0	0	0	1	0	0	0	0	0	0	0	0	0
0	1	1	0	1	0	0	1	0	1	0	0	1	0	1	0	0	0	1	0
0	0	0	0	0	1	0	0	0	0	0	0	0	0	0	0	0	0	0	0
1	0	0	1	0	0	0	1	1	0	1	0	0	0	0	0	0	1	0	0
0	1	1	0	0	0	0	0	0	0	0	0	0	0	0	0	0	0	0	0
0	0	0	0	0	1	0	0	0	0	1	0	0	0	0	0	0	0	0	0
1	1	0	0	0	0	0	0	0	0	0	0	0	0	0	0	0	0	0	0
0	0	0	0	0	0	0	0	1	0	0	0	0	0	0	0	0	0	0	0
0	0	0	0	0	1	0	0	0	0	0	0	1	0	0	0	0	0	0	1
0	0	0	1	0	0	0	0	0	0	1	0	0	0	0	0	0	0	0	0
0	0	0	0	0	0	0	0	0	0	0	0	0	0	0	0	0	1	0	0
DIFF_EDGE
0 0
CHROM_NUMBER
7
EOF
