TYPE : graph_{count}
DIMENSION: 18
EDGE_DATA_FORMAT: EDGE_LIST
EDGE_WEIGHT_TYPE: EXPLICIT
EDGE_WEIGHT_FORMAT: FULL_MATRIX
EDGE_DATA_SECTION
0 1
0 2
0 4
0 6
0 8
0 14
0 16
1 4
1 5
1 8
1 14
1 16
2 3
2 4
2 5
2 6
2 9
2 10
2 13
2 14
2 16
3 7
3 9
3 10
3 12
3 15
3 16
4 10
4 14
4 15
5 8
6 8
6 9
6 17
7 8
7 14
8 11
8 13
8 14
8 16
10 14
13 14
14 16
14 17
-1
EDGE_WEIGHT_SECTION
0	1	1	0	1	0	1	0	1	0	0	0	0	0	1	0	1	0
1	0	0	0	1	1	0	0	1	0	0	0	0	0	1	0	1	0
1	0	0	1	1	1	1	0	0	1	1	0	0	1	1	0	1	0
0	0	1	0	0	0	0	1	0	1	1	0	1	0	0	1	1	0
1	1	1	0	0	0	0	0	0	0	1	0	0	0	1	1	0	0
0	1	1	0	0	0	0	0	1	0	0	0	0	0	0	0	0	0
1	0	1	0	0	0	0	0	1	1	0	0	0	0	0	0	0	1
0	0	0	1	0	0	0	0	1	0	0	0	0	0	1	0	0	0
1	1	0	0	0	1	1	1	0	0	0	1	0	1	1	0	1	0
0	0	1	1	0	0	1	0	0	0	0	0	0	0	0	0	0	0
0	0	1	1	1	0	0	0	0	0	0	0	0	0	1	0	0	0
0	0	0	0	0	0	0	0	1	0	0	0	0	0	0	0	0	0
0	0	0	1	0	0	0	0	0	0	0	0	0	0	0	0	0	0
0	0	1	0	0	0	0	0	1	0	0	0	0	0	1	0	0	0
1	1	1	0	1	0	0	1	1	0	1	0	0	1	1	0	1	1
0	0	0	1	1	0	0	0	0	0	0	0	0	0	0	0	0	0
1	1	1	1	0	0	0	0	1	0	0	0	0	0	1	0	0	0
0	0	0	0	0	0	1	0	0	0	0	0	0	0	1	0	0	0
DIFF_EDGE
0 0
CHROM_NUMBER
7
EOF
