TYPE : graph_{count}
DIMENSION: 21
EDGE_DATA_FORMAT: EDGE_LIST
EDGE_WEIGHT_TYPE: EXPLICIT
EDGE_WEIGHT_FORMAT: FULL_MATRIX
EDGE_DATA_SECTION
0 1
0 4
0 5
0 7
0 8
0 9
0 16
0 17
1 7
1 10
2 3
2 5
2 6
2 8
2 9
2 10
2 15
3 5
3 7
3 9
3 12
3 13
4 5
4 6
5 6
5 7
5 10
5 13
5 16
6 11
8 9
9 10
9 11
9 13
10 13
10 16
11 19
12 16
12 18
13 14
13 15
13 16
13 17
14 16
15 16
16 19
18 20
-1
EDGE_WEIGHT_SECTION
0	1	0	0	1	1	0	1	1	1	0	0	0	0	0	0	1	1	0	0	0
1	0	0	0	0	0	0	1	0	0	1	0	0	0	0	0	0	0	0	0	0
0	0	0	1	0	1	1	0	1	1	1	0	0	0	0	1	0	0	0	0	0
0	0	1	0	0	1	0	1	0	1	0	0	1	1	0	0	0	0	0	0	0
1	0	0	0	0	1	1	0	0	0	0	0	0	0	0	0	0	0	0	0	0
1	0	1	1	1	0	1	1	0	0	1	0	0	1	0	0	1	0	0	0	0
0	0	1	0	1	1	0	0	0	0	0	1	0	0	0	0	0	0	0	0	0
1	1	0	1	0	1	0	0	0	0	0	0	0	0	0	0	0	0	0	0	0
1	0	1	0	0	0	0	0	0	1	0	0	0	0	0	0	0	0	0	0	0
1	0	1	1	0	0	0	0	1	0	1	1	0	1	0	0	0	0	0	0	0
0	1	1	0	0	1	0	0	0	1	0	0	0	1	0	0	1	0	0	0	0
0	0	0	0	0	0	1	0	0	1	0	0	0	0	0	0	0	0	0	1	0
0	0	0	1	0	0	0	0	0	0	0	0	0	0	0	0	1	0	1	0	0
0	0	0	1	0	1	0	0	0	1	1	0	0	0	1	1	1	1	0	0	0
0	0	0	0	0	0	0	0	0	0	0	0	0	1	0	0	1	0	0	0	0
0	0	1	0	0	0	0	0	0	0	0	0	0	1	0	0	1	0	0	0	0
1	0	0	0	0	1	0	0	0	0	1	0	1	1	1	1	0	0	0	1	0
1	0	0	0	0	0	0	0	0	0	0	0	0	1	0	0	0	0	0	0	0
0	0	0	0	0	0	0	0	0	0	0	0	1	0	0	0	0	0	0	0	1
0	0	0	0	0	0	0	0	0	0	0	1	0	0	0	0	1	0	0	0	0
0	0	0	0	0	0	0	0	0	0	0	0	0	0	0	0	0	0	1	0	0
DIFF_EDGE
0 0
CHROM_NUMBER
8
EOF
