TYPE : graph_{count}
DIMENSION: 16
EDGE_DATA_FORMAT: EDGE_LIST
EDGE_WEIGHT_TYPE: EXPLICIT
EDGE_WEIGHT_FORMAT: FULL_MATRIX
EDGE_DATA_SECTION
0 3
0 5
0 6
0 8
0 12
0 14
0 15
1 3
1 5
1 7
1 9
1 10
1 12
1 13
1 14
2 4
2 6
2 7
3 5
3 7
3 9
3 14
4 5
4 6
4 10
4 12
4 13
5 8
5 9
5 10
5 12
5 14
6 10
6 12
6 14
7 8
7 9
7 10
7 11
7 12
7 14
8 9
8 10
9 10
9 12
9 14
11 12
12 14
-1
EDGE_WEIGHT_SECTION
0	0	0	1	0	1	1	0	1	0	0	0	1	0	1	1
0	0	0	1	0	1	0	1	0	1	1	0	1	1	1	0
0	0	0	0	1	0	1	1	0	0	0	0	0	0	0	0
1	1	0	0	0	1	0	1	0	1	0	0	0	0	1	0
0	0	1	0	0	1	1	0	0	0	1	0	1	1	0	0
1	1	0	1	1	0	0	0	1	1	1	0	1	0	1	0
1	0	1	0	1	0	0	0	0	0	1	0	1	0	1	0
0	1	1	1	0	0	0	0	1	1	1	1	1	0	1	0
1	0	0	0	0	1	0	1	0	1	1	0	0	0	0	0
0	1	0	1	0	1	0	1	1	0	1	0	1	0	1	0
0	1	0	0	1	1	1	1	1	1	0	0	0	0	0	0
0	0	0	0	0	0	0	1	0	0	0	0	1	0	0	0
1	1	0	0	1	1	1	1	0	1	0	1	0	0	1	0
0	1	0	0	1	0	0	0	0	0	0	0	0	0	0	0
1	1	0	1	0	1	1	1	0	1	0	0	1	0	0	0
1	0	0	0	0	0	0	0	0	0	0	0	0	0	0	0
DIFF_EDGE
0 0
CHROM_NUMBER
8
EOF
