TYPE : graph_{count}
DIMENSION: 18
EDGE_DATA_FORMAT: EDGE_LIST
EDGE_WEIGHT_TYPE: EXPLICIT
EDGE_WEIGHT_FORMAT: FULL_MATRIX
EDGE_DATA_SECTION
0 1
0 2
0 3
0 4
0 5
0 7
0 8
0 9
0 10
0 12
0 14
0 17
1 2
1 4
1 5
1 6
1 7
1 8
1 9
1 10
1 12
1 14
1 17
2 3
2 4
2 5
2 6
2 8
2 12
2 14
2 17
3 5
3 6
3 9
3 10
3 12
4 5
5 6
5 7
5 8
5 12
5 14
5 17
6 7
6 8
6 10
6 14
7 10
7 11
7 14
7 16
8 10
8 12
8 14
8 17
10 14
10 17
11 12
12 14
12 17
13 14
13 15
14 17
15 16
15 17
-1
EDGE_WEIGHT_SECTION
0	1	1	1	1	1	0	1	1	1	1	0	1	0	1	0	0	1
1	0	1	0	1	1	1	1	1	1	1	0	1	0	1	0	0	1
1	1	0	1	1	1	1	0	1	0	0	0	1	0	1	0	0	1
1	0	1	0	0	1	1	0	0	1	1	0	1	0	0	0	0	0
1	1	1	0	0	1	0	0	0	0	0	0	0	0	0	0	0	0
1	1	1	1	1	0	1	1	1	0	0	0	1	0	1	0	0	1
0	1	1	1	0	1	0	1	1	0	1	0	0	0	1	0	0	0
1	1	0	0	0	1	1	0	0	0	1	1	0	0	1	0	1	0
1	1	1	0	0	1	1	0	0	0	1	0	1	0	1	0	0	1
1	1	0	1	0	0	0	0	0	0	0	0	0	0	0	0	0	0
1	1	0	1	0	0	1	1	1	0	0	0	0	0	1	0	0	1
0	0	0	0	0	0	0	1	0	0	0	0	1	0	0	0	0	0
1	1	1	1	0	1	0	0	1	0	0	1	0	0	1	0	0	1
0	0	0	0	0	0	0	0	0	0	0	0	0	0	1	1	0	0
1	1	1	0	0	1	1	1	1	0	1	0	1	1	0	0	0	1
0	0	0	0	0	0	0	0	0	0	0	0	0	1	0	0	1	1
0	0	0	0	0	0	0	1	0	0	0	0	0	0	0	1	0	0
1	1	1	0	0	1	0	0	1	0	1	0	1	0	1	1	0	0
DIFF_EDGE
0 0
CHROM_NUMBER
10
EOF
