TYPE : graph_{count}
DIMENSION: 20
EDGE_DATA_FORMAT: EDGE_LIST
EDGE_WEIGHT_TYPE: EXPLICIT
EDGE_WEIGHT_FORMAT: FULL_MATRIX
EDGE_DATA_SECTION
0 1
0 2
0 3
0 4
0 7
0 8
0 15
0 16
1 2
1 3
1 4
1 5
1 7
1 9
1 15
1 17
1 19
2 7
2 8
2 9
2 15
2 17
3 7
3 8
3 9
4 5
4 7
4 9
4 10
4 11
4 13
4 15
5 10
6 8
6 9
7 9
7 10
7 15
7 17
8 12
8 15
8 17
9 10
9 12
10 16
11 17
12 14
12 18
14 17
14 18
15 17
16 17
-1
EDGE_WEIGHT_SECTION
0	1	1	1	1	0	0	1	1	0	0	0	0	0	0	1	1	0	0	0
1	0	1	1	1	1	0	1	0	1	0	0	0	0	0	1	0	1	0	1
1	1	0	0	0	0	0	1	1	1	0	0	0	0	0	1	0	1	0	0
1	1	0	0	0	0	0	1	1	1	0	0	0	0	0	0	0	0	0	0
1	1	0	0	0	1	0	1	0	1	1	1	0	1	0	1	0	0	0	0
0	1	0	0	1	0	0	0	0	0	1	0	0	0	0	0	0	0	0	0
0	0	0	0	0	0	0	0	1	1	0	0	0	0	0	0	0	0	0	0
1	1	1	1	1	0	0	0	0	1	1	0	0	0	0	1	0	1	0	0
1	0	1	1	0	0	1	0	0	0	0	0	1	0	0	1	0	1	0	0
0	1	1	1	1	0	1	1	0	0	1	0	1	0	0	0	0	0	0	0
0	0	0	0	1	1	0	1	0	1	0	0	0	0	0	0	1	0	0	0
0	0	0	0	1	0	0	0	0	0	0	0	0	0	0	0	0	1	0	0
0	0	0	0	0	0	0	0	1	1	0	0	0	0	1	0	0	0	1	0
0	0	0	0	1	0	0	0	0	0	0	0	0	0	0	0	0	0	0	0
0	0	0	0	0	0	0	0	0	0	0	0	1	0	0	0	0	1	1	0
1	1	1	0	1	0	0	1	1	0	0	0	0	0	0	0	0	1	0	0
1	0	0	0	0	0	0	0	0	0	1	0	0	0	0	0	0	1	0	0
0	1	1	0	0	0	0	1	1	0	0	1	0	0	1	1	1	0	0	0
0	0	0	0	0	0	0	0	0	0	0	0	1	0	1	0	0	0	0	0
0	1	0	0	0	0	0	0	0	0	0	0	0	0	0	0	0	0	0	0
DIFF_EDGE
0 0
CHROM_NUMBER
8
EOF
