TYPE : graph_{count}
DIMENSION: 15
EDGE_DATA_FORMAT: EDGE_LIST
EDGE_WEIGHT_TYPE: EXPLICIT
EDGE_WEIGHT_FORMAT: FULL_MATRIX
EDGE_DATA_SECTION
0 1
0 2
0 4
0 5
0 6
0 8
0 9
0 12
0 14
1 2
1 3
1 4
1 5
1 6
1 9
1 11
1 12
1 14
2 3
2 4
2 6
2 7
2 12
2 14
3 6
3 7
3 8
3 12
3 14
4 5
4 7
4 10
4 12
4 13
4 14
5 6
5 10
5 12
5 14
6 8
7 8
7 9
7 12
8 9
8 10
8 12
8 13
9 12
11 12
11 14
12 14
-1
EDGE_WEIGHT_SECTION
0	1	1	0	1	1	1	0	1	1	0	0	1	0	1
1	0	1	1	1	1	1	0	0	1	0	1	1	0	1
1	1	0	1	1	0	1	1	0	0	0	0	1	0	1
0	1	1	0	0	0	1	1	1	0	0	0	1	0	1
1	1	1	0	0	1	0	1	0	0	1	0	1	1	1
1	1	0	0	1	0	1	0	0	0	1	0	1	0	1
1	1	1	1	0	1	0	0	1	0	0	0	0	0	0
0	0	1	1	1	0	0	0	1	1	0	0	1	0	0
1	0	0	1	0	0	1	1	0	1	1	0	1	1	0
1	1	0	0	0	0	0	1	1	0	0	0	1	0	0
0	0	0	0	1	1	0	0	1	0	0	0	0	0	0
0	1	0	0	0	0	0	0	0	0	0	0	1	0	1
1	1	1	1	1	1	0	1	1	1	0	1	0	0	1
0	0	0	0	1	0	0	0	1	0	0	0	0	0	0
1	1	1	1	1	1	0	0	0	0	0	1	1	0	0
DIFF_EDGE
0 0
CHROM_NUMBER
8
EOF
