TYPE : graph_{count}
DIMENSION: 19
EDGE_DATA_FORMAT: EDGE_LIST
EDGE_WEIGHT_TYPE: EXPLICIT
EDGE_WEIGHT_FORMAT: FULL_MATRIX
EDGE_DATA_SECTION
0 7
0 8
0 9
0 10
0 16
1 5
1 6
1 7
1 8
1 9
1 10
1 16
1 17
2 10
3 4
3 5
3 9
3 10
4 11
4 17
4 18
5 9
5 10
5 12
5 15
5 16
5 18
6 9
7 8
7 9
8 14
8 15
8 16
8 17
9 11
9 16
10 16
10 17
11 17
12 16
12 17
13 14
14 17
16 17
-1
EDGE_WEIGHT_SECTION
0	0	0	0	0	0	0	1	1	1	1	0	0	0	0	0	1	0	0
0	0	0	0	0	1	1	1	1	1	1	0	0	0	0	0	1	1	0
0	0	0	0	0	0	0	0	0	0	1	0	0	0	0	0	0	0	0
0	0	0	0	1	1	0	0	0	1	1	0	0	0	0	0	0	0	0
0	0	0	1	0	0	0	0	0	0	0	1	0	0	0	0	0	1	1
0	1	0	1	0	0	0	0	0	1	1	0	1	0	0	1	1	0	1
0	1	0	0	0	0	0	0	0	1	0	0	0	0	0	0	0	0	0
1	1	0	0	0	0	0	0	1	1	0	0	0	0	0	0	0	0	0
1	1	0	0	0	0	0	1	0	0	0	0	0	0	1	1	1	1	0
1	1	0	1	0	1	1	1	0	0	0	1	0	0	0	0	1	0	0
1	1	1	1	0	1	0	0	0	0	0	0	0	0	0	0	1	1	0
0	0	0	0	1	0	0	0	0	1	0	0	0	0	0	0	0	1	0
0	0	0	0	0	1	0	0	0	0	0	0	0	0	0	0	1	1	0
0	0	0	0	0	0	0	0	0	0	0	0	0	0	1	0	0	0	0
0	0	0	0	0	0	0	0	1	0	0	0	0	1	0	0	0	1	0
0	0	0	0	0	1	0	0	1	0	0	0	0	0	0	0	0	0	0
1	1	0	0	0	1	0	0	1	1	1	0	1	0	0	0	0	1	0
0	1	0	0	1	0	0	0	1	0	1	1	1	0	1	0	1	0	0
0	0	0	0	1	1	0	0	0	0	0	0	0	0	0	0	0	0	0
DIFF_EDGE
0 0
CHROM_NUMBER
7
EOF
