TYPE : graph_{count}
DIMENSION: 21
EDGE_DATA_FORMAT: EDGE_LIST
EDGE_WEIGHT_TYPE: EXPLICIT
EDGE_WEIGHT_FORMAT: FULL_MATRIX
EDGE_DATA_SECTION
0 3
0 5
0 7
0 10
0 12
0 15
0 18
0 19
1 2
1 4
1 6
1 9
1 10
1 15
2 3
2 7
2 9
2 10
2 12
2 15
2 17
2 19
3 4
3 9
3 10
3 14
3 15
3 17
4 10
4 13
4 17
5 6
5 7
5 8
5 10
5 12
5 15
5 17
6 7
6 10
6 12
7 9
7 10
7 12
7 15
7 17
8 13
8 14
9 12
10 11
10 12
10 15
10 17
10 20
11 12
12 15
12 16
12 17
15 17
17 18
-1
EDGE_WEIGHT_SECTION
0	0	0	1	0	1	0	1	0	0	1	0	1	0	0	1	0	0	1	1	0
0	0	1	0	1	0	1	0	0	1	1	0	0	0	0	1	0	0	0	0	0
0	1	0	1	0	0	0	1	0	1	1	0	1	0	0	1	0	1	0	1	0
1	0	1	0	1	0	0	0	0	1	1	0	0	0	1	1	0	1	0	0	0
0	1	0	1	0	0	0	0	0	0	1	0	0	1	0	0	0	1	0	0	0
1	0	0	0	0	0	1	1	1	0	1	0	1	0	0	1	0	1	0	0	0
0	1	0	0	0	1	0	1	0	0	1	0	1	0	0	0	0	0	0	0	0
1	0	1	0	0	1	1	0	0	1	1	0	1	0	0	1	0	1	0	0	0
0	0	0	0	0	1	0	0	0	0	0	0	0	1	1	0	0	0	0	0	0
0	1	1	1	0	0	0	1	0	0	0	0	1	0	0	0	0	0	0	0	0
1	1	1	1	1	1	1	1	0	0	0	1	1	0	0	1	0	1	0	0	1
0	0	0	0	0	0	0	0	0	0	1	0	1	0	0	0	0	0	0	0	0
1	0	1	0	0	1	1	1	0	1	1	1	0	0	0	1	1	1	0	0	0
0	0	0	0	1	0	0	0	1	0	0	0	0	0	0	0	0	0	0	0	0
0	0	0	1	0	0	0	0	1	0	0	0	0	0	0	0	0	0	0	0	0
1	1	1	1	0	1	0	1	0	0	1	0	1	0	0	0	0	1	0	0	0
0	0	0	0	0	0	0	0	0	0	0	0	1	0	0	0	0	0	0	0	0
0	0	1	1	1	1	0	1	0	0	1	0	1	0	0	1	0	0	1	0	0
1	0	0	0	0	0	0	0	0	0	0	0	0	0	0	0	0	1	0	0	0
1	0	1	0	0	0	0	0	0	0	0	0	0	0	0	0	0	0	0	0	0
0	0	0	0	0	0	0	0	0	0	1	0	0	0	0	0	0	0	0	0	0
DIFF_EDGE
0 0
CHROM_NUMBER
9
EOF
