TYPE : graph_{count}
DIMENSION: 17
EDGE_DATA_FORMAT: EDGE_LIST
EDGE_WEIGHT_TYPE: EXPLICIT
EDGE_WEIGHT_FORMAT: FULL_MATRIX
EDGE_DATA_SECTION
0 3
0 4
0 5
0 7
0 10
0 11
0 12
0 14
1 2
1 5
1 7
1 8
2 4
2 5
2 7
2 8
2 9
2 10
3 4
3 6
3 7
3 10
3 11
3 12
4 5
4 9
4 10
4 11
4 12
4 16
5 6
5 7
5 8
5 10
6 7
6 10
6 11
6 12
6 14
7 8
7 11
7 12
7 13
8 10
9 10
9 13
10 11
10 12
11 12
14 15
-1
EDGE_WEIGHT_SECTION
0	0	0	1	1	1	0	1	0	0	1	1	1	0	1	0	0
0	0	1	0	0	1	0	1	1	0	0	0	0	0	0	0	0
0	1	0	0	1	1	0	1	1	1	1	0	0	0	0	0	0
1	0	0	0	1	0	1	1	0	0	1	1	1	0	0	0	0
1	0	1	1	0	1	0	0	0	1	1	1	1	0	0	0	1
1	1	1	0	1	0	1	1	1	0	1	0	0	0	0	0	0
0	0	0	1	0	1	0	1	0	0	1	1	1	0	1	0	0
1	1	1	1	0	1	1	0	1	0	0	1	1	1	0	0	0
0	1	1	0	0	1	0	1	0	0	1	0	0	0	0	0	0
0	0	1	0	1	0	0	0	0	0	1	0	0	1	0	0	0
1	0	1	1	1	1	1	0	1	1	0	1	1	0	0	0	0
1	0	0	1	1	0	1	1	0	0	1	0	1	0	0	0	0
1	0	0	1	1	0	1	1	0	0	1	1	0	0	0	0	0
0	0	0	0	0	0	0	1	0	1	0	0	0	0	0	0	0
1	0	0	0	0	0	1	0	0	0	0	0	0	0	0	1	0
0	0	0	0	0	0	0	0	0	0	0	0	0	0	1	0	0
0	0	0	0	1	0	0	0	0	0	0	0	0	0	0	0	0
DIFF_EDGE
0 0
CHROM_NUMBER
8
EOF
