TYPE : graph_{count}
DIMENSION: 17
EDGE_DATA_FORMAT: EDGE_LIST
EDGE_WEIGHT_TYPE: EXPLICIT
EDGE_WEIGHT_FORMAT: FULL_MATRIX
EDGE_DATA_SECTION
0 8
0 10
1 4
1 6
1 9
1 12
1 13
1 15
2 4
2 5
2 6
2 7
2 8
2 9
2 10
2 12
2 13
2 15
3 4
3 9
3 12
3 13
3 15
4 7
4 8
4 10
5 6
5 12
6 7
6 9
6 12
6 13
6 15
6 16
7 8
7 9
7 12
7 13
7 15
8 10
9 10
9 11
9 13
9 14
10 13
11 12
11 13
11 15
12 13
12 14
12 15
13 15
14 15
-1
EDGE_WEIGHT_SECTION
0	0	0	0	0	0	0	0	1	0	1	0	0	0	0	0	0
0	0	0	0	1	0	1	0	0	1	0	0	1	1	0	1	0
0	0	0	0	1	1	1	1	1	1	1	0	1	1	0	1	0
0	0	0	0	1	0	0	0	0	1	0	0	1	1	0	1	0
0	1	1	1	0	0	0	1	1	0	1	0	0	0	0	0	0
0	0	1	0	0	0	1	0	0	0	0	0	1	0	0	0	0
0	1	1	0	0	1	0	1	0	1	0	0	1	1	0	1	1
0	0	1	0	1	0	1	0	1	1	0	0	1	1	0	1	0
1	0	1	0	1	0	0	1	0	0	1	0	0	0	0	0	0
0	1	1	1	0	0	1	1	0	0	1	1	0	1	1	0	0
1	0	1	0	1	0	0	0	1	1	0	0	0	1	0	0	0
0	0	0	0	0	0	0	0	0	1	0	0	1	1	0	1	0
0	1	1	1	0	1	1	1	0	0	0	1	1	1	1	1	0
0	1	1	1	0	0	1	1	0	1	1	1	1	0	0	1	0
0	0	0	0	0	0	0	0	0	1	0	0	1	0	0	1	0
0	1	1	1	0	0	1	1	0	0	0	1	1	1	1	0	0
0	0	0	0	0	0	1	0	0	0	0	0	0	0	0	0	0
DIFF_EDGE
0 0
CHROM_NUMBER
8
EOF
