TYPE : graph_{count}
DIMENSION: 17
EDGE_DATA_FORMAT: EDGE_LIST
EDGE_WEIGHT_TYPE: EXPLICIT
EDGE_WEIGHT_FORMAT: FULL_MATRIX
EDGE_DATA_SECTION
0 1
0 2
0 5
0 9
0 15
1 2
1 15
2 4
2 8
2 9
2 11
2 15
2 16
3 8
3 11
3 15
4 8
4 10
4 16
5 6
5 7
5 10
5 13
5 15
6 7
6 10
6 14
6 15
6 16
7 8
7 10
8 12
8 15
8 16
9 14
9 15
10 15
11 16
12 15
13 16
14 15
15 16
-1
EDGE_WEIGHT_SECTION
0	1	1	0	0	1	0	0	0	1	0	0	0	0	0	1	0
1	0	1	0	0	0	0	0	0	0	0	0	0	0	0	1	0
1	1	0	0	1	0	0	0	1	1	0	1	0	0	0	1	1
0	0	0	0	0	0	0	0	1	0	0	1	0	0	0	1	0
0	0	1	0	0	0	0	0	1	0	1	0	0	0	0	0	1
1	0	0	0	0	0	1	1	0	0	1	0	0	1	0	1	0
0	0	0	0	0	1	0	1	0	0	1	0	0	0	1	1	1
0	0	0	0	0	1	1	0	1	0	1	0	0	0	0	0	0
0	0	1	1	1	0	0	1	0	0	0	0	1	0	0	1	1
1	0	1	0	0	0	0	0	0	0	0	0	0	0	1	1	0
0	0	0	0	1	1	1	1	0	0	0	0	0	0	0	1	0
0	0	1	1	0	0	0	0	0	0	0	0	0	0	0	0	1
0	0	0	0	0	0	0	0	1	0	0	0	0	0	0	1	0
0	0	0	0	0	1	0	0	0	0	0	0	0	0	0	0	1
0	0	0	0	0	0	1	0	0	1	0	0	0	0	0	1	0
1	1	1	1	0	1	1	0	1	1	1	0	1	0	1	0	1
0	0	1	0	1	0	1	0	1	0	0	1	0	1	0	1	0
DIFF_EDGE
0 0
CHROM_NUMBER
7
EOF
