TYPE : graph_{count}
DIMENSION: 20
EDGE_DATA_FORMAT: EDGE_LIST
EDGE_WEIGHT_TYPE: EXPLICIT
EDGE_WEIGHT_FORMAT: FULL_MATRIX
EDGE_DATA_SECTION
0 1
0 2
0 4
0 5
0 6
0 10
0 12
0 13
0 14
0 16
1 4
1 5
1 6
1 7
1 8
1 9
1 12
1 13
1 14
1 16
1 17
2 3
2 6
2 8
2 10
2 11
2 12
2 14
3 4
3 5
3 6
3 7
3 8
3 10
3 12
3 14
3 19
4 5
4 6
4 9
4 12
4 13
4 14
4 16
5 8
5 10
5 13
5 16
6 9
6 12
6 13
6 14
6 15
6 18
7 8
7 11
7 14
8 10
8 13
8 14
9 10
9 12
9 13
9 14
10 12
10 13
10 16
11 14
12 13
12 14
12 16
13 14
13 16
13 19
14 16
15 16
-1
EDGE_WEIGHT_SECTION
0	1	1	0	1	1	1	0	0	0	1	0	1	1	1	0	1	0	0	0
1	0	0	0	1	1	1	1	1	1	0	0	1	1	1	0	1	1	0	0
1	0	0	1	0	0	1	0	1	0	1	1	1	0	1	0	0	0	0	0
0	0	1	0	1	1	1	1	1	0	1	0	1	0	1	0	0	0	0	1
1	1	0	1	0	1	1	0	0	1	0	0	1	1	1	0	1	0	0	0
1	1	0	1	1	0	0	0	1	0	1	0	0	1	0	0	1	0	0	0
1	1	1	1	1	0	0	0	0	1	0	0	1	1	1	1	0	0	1	0
0	1	0	1	0	0	0	0	1	0	0	1	0	0	1	0	0	0	0	0
0	1	1	1	0	1	0	1	0	0	1	0	0	1	1	0	0	0	0	0
0	1	0	0	1	0	1	0	0	0	1	0	1	1	1	0	0	0	0	0
1	0	1	1	0	1	0	0	1	1	0	0	1	1	0	0	1	0	0	0
0	0	1	0	0	0	0	1	0	0	0	0	0	0	1	0	0	0	0	0
1	1	1	1	1	0	1	0	0	1	1	0	0	1	1	0	1	0	0	0
1	1	0	0	1	1	1	0	1	1	1	0	1	0	1	0	1	0	0	1
1	1	1	1	1	0	1	1	1	1	0	1	1	1	0	0	1	0	0	0
0	0	0	0	0	0	1	0	0	0	0	0	0	0	0	0	1	0	0	0
1	1	0	0	1	1	0	0	0	0	1	0	1	1	1	1	0	0	0	0
0	1	0	0	0	0	0	0	0	0	0	0	0	0	0	0	0	0	0	0
0	0	0	0	0	0	1	0	0	0	0	0	0	0	0	0	0	0	0	0
0	0	0	1	0	0	0	0	0	0	0	0	0	1	0	0	0	0	0	0
DIFF_EDGE
0 0
CHROM_NUMBER
10
EOF
