TYPE : graph_{count}
DIMENSION: 21
EDGE_DATA_FORMAT: EDGE_LIST
EDGE_WEIGHT_TYPE: EXPLICIT
EDGE_WEIGHT_FORMAT: FULL_MATRIX
EDGE_DATA_SECTION
0 2
0 4
0 5
0 6
1 2
1 3
1 4
1 9
1 16
1 18
1 20
2 3
2 4
2 5
2 6
2 7
2 8
2 9
2 17
2 20
3 7
3 8
3 9
3 10
3 18
4 9
4 11
4 15
4 18
5 8
5 12
5 18
5 19
5 20
6 10
6 13
6 15
6 18
6 20
7 8
7 10
7 13
7 20
8 10
8 18
9 14
9 18
10 11
10 14
10 18
10 19
10 20
11 20
12 20
13 18
16 20
17 18
17 20
18 20
19 20
-1
EDGE_WEIGHT_SECTION
0	0	1	0	1	1	1	0	0	0	0	0	0	0	0	0	0	0	0	0	0
0	0	1	1	1	0	0	0	0	1	0	0	0	0	0	0	1	0	1	0	1
1	1	0	1	1	1	1	1	1	1	0	0	0	0	0	0	0	1	0	0	1
0	1	1	0	0	0	0	1	1	1	1	0	0	0	0	0	0	0	1	0	0
1	1	1	0	0	0	0	0	0	1	0	1	0	0	0	1	0	0	1	0	0
1	0	1	0	0	0	0	0	1	0	0	0	1	0	0	0	0	0	1	1	1
1	0	1	0	0	0	0	0	0	0	1	0	0	1	0	1	0	0	1	0	1
0	0	1	1	0	0	0	0	1	0	1	0	0	1	0	0	0	0	0	0	1
0	0	1	1	0	1	0	1	0	0	1	0	0	0	0	0	0	0	1	0	0
0	1	1	1	1	0	0	0	0	0	0	0	0	0	1	0	0	0	1	0	0
0	0	0	1	0	0	1	1	1	0	0	1	0	0	1	0	0	0	1	1	1
0	0	0	0	1	0	0	0	0	0	1	0	0	0	0	0	0	0	0	0	1
0	0	0	0	0	1	0	0	0	0	0	0	0	0	0	0	0	0	0	0	1
0	0	0	0	0	0	1	1	0	0	0	0	0	0	0	0	0	0	1	0	0
0	0	0	0	0	0	0	0	0	1	1	0	0	0	0	0	0	0	0	0	0
0	0	0	0	1	0	1	0	0	0	0	0	0	0	0	0	0	0	0	0	0
0	1	0	0	0	0	0	0	0	0	0	0	0	0	0	0	0	0	0	0	1
0	0	1	0	0	0	0	0	0	0	0	0	0	0	0	0	0	0	1	0	1
0	1	0	1	1	1	1	0	1	1	1	0	0	1	0	0	0	1	1	0	1
0	0	0	0	0	1	0	0	0	0	1	0	0	0	0	0	0	0	0	0	1
0	1	1	0	0	1	1	1	0	0	1	1	1	0	0	0	1	1	1	1	1
DIFF_EDGE
0 0
CHROM_NUMBER
8
EOF
