TYPE : graph_{count}
DIMENSION: 21
EDGE_DATA_FORMAT: EDGE_LIST
EDGE_WEIGHT_TYPE: EXPLICIT
EDGE_WEIGHT_FORMAT: FULL_MATRIX
EDGE_DATA_SECTION
0 2
0 3
0 4
0 6
0 7
0 8
0 9
0 10
0 11
0 16
0 19
1 3
1 5
1 6
1 9
1 13
2 3
2 5
2 9
2 10
2 11
2 19
3 4
3 5
3 7
3 9
3 16
4 7
4 9
4 11
4 13
4 19
5 7
5 8
5 9
5 16
5 19
5 20
6 7
6 8
6 9
6 10
6 20
7 9
7 11
7 12
7 14
7 16
8 10
8 11
8 14
8 15
9 11
9 16
9 19
10 11
10 16
10 19
11 16
11 18
11 19
12 19
13 16
15 16
16 17
17 19
18 19
-1
EDGE_WEIGHT_SECTION
0	0	1	1	1	0	1	1	1	1	1	1	0	0	0	0	1	0	0	1	0
0	0	0	1	0	1	1	0	0	1	0	0	0	1	0	0	0	0	0	0	0
1	0	0	1	0	1	0	0	0	1	1	1	0	0	0	0	0	0	0	1	0
1	1	1	0	1	1	0	1	0	1	0	0	0	0	0	0	1	0	0	0	0
1	0	0	1	0	0	0	1	0	1	0	1	0	1	0	0	0	0	0	1	0
0	1	1	1	0	0	0	1	1	1	0	0	0	0	0	0	1	0	0	1	1
1	1	0	0	0	0	0	1	1	1	1	0	0	0	0	0	0	0	0	0	1
1	0	0	1	1	1	1	0	0	1	0	1	1	0	1	0	1	0	0	0	0
1	0	0	0	0	1	1	0	0	0	1	1	0	0	1	1	0	0	0	0	0
1	1	1	1	1	1	1	1	0	0	0	1	0	0	0	0	1	0	0	1	0
1	0	1	0	0	0	1	0	1	0	0	1	0	0	0	0	1	0	0	1	0
1	0	1	0	1	0	0	1	1	1	1	0	0	0	0	0	1	0	1	1	0
0	0	0	0	0	0	0	1	0	0	0	0	0	0	0	0	0	0	0	1	0
0	1	0	0	1	0	0	0	0	0	0	0	0	0	0	0	1	0	0	0	0
0	0	0	0	0	0	0	1	1	0	0	0	0	0	0	0	0	0	0	0	0
0	0	0	0	0	0	0	0	1	0	0	0	0	0	0	0	1	0	0	0	0
1	0	0	1	0	1	0	1	0	1	1	1	0	1	0	1	1	1	0	0	0
0	0	0	0	0	0	0	0	0	0	0	0	0	0	0	0	1	0	0	1	0
0	0	0	0	0	0	0	0	0	0	0	1	0	0	0	0	0	0	0	1	0
1	0	1	0	1	1	0	0	0	1	1	1	1	0	0	0	0	1	1	0	0
0	0	0	0	0	1	1	0	0	0	0	0	0	0	0	0	0	0	0	0	0
DIFF_EDGE
0 0
CHROM_NUMBER
10
EOF
