TYPE : graph_{count}
DIMENSION: 17
EDGE_DATA_FORMAT: EDGE_LIST
EDGE_WEIGHT_TYPE: EXPLICIT
EDGE_WEIGHT_FORMAT: FULL_MATRIX
EDGE_DATA_SECTION
0 6
0 7
1 7
1 11
1 12
1 16
2 4
2 5
2 6
2 7
2 8
2 9
2 11
2 15
2 16
3 5
3 7
3 8
3 9
3 11
3 16
4 6
4 8
4 9
4 10
4 13
5 7
5 9
5 10
5 11
5 15
5 16
6 8
6 9
6 11
7 8
7 9
8 10
8 15
9 11
9 15
9 16
10 12
10 14
10 15
10 16
11 13
11 15
11 16
12 15
12 16
14 15
15 16
-1
EDGE_WEIGHT_SECTION
0	0	0	0	0	0	1	1	0	0	0	0	0	0	0	0	0
0	0	0	0	0	0	0	1	0	0	0	1	1	0	0	0	1
0	0	0	0	1	1	1	1	1	1	0	1	0	0	0	1	1
0	0	0	0	0	1	0	1	1	1	0	1	0	0	0	0	1
0	0	1	0	0	0	1	0	1	1	1	0	0	1	0	0	0
0	0	1	1	0	0	0	1	0	1	1	1	0	0	0	1	1
1	0	1	0	1	0	0	0	1	1	0	1	0	0	0	0	0
1	1	1	1	0	1	0	0	1	1	0	0	0	0	0	0	0
0	0	1	1	1	0	1	1	0	0	1	0	0	0	0	1	0
0	0	1	1	1	1	1	1	0	0	0	1	0	0	0	1	1
0	0	0	0	1	1	0	0	1	0	0	0	1	0	1	1	1
0	1	1	1	0	1	1	0	0	1	0	1	0	1	0	1	1
0	1	0	0	0	0	0	0	0	0	1	0	0	0	0	1	1
0	0	0	0	1	0	0	0	0	0	0	1	0	0	0	0	0
0	0	0	0	0	0	0	0	0	0	1	0	0	0	0	1	0
0	0	1	0	0	1	0	0	1	1	1	1	1	0	1	0	1
0	1	1	1	0	1	0	0	0	1	1	1	1	0	0	1	0
DIFF_EDGE
0 0
CHROM_NUMBER
9
EOF
