TYPE : graph_{count}
DIMENSION: 16
EDGE_DATA_FORMAT: EDGE_LIST
EDGE_WEIGHT_TYPE: EXPLICIT
EDGE_WEIGHT_FORMAT: FULL_MATRIX
EDGE_DATA_SECTION
0 2
0 7
0 12
1 3
1 5
1 7
1 9
1 10
1 12
2 3
2 4
2 5
2 6
2 8
3 4
3 5
3 8
3 10
3 12
3 13
4 6
5 7
5 8
5 9
5 10
5 12
6 7
6 8
6 9
6 12
7 10
7 11
7 12
8 12
8 14
9 10
9 12
10 12
10 14
13 15
-1
EDGE_WEIGHT_SECTION
0	0	1	0	0	0	0	1	0	0	0	0	1	0	0	0
0	0	0	1	0	1	0	1	0	1	1	0	1	0	0	0
1	0	0	1	1	1	1	0	1	0	0	0	0	0	0	0
0	1	1	0	1	1	0	0	1	0	1	0	1	1	0	0
0	0	1	1	0	0	1	0	0	0	0	0	0	0	0	0
0	1	1	1	0	0	0	1	1	1	1	0	1	0	0	0
0	0	1	0	1	0	0	1	1	1	0	0	1	0	0	0
1	1	0	0	0	1	1	0	0	0	1	1	1	0	0	0
0	0	1	1	0	1	1	0	0	0	0	0	1	0	1	0
0	1	0	0	0	1	1	0	0	0	1	0	1	0	0	0
0	1	0	1	0	1	0	1	0	1	0	0	1	0	1	0
0	0	0	0	0	0	0	1	0	0	0	0	0	0	0	0
1	1	0	1	0	1	1	1	1	1	1	0	0	0	0	0
0	0	0	1	0	0	0	0	0	0	0	0	0	0	0	1
0	0	0	0	0	0	0	0	1	0	1	0	0	0	0	0
0	0	0	0	0	0	0	0	0	0	0	0	0	1	0	0
DIFF_EDGE
0 0
CHROM_NUMBER
7
EOF
