TYPE : graph_{count}
DIMENSION: 18
EDGE_DATA_FORMAT: EDGE_LIST
EDGE_WEIGHT_TYPE: EXPLICIT
EDGE_WEIGHT_FORMAT: FULL_MATRIX
EDGE_DATA_SECTION
0 4
0 5
0 7
0 8
0 10
0 13
0 15
0 17
1 2
1 3
1 4
1 5
1 7
1 8
1 9
1 13
1 15
1 16
2 6
2 14
2 17
3 5
3 6
3 7
3 8
3 13
3 15
4 6
4 7
4 9
4 15
5 7
5 8
5 9
5 13
5 14
5 15
6 7
6 9
6 10
6 13
7 8
7 9
7 11
7 15
8 9
8 10
8 13
8 15
9 10
9 12
9 13
9 15
11 13
12 15
13 15
-1
EDGE_WEIGHT_SECTION
0	0	0	0	1	1	0	1	1	0	1	0	0	1	0	1	0	1
0	0	1	1	1	1	0	1	1	1	0	0	0	1	0	1	1	0
0	1	0	0	0	0	1	0	0	0	0	0	0	0	1	0	0	1
0	1	0	0	0	1	1	1	1	0	0	0	0	1	0	1	0	0
1	1	0	0	0	0	1	1	0	1	0	0	0	0	0	1	0	0
1	1	0	1	0	0	0	1	1	1	0	0	0	1	1	1	0	0
0	0	1	1	1	0	0	1	0	1	1	0	0	1	0	0	0	0
1	1	0	1	1	1	1	0	1	1	0	1	0	0	0	1	0	0
1	1	0	1	0	1	0	1	0	1	1	0	0	1	0	1	0	0
0	1	0	0	1	1	1	1	1	0	1	0	1	1	0	1	0	0
1	0	0	0	0	0	1	0	1	1	0	0	0	0	0	0	0	0
0	0	0	0	0	0	0	1	0	0	0	0	0	1	0	0	0	0
0	0	0	0	0	0	0	0	0	1	0	0	0	0	0	1	0	0
1	1	0	1	0	1	1	0	1	1	0	1	0	1	0	1	0	0
0	0	1	0	0	1	0	0	0	0	0	0	0	0	0	0	0	0
1	1	0	1	1	1	0	1	1	1	0	0	1	1	0	1	0	0
0	1	0	0	0	0	0	0	0	0	0	0	0	0	0	0	0	0
1	0	1	0	0	0	0	0	0	0	0	0	0	0	0	0	0	0
DIFF_EDGE
0 0
CHROM_NUMBER
9
EOF
