TYPE : graph_{count}
DIMENSION: 17
EDGE_DATA_FORMAT: EDGE_LIST
EDGE_WEIGHT_TYPE: EXPLICIT
EDGE_WEIGHT_FORMAT: FULL_MATRIX
EDGE_DATA_SECTION
0 3
0 4
0 5
0 7
0 8
0 9
0 11
1 3
1 8
1 16
2 5
2 6
2 7
2 8
2 9
2 10
3 4
3 6
3 9
3 10
3 15
4 8
4 9
4 12
4 13
5 10
6 12
8 10
10 13
10 14
10 16
-1
EDGE_WEIGHT_SECTION
0	0	0	1	1	1	0	1	1	1	0	1	0	0	0	0	0
0	0	0	1	0	0	0	0	1	0	0	0	0	0	0	0	1
0	0	0	0	0	1	1	1	1	1	1	0	0	0	0	0	0
1	1	0	0	1	0	1	0	0	1	1	0	0	0	0	1	0
1	0	0	1	0	0	0	0	1	1	0	0	1	1	0	0	0
1	0	1	0	0	0	0	0	0	0	1	0	0	0	0	0	0
0	0	1	1	0	0	0	0	0	0	0	0	1	0	0	0	0
1	0	1	0	0	0	0	0	0	0	0	0	0	0	0	0	0
1	1	1	0	1	0	0	0	0	0	1	0	0	0	0	0	0
1	0	1	1	1	0	0	0	0	0	0	0	0	0	0	0	0
0	0	1	1	0	1	0	0	1	0	0	0	0	1	1	0	1
1	0	0	0	0	0	0	0	0	0	0	0	0	0	0	0	0
0	0	0	0	1	0	1	0	0	0	0	0	0	0	0	0	0
0	0	0	0	1	0	0	0	0	0	1	0	0	0	0	0	0
0	0	0	0	0	0	0	0	0	0	1	0	0	0	0	0	0
0	0	0	1	0	0	0	0	0	0	0	0	0	0	0	0	0
0	1	0	0	0	0	0	0	0	0	1	0	0	0	0	0	0
DIFF_EDGE
0 0
CHROM_NUMBER
6
EOF
