TYPE : graph_{count}
DIMENSION: 19
EDGE_DATA_FORMAT: EDGE_LIST
EDGE_WEIGHT_TYPE: EXPLICIT
EDGE_WEIGHT_FORMAT: FULL_MATRIX
EDGE_DATA_SECTION
0 4
0 6
0 7
0 9
0 10
0 18
1 4
1 11
1 15
1 18
2 3
2 6
2 7
2 10
3 5
3 17
4 5
4 8
4 9
4 10
4 18
5 6
5 7
5 8
5 11
6 8
6 9
6 12
6 13
6 15
7 9
7 14
7 16
7 17
8 10
9 10
9 18
10 16
10 18
12 14
13 18
15 18
17 18
-1
EDGE_WEIGHT_SECTION
0	0	0	0	1	0	1	1	0	1	1	0	0	0	0	0	0	0	1
0	0	0	0	1	0	0	0	0	0	0	1	0	0	0	1	0	0	1
0	0	0	1	0	0	1	1	0	0	1	0	0	0	0	0	0	0	0
0	0	1	0	0	1	0	0	0	0	0	0	0	0	0	0	0	1	0
1	1	0	0	0	1	0	0	1	1	1	0	0	0	0	0	0	0	1
0	0	0	1	1	0	1	1	1	0	0	1	0	0	0	0	0	0	0
1	0	1	0	0	1	0	0	1	1	0	0	1	1	0	1	0	0	0
1	0	1	0	0	1	0	0	0	1	0	0	0	0	1	0	1	1	0
0	0	0	0	1	1	1	0	0	0	1	0	0	0	0	0	0	0	0
1	0	0	0	1	0	1	1	0	0	1	0	0	0	0	0	0	0	1
1	0	1	0	1	0	0	0	1	1	0	0	0	0	0	0	1	0	1
0	1	0	0	0	1	0	0	0	0	0	0	0	0	0	0	0	0	0
0	0	0	0	0	0	1	0	0	0	0	0	0	0	1	0	0	0	0
0	0	0	0	0	0	1	0	0	0	0	0	0	0	0	0	0	0	1
0	0	0	0	0	0	0	1	0	0	0	0	1	0	0	0	0	0	0
0	1	0	0	0	0	1	0	0	0	0	0	0	0	0	0	0	0	1
0	0	0	0	0	0	0	1	0	0	1	0	0	0	0	0	0	0	0
0	0	0	1	0	0	0	1	0	0	0	0	0	0	0	0	0	0	1
1	1	0	0	1	0	0	0	0	1	1	0	0	1	0	1	0	1	0
DIFF_EDGE
0 0
CHROM_NUMBER
7
EOF
