TYPE : graph_{count}
DIMENSION: 19
EDGE_DATA_FORMAT: EDGE_LIST
EDGE_WEIGHT_TYPE: EXPLICIT
EDGE_WEIGHT_FORMAT: FULL_MATRIX
EDGE_DATA_SECTION
0 1
0 5
1 3
1 4
1 6
1 9
1 10
1 13
1 15
1 16
2 9
2 13
2 15
3 4
3 9
3 10
3 13
3 15
3 16
4 9
4 10
4 12
4 16
5 6
5 8
5 9
5 10
6 8
6 10
6 16
7 8
7 9
7 10
7 15
8 9
8 13
9 10
9 13
9 15
9 16
10 11
10 14
10 16
11 13
11 15
12 13
12 15
13 15
13 17
14 15
15 16
15 18
16 17
-1
EDGE_WEIGHT_SECTION
0	1	0	0	0	1	0	0	0	0	0	0	0	0	0	0	0	0	0
1	0	0	1	1	0	1	0	0	1	1	0	0	1	0	1	1	0	0
0	0	0	0	0	0	0	0	0	1	0	0	0	1	0	1	0	0	0
0	1	0	0	1	0	0	0	0	1	1	0	0	1	0	1	1	0	0
0	1	0	1	0	0	0	0	0	1	1	0	1	0	0	0	1	0	0
1	0	0	0	0	0	1	0	1	1	1	0	0	0	0	0	0	0	0
0	1	0	0	0	1	0	0	1	0	1	0	0	0	0	0	1	0	0
0	0	0	0	0	0	0	0	1	1	1	0	0	0	0	1	0	0	0
0	0	0	0	0	1	1	1	0	1	0	0	0	1	0	0	0	0	0
0	1	1	1	1	1	0	1	1	0	1	0	0	1	0	1	1	0	0
0	1	0	1	1	1	1	1	0	1	0	1	0	0	1	0	1	0	0
0	0	0	0	0	0	0	0	0	0	1	0	0	1	0	1	0	0	0
0	0	0	0	1	0	0	0	0	0	0	0	0	1	0	1	0	0	0
0	1	1	1	0	0	0	0	1	1	0	1	1	0	0	1	0	1	0
0	0	0	0	0	0	0	0	0	0	1	0	0	0	0	1	0	0	0
0	1	1	1	0	0	0	1	0	1	0	1	1	1	1	0	1	0	1
0	1	0	1	1	0	1	0	0	1	1	0	0	0	0	1	0	1	0
0	0	0	0	0	0	0	0	0	0	0	0	0	1	0	0	1	0	0
0	0	0	0	0	0	0	0	0	0	0	0	0	0	0	1	0	0	0
DIFF_EDGE
0 0
CHROM_NUMBER
8
EOF
