TYPE : graph_{count}
DIMENSION: 21
EDGE_DATA_FORMAT: EDGE_LIST
EDGE_WEIGHT_TYPE: EXPLICIT
EDGE_WEIGHT_FORMAT: FULL_MATRIX
EDGE_DATA_SECTION
0 9
0 17
0 18
1 2
1 4
1 6
1 12
1 15
1 17
1 18
2 3
2 12
2 13
2 15
2 18
3 7
3 8
3 12
3 14
3 18
4 5
4 11
4 12
4 15
4 17
5 8
5 9
5 12
5 15
5 17
5 18
5 19
6 7
6 9
6 10
6 12
6 13
6 15
6 16
6 17
7 10
7 19
8 10
8 11
8 12
8 15
8 17
10 12
10 15
10 18
11 15
11 18
12 15
12 17
12 18
13 17
14 17
15 17
15 18
16 18
16 20
17 18
-1
EDGE_WEIGHT_SECTION
0	0	0	0	0	0	0	0	0	1	0	0	0	0	0	0	0	1	1	0	0
0	0	1	0	1	0	1	0	0	0	0	0	1	0	0	1	0	1	1	0	0
0	1	0	1	0	0	0	0	0	0	0	0	1	1	0	1	0	0	1	0	0
0	0	1	0	0	0	0	1	1	0	0	0	1	0	1	0	0	0	1	0	0
0	1	0	0	0	1	0	0	0	0	0	1	1	0	0	1	0	1	0	0	0
0	0	0	0	1	0	0	0	1	1	0	0	1	0	0	1	0	1	1	1	0
0	1	0	0	0	0	0	1	0	1	1	0	1	1	0	1	1	1	0	0	0
0	0	0	1	0	0	1	0	0	0	1	0	0	0	0	0	0	0	0	1	0
0	0	0	1	0	1	0	0	0	0	1	1	1	0	0	1	0	1	0	0	0
1	0	0	0	0	1	1	0	0	0	0	0	0	0	0	0	0	0	0	0	0
0	0	0	0	0	0	1	1	1	0	0	0	1	0	0	1	0	0	1	0	0
0	0	0	0	1	0	0	0	1	0	0	0	0	0	0	1	0	0	1	0	0
0	1	1	1	1	1	1	0	1	0	1	0	0	0	0	1	0	1	1	0	0
0	0	1	0	0	0	1	0	0	0	0	0	0	0	0	0	0	1	0	0	0
0	0	0	1	0	0	0	0	0	0	0	0	0	0	0	0	0	1	0	0	0
0	1	1	0	1	1	1	0	1	0	1	1	1	0	0	0	0	1	1	0	0
0	0	0	0	0	0	1	0	0	0	0	0	0	0	0	0	0	0	1	0	1
1	1	0	0	1	1	1	0	1	0	0	0	1	1	1	1	0	0	1	0	0
1	1	1	1	0	1	0	0	0	0	1	1	1	0	0	1	1	1	1	0	0
0	0	0	0	0	1	0	1	0	0	0	0	0	0	0	0	0	0	0	0	0
0	0	0	0	0	0	0	0	0	0	0	0	0	0	0	0	1	0	0	0	0
DIFF_EDGE
0 0
CHROM_NUMBER
9
EOF
