TYPE : graph_{count}
DIMENSION: 17
EDGE_DATA_FORMAT: EDGE_LIST
EDGE_WEIGHT_TYPE: EXPLICIT
EDGE_WEIGHT_FORMAT: FULL_MATRIX
EDGE_DATA_SECTION
0 1
0 2
0 4
0 7
0 9
0 10
0 13
1 3
1 5
1 6
1 8
1 12
1 16
2 4
2 5
2 6
2 12
3 4
3 5
3 6
3 8
3 10
3 12
3 13
3 16
4 5
4 7
4 9
4 10
4 14
4 15
5 6
5 8
5 9
5 10
5 12
5 13
5 16
6 7
6 9
6 10
6 11
6 12
6 13
7 8
7 9
7 10
7 12
7 13
8 9
8 10
8 16
9 10
10 12
10 13
10 16
11 16
12 13
12 16
13 15
13 16
14 16
15 16
-1
EDGE_WEIGHT_SECTION
0	1	1	0	1	0	0	1	0	1	1	0	0	1	0	0	0
1	0	0	1	0	1	1	0	1	0	0	0	1	0	0	0	1
1	0	0	0	1	1	1	0	0	0	0	0	1	0	0	0	0
0	1	0	0	1	1	1	0	1	0	1	0	1	1	0	0	1
1	0	1	1	0	1	0	1	0	1	1	0	0	0	1	1	0
0	1	1	1	1	0	1	0	1	1	1	0	1	1	0	0	1
0	1	1	1	0	1	0	1	0	1	1	1	1	1	0	0	0
1	0	0	0	1	0	1	0	1	1	1	0	1	1	0	0	0
0	1	0	1	0	1	0	1	0	1	1	0	0	0	0	0	1
1	0	0	0	1	1	1	1	1	0	1	0	0	0	0	0	0
1	0	0	1	1	1	1	1	1	1	0	0	1	1	0	0	1
0	0	0	0	0	0	1	0	0	0	0	0	0	0	0	0	1
0	1	1	1	0	1	1	1	0	0	1	0	0	1	0	0	1
1	0	0	1	0	1	1	1	0	0	1	0	1	0	0	1	1
0	0	0	0	1	0	0	0	0	0	0	0	0	0	0	0	1
0	0	0	0	1	0	0	0	0	0	0	0	0	1	0	0	1
0	1	0	1	0	1	0	0	1	0	1	1	1	1	1	1	0
DIFF_EDGE
0 0
CHROM_NUMBER
10
EOF
