TYPE : graph_{count}
DIMENSION: 15
EDGE_DATA_FORMAT: EDGE_LIST
EDGE_WEIGHT_TYPE: EXPLICIT
EDGE_WEIGHT_FORMAT: FULL_MATRIX
EDGE_DATA_SECTION
0 3
0 5
0 8
0 10
0 11
1 2
1 4
1 7
1 12
2 4
2 6
2 7
2 8
2 11
3 4
3 5
3 6
3 9
3 11
4 5
4 6
4 8
4 10
5 8
5 14
6 9
6 14
7 8
7 9
7 10
8 10
8 11
8 13
9 10
9 11
10 11
10 12
-1
EDGE_WEIGHT_SECTION
0	0	0	1	0	1	0	0	1	0	1	1	0	0	0
0	0	1	0	1	0	0	1	0	0	0	0	1	0	0
0	1	0	0	1	0	1	1	1	0	0	1	0	0	0
1	0	0	0	1	1	1	0	0	1	0	1	0	0	0
0	1	1	1	0	1	1	0	1	0	1	0	0	0	0
1	0	0	1	1	0	0	0	1	0	0	0	0	0	1
0	0	1	1	1	0	0	0	0	1	0	0	0	0	1
0	1	1	0	0	0	0	0	1	1	1	0	0	0	0
1	0	1	0	1	1	0	1	0	0	1	1	0	1	0
0	0	0	1	0	0	1	1	0	0	1	1	0	0	0
1	0	0	0	1	0	0	1	1	1	0	1	1	0	0
1	0	1	1	0	0	0	0	1	1	1	0	0	0	0
0	1	0	0	0	0	0	0	0	0	1	0	0	0	0
0	0	0	0	0	0	0	0	1	0	0	0	0	0	0
0	0	0	0	0	1	1	0	0	0	0	0	0	0	0
DIFF_EDGE
0 0
CHROM_NUMBER
7
EOF
