TYPE : graph_{count}
DIMENSION: 16
EDGE_DATA_FORMAT: EDGE_LIST
EDGE_WEIGHT_TYPE: EXPLICIT
EDGE_WEIGHT_FORMAT: FULL_MATRIX
EDGE_DATA_SECTION
0 5
0 8
0 10
0 14
1 2
1 5
1 6
1 9
1 10
1 14
1 15
2 4
2 8
3 4
3 5
3 8
3 10
3 11
3 14
3 15
4 7
4 9
4 10
5 6
5 7
5 8
5 9
5 14
6 8
6 10
6 12
6 13
6 14
7 8
7 9
7 10
7 14
8 10
8 14
10 14
11 12
-1
EDGE_WEIGHT_SECTION
0	0	0	0	0	1	0	0	1	0	1	0	0	0	1	0
0	0	1	0	0	1	1	0	0	1	1	0	0	0	1	1
0	1	0	0	1	0	0	0	1	0	0	0	0	0	0	0
0	0	0	0	1	1	0	0	1	0	1	1	0	0	1	1
0	0	1	1	0	0	0	1	0	1	1	0	0	0	0	0
1	1	0	1	0	0	1	1	1	1	0	0	0	0	1	0
0	1	0	0	0	1	0	0	1	0	1	0	1	1	1	0
0	0	0	0	1	1	0	0	1	1	1	0	0	0	1	0
1	0	1	1	0	1	1	1	0	0	1	0	0	0	1	0
0	1	0	0	1	1	0	1	0	0	0	0	0	0	0	0
1	1	0	1	1	0	1	1	1	0	0	0	0	0	1	0
0	0	0	1	0	0	0	0	0	0	0	0	1	0	0	0
0	0	0	0	0	0	1	0	0	0	0	1	0	0	0	0
0	0	0	0	0	0	1	0	0	0	0	0	0	0	0	0
1	1	0	1	0	1	1	1	1	0	1	0	0	0	0	0
0	1	0	1	0	0	0	0	0	0	0	0	0	0	0	0
DIFF_EDGE
0 0
CHROM_NUMBER
7
EOF
