TYPE : graph_{count}
DIMENSION: 20
EDGE_DATA_FORMAT: EDGE_LIST
EDGE_WEIGHT_TYPE: EXPLICIT
EDGE_WEIGHT_FORMAT: FULL_MATRIX
EDGE_DATA_SECTION
0 1
0 3
0 7
0 11
0 14
0 19
1 3
1 9
1 10
1 13
1 14
1 15
1 17
2 15
2 16
2 17
2 18
3 9
3 12
3 13
3 15
4 8
4 9
4 10
4 11
4 14
5 6
5 7
6 7
6 8
7 9
7 14
7 15
8 12
8 13
8 14
8 15
8 18
9 13
9 14
10 15
10 19
11 13
11 15
12 13
12 14
12 15
13 14
13 15
14 15
-1
EDGE_WEIGHT_SECTION
0	1	0	1	0	0	0	1	0	0	0	1	0	0	1	0	0	0	0	1
1	0	0	1	0	0	0	0	0	1	1	0	0	1	1	1	0	1	0	0
0	0	0	0	0	0	0	0	0	0	0	0	0	0	0	1	1	1	1	0
1	1	0	0	0	0	0	0	0	1	0	0	1	1	0	1	0	0	0	0
0	0	0	0	0	0	0	0	1	1	1	1	0	0	1	0	0	0	0	0
0	0	0	0	0	0	1	1	0	0	0	0	0	0	0	0	0	0	0	0
0	0	0	0	0	1	0	1	1	0	0	0	0	0	0	0	0	0	0	0
1	0	0	0	0	1	1	0	0	1	0	0	0	0	1	1	0	0	0	0
0	0	0	0	1	0	1	0	0	0	0	0	1	1	1	1	0	0	1	0
0	1	0	1	1	0	0	1	0	0	0	0	0	1	1	0	0	0	0	0
0	1	0	0	1	0	0	0	0	0	0	0	0	0	0	1	0	0	0	1
1	0	0	0	1	0	0	0	0	0	0	0	0	1	0	1	0	0	0	0
0	0	0	1	0	0	0	0	1	0	0	0	0	1	1	1	0	0	0	0
0	1	0	1	0	0	0	0	1	1	0	1	1	1	1	1	0	0	0	0
1	1	0	0	1	0	0	1	1	1	0	0	1	1	0	1	0	0	0	0
0	1	1	1	0	0	0	1	1	0	1	1	1	1	1	1	0	0	0	0
0	0	1	0	0	0	0	0	0	0	0	0	0	0	0	0	0	0	0	0
0	1	1	0	0	0	0	0	0	0	0	0	0	0	0	0	0	0	0	0
0	0	1	0	0	0	0	0	1	0	0	0	0	0	0	0	0	0	0	0
1	0	0	0	0	0	0	0	0	0	1	0	0	0	0	0	0	0	0	0
DIFF_EDGE
0 0
CHROM_NUMBER
8
EOF
