TYPE : graph_{count}
DIMENSION: 18
EDGE_DATA_FORMAT: EDGE_LIST
EDGE_WEIGHT_TYPE: EXPLICIT
EDGE_WEIGHT_FORMAT: FULL_MATRIX
EDGE_DATA_SECTION
0 2
0 4
0 6
0 8
0 9
0 10
0 13
0 15
0 16
1 2
1 4
1 5
1 7
1 9
1 12
1 13
1 15
1 16
1 17
2 3
2 4
2 6
2 7
2 12
2 13
2 15
2 16
2 17
3 4
3 6
3 8
3 10
3 13
4 5
4 7
4 8
4 9
4 12
4 13
4 15
4 16
4 17
5 6
5 7
5 8
5 12
5 13
5 15
5 16
6 8
6 9
6 13
6 14
6 15
6 16
6 17
7 9
7 11
7 12
7 14
7 15
8 13
8 15
8 16
9 10
9 12
9 13
9 15
9 16
9 17
10 16
11 13
11 15
11 16
11 17
12 13
12 15
12 16
12 17
13 15
13 16
13 17
15 16
15 17
16 17
-1
EDGE_WEIGHT_SECTION
0	0	1	0	1	0	1	0	1	1	1	0	0	1	0	1	1	0
0	0	1	0	1	1	0	1	0	1	0	0	1	1	0	1	1	1
1	1	0	1	1	0	1	1	0	0	0	0	1	1	0	1	1	1
0	0	1	0	1	0	1	0	1	0	1	0	0	1	0	0	0	0
1	1	1	1	0	1	0	1	1	1	0	0	1	1	0	1	1	1
0	1	0	0	1	0	1	1	1	0	0	0	1	1	0	1	1	0
1	0	1	1	0	1	0	0	1	1	0	0	0	1	1	1	1	1
0	1	1	0	1	1	0	0	0	1	0	1	1	0	1	1	0	0
1	0	0	1	1	1	1	0	0	0	0	0	0	1	0	1	1	0
1	1	0	0	1	0	1	1	0	0	1	0	1	1	0	1	1	1
1	0	0	1	0	0	0	0	0	1	0	0	0	0	0	0	1	0
0	0	0	0	0	0	0	1	0	0	0	0	0	1	0	1	1	1
0	1	1	0	1	1	0	1	0	1	0	0	0	1	0	1	1	1
1	1	1	1	1	1	1	0	1	1	0	1	1	0	0	1	1	1
0	0	0	0	0	0	1	1	0	0	0	0	0	0	0	0	0	0
1	1	1	0	1	1	1	1	1	1	0	1	1	1	0	0	1	1
1	1	1	0	1	1	1	0	1	1	1	1	1	1	0	1	0	1
0	1	1	0	1	0	1	0	0	1	0	1	1	1	0	1	1	0
DIFF_EDGE
0 0
CHROM_NUMBER
11
EOF
