TYPE : graph_{count}
DIMENSION: 20
EDGE_DATA_FORMAT: EDGE_LIST
EDGE_WEIGHT_TYPE: EXPLICIT
EDGE_WEIGHT_FORMAT: FULL_MATRIX
EDGE_DATA_SECTION
0 1
0 2
0 3
0 4
0 6
0 7
0 13
0 16
0 18
1 2
1 6
1 7
1 10
1 13
1 16
1 18
2 5
2 6
2 8
2 10
2 13
2 14
2 16
2 18
3 4
3 7
3 8
3 10
3 17
3 18
4 5
4 7
4 9
5 6
5 7
5 8
5 12
5 19
6 8
6 9
6 11
6 13
6 15
6 16
7 10
7 11
7 13
7 14
7 16
7 18
8 9
8 16
10 12
10 15
11 16
12 16
12 18
13 16
13 17
13 18
13 19
14 16
15 18
16 18
-1
EDGE_WEIGHT_SECTION
0	1	1	1	1	0	1	1	0	0	0	0	0	1	0	0	1	0	1	0
1	0	1	0	0	0	1	1	0	0	1	0	0	1	0	0	1	0	1	0
1	1	0	0	0	1	1	0	1	0	1	0	0	1	1	0	1	0	1	0
1	0	0	0	1	0	0	1	1	0	1	0	0	0	0	0	0	1	1	0
1	0	0	1	0	1	0	1	0	1	0	0	0	0	0	0	0	0	0	0
0	0	1	0	1	0	1	1	1	0	0	0	1	0	0	0	0	0	0	1
1	1	1	0	0	1	0	0	1	1	0	1	0	1	0	1	1	0	0	0
1	1	0	1	1	1	0	0	0	0	1	1	0	1	1	0	1	0	1	0
0	0	1	1	0	1	1	0	0	1	0	0	0	0	0	0	1	0	0	0
0	0	0	0	1	0	1	0	1	0	0	0	0	0	0	0	0	0	0	0
0	1	1	1	0	0	0	1	0	0	0	0	1	0	0	1	0	0	0	0
0	0	0	0	0	0	1	1	0	0	0	0	0	0	0	0	1	0	0	0
0	0	0	0	0	1	0	0	0	0	1	0	0	0	0	0	1	0	1	0
1	1	1	0	0	0	1	1	0	0	0	0	0	0	0	0	1	1	1	1
0	0	1	0	0	0	0	1	0	0	0	0	0	0	0	0	1	0	0	0
0	0	0	0	0	0	1	0	0	0	1	0	0	0	0	0	0	0	1	0
1	1	1	0	0	0	1	1	1	0	0	1	1	1	1	0	1	0	1	0
0	0	0	1	0	0	0	0	0	0	0	0	0	1	0	0	0	0	0	0
1	1	1	1	0	0	0	1	0	0	0	0	1	1	0	1	1	0	0	0
0	0	0	0	0	1	0	0	0	0	0	0	0	1	0	0	0	0	0	0
DIFF_EDGE
0 0
CHROM_NUMBER
10
EOF
