TYPE : graph_{count}
DIMENSION: 20
EDGE_DATA_FORMAT: EDGE_LIST
EDGE_WEIGHT_TYPE: EXPLICIT
EDGE_WEIGHT_FORMAT: FULL_MATRIX
EDGE_DATA_SECTION
0 2
0 3
0 6
0 9
0 10
0 12
0 18
0 19
1 3
1 6
1 7
1 12
1 18
2 5
2 6
2 7
2 8
2 18
2 19
3 5
3 6
3 8
3 9
3 10
3 11
3 15
3 16
3 18
4 5
4 7
4 8
4 9
4 10
4 11
4 15
4 18
4 19
5 6
5 7
5 10
5 15
6 7
6 8
6 9
6 10
6 15
6 17
6 18
6 19
7 18
7 19
8 9
8 18
8 19
9 10
9 15
9 18
10 13
10 18
11 15
12 15
12 18
13 14
13 19
14 15
15 18
15 19
16 18
16 19
17 18
17 19
18 19
-1
EDGE_WEIGHT_SECTION
0	0	1	1	0	0	1	0	0	1	1	0	1	0	0	0	0	0	1	1
0	0	0	1	0	0	1	1	0	0	0	0	1	0	0	0	0	0	1	0
1	0	0	0	0	1	1	1	1	0	0	0	0	0	0	0	0	0	1	1
1	1	0	0	0	1	1	0	1	1	1	1	0	0	0	1	1	0	1	0
0	0	0	0	0	1	0	1	1	1	1	1	0	0	0	1	0	0	1	1
0	0	1	1	1	0	1	1	0	0	1	0	0	0	0	1	0	0	0	0
1	1	1	1	0	1	0	1	1	1	1	0	0	0	0	1	0	1	1	1
0	1	1	0	1	1	1	0	0	0	0	0	0	0	0	0	0	0	1	1
0	0	1	1	1	0	1	0	0	1	0	0	0	0	0	0	0	0	1	1
1	0	0	1	1	0	1	0	1	0	1	0	0	0	0	1	0	0	1	0
1	0	0	1	1	1	1	0	0	1	0	0	0	1	0	0	0	0	1	0
0	0	0	1	1	0	0	0	0	0	0	0	0	0	0	1	0	0	0	0
1	1	0	0	0	0	0	0	0	0	0	0	0	0	0	1	0	0	1	0
0	0	0	0	0	0	0	0	0	0	1	0	0	0	1	0	0	0	0	1
0	0	0	0	0	0	0	0	0	0	0	0	0	1	0	1	0	0	0	0
0	0	0	1	1	1	1	0	0	1	0	1	1	0	1	1	0	0	1	1
0	0	0	1	0	0	0	0	0	0	0	0	0	0	0	0	0	0	1	1
0	0	0	0	0	0	1	0	0	0	0	0	0	0	0	0	0	0	1	1
1	1	1	1	1	0	1	1	1	1	1	0	1	0	0	1	1	1	0	1
1	0	1	0	1	0	1	1	1	0	0	0	0	1	0	1	1	1	1	0
DIFF_EDGE
0 0
CHROM_NUMBER
10
EOF
