TYPE : graph_{count}
DIMENSION: 21
EDGE_DATA_FORMAT: EDGE_LIST
EDGE_WEIGHT_TYPE: EXPLICIT
EDGE_WEIGHT_FORMAT: FULL_MATRIX
EDGE_DATA_SECTION
0 1
0 2
0 3
0 4
0 5
0 6
0 11
0 12
0 13
0 15
0 16
0 19
1 2
1 4
1 5
1 6
1 9
1 11
1 12
1 13
1 15
1 16
1 19
2 5
2 6
2 8
2 9
2 11
2 12
2 13
2 15
2 16
2 19
3 5
3 6
3 7
3 8
3 10
3 12
3 15
4 5
4 7
4 10
4 11
4 16
5 8
5 9
5 10
5 11
5 12
5 13
5 15
5 16
5 19
6 10
6 11
6 13
6 16
6 19
7 8
7 12
7 15
7 19
8 9
8 10
8 13
8 19
9 10
9 11
10 13
11 12
11 15
11 16
11 17
11 18
12 13
12 14
12 15
12 16
12 19
13 15
13 16
13 18
13 19
15 16
15 19
16 20
17 19
18 19
19 20
-1
EDGE_WEIGHT_SECTION
0	1	1	1	1	1	1	0	0	0	0	1	1	1	0	1	1	0	0	1	0
1	0	1	0	1	1	1	0	0	1	0	1	1	1	0	1	1	0	0	1	0
1	1	0	0	0	1	1	0	1	1	0	1	1	1	0	1	1	0	0	1	0
1	0	0	0	0	1	1	1	1	0	1	0	1	0	0	1	0	0	0	0	0
1	1	0	0	0	1	0	1	0	0	1	1	0	0	0	0	1	0	0	0	0
1	1	1	1	1	0	0	0	1	1	1	1	1	1	0	1	1	0	0	1	0
1	1	1	1	0	0	0	0	0	0	1	1	0	1	0	0	1	0	0	1	0
0	0	0	1	1	0	0	0	1	0	0	0	1	0	0	1	0	0	0	1	0
0	0	1	1	0	1	0	1	0	1	1	0	0	1	0	0	0	0	0	1	0
0	1	1	0	0	1	0	0	1	0	1	1	0	0	0	0	0	0	0	0	0
0	0	0	1	1	1	1	0	1	1	0	0	0	1	0	0	0	0	0	0	0
1	1	1	0	1	1	1	0	0	1	0	0	1	0	0	1	1	1	1	0	0
1	1	1	1	0	1	0	1	0	0	0	1	0	1	1	1	1	0	0	1	0
1	1	1	0	0	1	1	0	1	0	1	0	1	1	0	1	1	0	1	1	0
0	0	0	0	0	0	0	0	0	0	0	0	1	0	0	0	0	0	0	0	0
1	1	1	1	0	1	0	1	0	0	0	1	1	1	0	0	1	0	0	1	0
1	1	1	0	1	1	1	0	0	0	0	1	1	1	0	1	0	0	0	0	1
0	0	0	0	0	0	0	0	0	0	0	1	0	0	0	0	0	0	0	1	0
0	0	0	0	0	0	0	0	0	0	0	1	0	1	0	0	0	0	0	1	0
1	1	1	0	0	1	1	1	1	0	0	0	1	1	0	1	0	1	1	0	1
0	0	0	0	0	0	0	0	0	0	0	0	0	0	0	0	1	0	0	1	0
DIFF_EDGE
0 0
CHROM_NUMBER
12
EOF
