TYPE : graph_{count}
DIMENSION: 20
EDGE_DATA_FORMAT: EDGE_LIST
EDGE_WEIGHT_TYPE: EXPLICIT
EDGE_WEIGHT_FORMAT: FULL_MATRIX
EDGE_DATA_SECTION
0 1
0 3
0 7
0 9
0 10
0 15
0 19
1 3
1 7
1 17
2 6
2 8
2 10
2 13
3 6
3 9
3 10
3 13
3 14
4 6
4 7
4 8
4 9
4 14
4 19
5 7
5 17
6 9
7 10
8 9
9 10
9 18
9 19
10 11
10 12
11 16
12 19
13 19
-1
EDGE_WEIGHT_SECTION
0	1	0	1	0	0	0	1	0	1	1	0	0	0	0	1	0	0	0	1
1	0	0	1	0	0	0	1	0	0	0	0	0	0	0	0	0	1	0	0
0	0	0	0	0	0	1	0	1	0	1	0	0	1	0	0	0	0	0	0
1	1	0	0	0	0	1	0	0	1	1	0	0	1	1	0	0	0	0	0
0	0	0	0	0	0	1	1	1	1	0	0	0	0	1	0	0	0	0	1
0	0	0	0	0	0	0	1	0	0	0	0	0	0	0	0	0	1	0	0
0	0	1	1	1	0	0	0	0	1	0	0	0	0	0	0	0	0	0	0
1	1	0	0	1	1	0	0	0	0	1	0	0	0	0	0	0	0	0	0
0	0	1	0	1	0	0	0	0	1	0	0	0	0	0	0	0	0	0	0
1	0	0	1	1	0	1	0	1	0	1	0	0	0	0	0	0	0	1	1
1	0	1	1	0	0	0	1	0	1	0	1	1	0	0	0	0	0	0	0
0	0	0	0	0	0	0	0	0	0	1	0	0	0	0	0	1	0	0	0
0	0	0	0	0	0	0	0	0	0	1	0	0	0	0	0	0	0	0	1
0	0	1	1	0	0	0	0	0	0	0	0	0	0	0	0	0	0	0	1
0	0	0	1	1	0	0	0	0	0	0	0	0	0	0	0	0	0	0	0
1	0	0	0	0	0	0	0	0	0	0	0	0	0	0	0	0	0	0	0
0	0	0	0	0	0	0	0	0	0	0	1	0	0	0	0	0	0	0	0
0	1	0	0	0	1	0	0	0	0	0	0	0	0	0	0	0	0	0	0
0	0	0	0	0	0	0	0	0	1	0	0	0	0	0	0	0	0	0	0
1	0	0	0	1	0	0	0	0	1	0	0	1	1	0	0	0	0	0	0
DIFF_EDGE
0 0
CHROM_NUMBER
6
EOF
