TYPE : graph_{count}
DIMENSION: 19
EDGE_DATA_FORMAT: EDGE_LIST
EDGE_WEIGHT_TYPE: EXPLICIT
EDGE_WEIGHT_FORMAT: FULL_MATRIX
EDGE_DATA_SECTION
0 1
0 9
0 12
0 13
0 14
0 16
1 2
1 5
1 7
1 9
1 10
1 15
1 17
2 5
2 10
2 12
3 5
3 6
3 7
3 9
3 12
3 13
3 14
3 16
3 17
3 18
4 9
4 10
4 13
4 15
5 8
5 9
5 10
5 12
5 13
5 16
5 17
5 18
6 7
6 8
6 9
6 10
6 18
7 9
7 12
8 10
8 16
8 17
9 12
9 13
9 16
9 17
9 18
10 11
11 12
11 13
11 16
11 17
11 18
12 13
12 16
12 17
12 18
13 16
13 17
13 18
14 16
14 18
15 16
15 17
16 17
16 18
17 18
-1
EDGE_WEIGHT_SECTION
0	1	0	0	0	0	0	0	0	1	0	0	1	1	1	0	1	0	0
1	0	1	0	0	1	0	1	0	1	1	0	0	0	0	1	0	1	0
0	1	0	0	0	1	0	0	0	0	1	0	1	0	0	0	0	0	0
0	0	0	0	0	1	1	1	0	1	0	0	1	1	1	0	1	1	1
0	0	0	0	0	0	0	0	0	1	1	0	0	1	0	1	0	0	0
0	1	1	1	0	0	0	0	1	1	1	0	1	1	0	0	1	1	1
0	0	0	1	0	0	0	1	1	1	1	0	0	0	0	0	0	0	1
0	1	0	1	0	0	1	0	0	1	0	0	1	0	0	0	0	0	0
0	0	0	0	0	1	1	0	0	0	1	0	0	0	0	0	1	1	0
1	1	0	1	1	1	1	1	0	0	0	0	1	1	0	0	1	1	1
0	1	1	0	1	1	1	0	1	0	0	1	0	0	0	0	0	0	0
0	0	0	0	0	0	0	0	0	0	1	0	1	1	0	0	1	1	1
1	0	1	1	0	1	0	1	0	1	0	1	0	1	0	0	1	1	1
1	0	0	1	1	1	0	0	0	1	0	1	1	0	0	0	1	1	1
1	0	0	1	0	0	0	0	0	0	0	0	0	0	0	0	1	0	1
0	1	0	0	1	0	0	0	0	0	0	0	0	0	0	0	1	1	0
1	0	0	1	0	1	0	0	1	1	0	1	1	1	1	1	0	1	1
0	1	0	1	0	1	0	0	1	1	0	1	1	1	0	1	1	0	1
0	0	0	1	0	1	1	0	0	1	0	1	1	1	1	0	1	1	0
DIFF_EDGE
0 0
CHROM_NUMBER
10
EOF
