TYPE : graph_{count}
DIMENSION: 16
EDGE_DATA_FORMAT: EDGE_LIST
EDGE_WEIGHT_TYPE: EXPLICIT
EDGE_WEIGHT_FORMAT: FULL_MATRIX
EDGE_DATA_SECTION
0 3
0 8
0 10
0 13
1 3
1 4
1 7
1 8
2 7
2 8
2 15
3 5
3 6
3 7
3 10
3 15
4 7
4 8
4 9
4 13
5 6
5 11
5 12
6 10
6 14
7 8
7 9
7 10
7 13
8 9
8 10
8 13
9 10
9 11
9 14
10 13
11 13
12 13
-1
EDGE_WEIGHT_SECTION
0	0	0	1	0	0	0	0	1	0	1	0	0	1	0	0
0	0	0	1	1	0	0	1	1	0	0	0	0	0	0	0
0	0	0	0	0	0	0	1	1	0	0	0	0	0	0	1
1	1	0	0	0	1	1	1	0	0	1	0	0	0	0	1
0	1	0	0	0	0	0	1	1	1	0	0	0	1	0	0
0	0	0	1	0	0	1	0	0	0	0	1	1	0	0	0
0	0	0	1	0	1	0	0	0	0	1	0	0	0	1	0
0	1	1	1	1	0	0	0	1	1	1	0	0	1	0	0
1	1	1	0	1	0	0	1	0	1	1	0	0	1	0	0
0	0	0	0	1	0	0	1	1	0	1	1	0	0	1	0
1	0	0	1	0	0	1	1	1	1	0	0	0	1	0	0
0	0	0	0	0	1	0	0	0	1	0	0	0	1	0	0
0	0	0	0	0	1	0	0	0	0	0	0	0	1	0	0
1	0	0	0	1	0	0	1	1	0	1	1	1	0	0	0
0	0	0	0	0	0	1	0	0	1	0	0	0	0	0	0
0	0	1	1	0	0	0	0	0	0	0	0	0	0	0	0
DIFF_EDGE
0 0
CHROM_NUMBER
6
EOF
