TYPE : graph_{count}
DIMENSION: 19
EDGE_DATA_FORMAT: EDGE_LIST
EDGE_WEIGHT_TYPE: EXPLICIT
EDGE_WEIGHT_FORMAT: FULL_MATRIX
EDGE_DATA_SECTION
0 1
0 4
0 5
0 6
0 7
0 9
0 16
0 17
1 2
1 4
1 6
1 10
1 12
1 14
1 15
2 3
2 7
3 6
3 7
3 15
3 17
4 9
4 10
5 6
5 8
6 8
6 13
6 15
7 8
7 9
7 12
7 15
7 17
7 18
8 9
9 10
9 15
10 11
10 13
10 15
10 17
12 15
14 17
15 16
15 17
-1
EDGE_WEIGHT_SECTION
0	1	0	0	1	1	1	1	0	1	0	0	0	0	0	0	1	1	0
1	0	1	0	1	0	1	0	0	0	1	0	1	0	1	1	0	0	0
0	1	0	1	0	0	0	1	0	0	0	0	0	0	0	0	0	0	0
0	0	1	0	0	0	1	1	0	0	0	0	0	0	0	1	0	1	0
1	1	0	0	0	0	0	0	0	1	1	0	0	0	0	0	0	0	0
1	0	0	0	0	0	1	0	1	0	0	0	0	0	0	0	0	0	0
1	1	0	1	0	1	0	0	1	0	0	0	0	1	0	1	0	0	0
1	0	1	1	0	0	0	0	1	1	0	0	1	0	0	1	0	1	1
0	0	0	0	0	1	1	1	0	1	0	0	0	0	0	0	0	0	0
1	0	0	0	1	0	0	1	1	0	1	0	0	0	0	1	0	0	0
0	1	0	0	1	0	0	0	0	1	0	1	0	1	0	1	0	1	0
0	0	0	0	0	0	0	0	0	0	1	0	0	0	0	0	0	0	0
0	1	0	0	0	0	0	1	0	0	0	0	0	0	0	1	0	0	0
0	0	0	0	0	0	1	0	0	0	1	0	0	0	0	0	0	0	0
0	1	0	0	0	0	0	0	0	0	0	0	0	0	0	0	0	1	0
0	1	0	1	0	0	1	1	0	1	1	0	1	0	0	0	1	1	0
1	0	0	0	0	0	0	0	0	0	0	0	0	0	0	1	0	0	0
1	0	0	1	0	0	0	1	0	0	1	0	0	0	1	1	0	0	0
0	0	0	0	0	0	0	1	0	0	0	0	0	0	0	0	0	0	0
DIFF_EDGE
0 0
CHROM_NUMBER
7
EOF
