TYPE : graph_{count}
DIMENSION: 16
EDGE_DATA_FORMAT: EDGE_LIST
EDGE_WEIGHT_TYPE: EXPLICIT
EDGE_WEIGHT_FORMAT: FULL_MATRIX
EDGE_DATA_SECTION
0 1
0 3
0 6
0 9
0 13
1 4
1 10
1 11
1 12
1 13
2 3
2 4
2 5
2 7
2 14
3 8
3 11
3 13
4 6
4 9
4 10
4 11
4 12
4 13
5 7
5 8
5 9
6 7
6 8
6 9
6 11
6 12
6 13
7 8
7 9
7 11
7 12
8 9
8 10
8 12
8 13
9 11
9 12
9 13
10 11
10 15
11 12
11 13
12 13
13 14
-1
EDGE_WEIGHT_SECTION
0	1	0	1	0	0	1	0	0	1	0	0	0	1	0	0
1	0	0	0	1	0	0	0	0	0	1	1	1	1	0	0
0	0	0	1	1	1	0	1	0	0	0	0	0	0	1	0
1	0	1	0	0	0	0	0	1	0	0	1	0	1	0	0
0	1	1	0	0	0	1	0	0	1	1	1	1	1	0	0
0	0	1	0	0	0	0	1	1	1	0	0	0	0	0	0
1	0	0	0	1	0	0	1	1	1	0	1	1	1	0	0
0	0	1	0	0	1	1	0	1	1	0	1	1	0	0	0
0	0	0	1	0	1	1	1	0	1	1	0	1	1	0	0
1	0	0	0	1	1	1	1	1	0	0	1	1	1	0	0
0	1	0	0	1	0	0	0	1	0	0	1	0	0	0	1
0	1	0	1	1	0	1	1	0	1	1	0	1	1	0	0
0	1	0	0	1	0	1	1	1	1	0	1	1	1	0	0
1	1	0	1	1	0	1	0	1	1	0	1	1	1	1	0
0	0	1	0	0	0	0	0	0	0	0	0	0	1	0	0
0	0	0	0	0	0	0	0	0	0	1	0	0	0	0	0
DIFF_EDGE
0 0
CHROM_NUMBER
9
EOF
