TYPE : graph_{count}
DIMENSION: 21
EDGE_DATA_FORMAT: EDGE_LIST
EDGE_WEIGHT_TYPE: EXPLICIT
EDGE_WEIGHT_FORMAT: FULL_MATRIX
EDGE_DATA_SECTION
0 6
0 10
0 13
0 16
1 4
1 5
1 6
1 9
1 10
1 13
1 16
2 3
2 5
2 6
2 9
2 16
3 5
3 7
3 8
3 9
3 10
3 16
4 7
4 8
4 18
5 8
5 9
5 10
6 10
7 8
7 10
7 11
7 16
8 9
8 15
8 16
9 10
9 14
9 16
9 18
10 12
10 15
10 16
11 19
12 16
13 16
14 17
14 20
16 19
-1
EDGE_WEIGHT_SECTION
0	0	0	0	0	0	1	0	0	0	1	0	0	1	0	0	1	0	0	0	0
0	0	0	0	1	1	1	0	0	1	1	0	0	1	0	0	1	0	0	0	0
0	0	0	1	0	1	1	0	0	1	0	0	0	0	0	0	1	0	0	0	0
0	0	1	0	0	1	0	1	1	1	1	0	0	0	0	0	1	0	0	0	0
0	1	0	0	0	0	0	1	1	0	0	0	0	0	0	0	0	0	1	0	0
0	1	1	1	0	0	0	0	1	1	1	0	0	0	0	0	0	0	0	0	0
1	1	1	0	0	0	0	0	0	0	1	0	0	0	0	0	0	0	0	0	0
0	0	0	1	1	0	0	0	1	0	1	1	0	0	0	0	1	0	0	0	0
0	0	0	1	1	1	0	1	0	1	0	0	0	0	0	1	1	0	0	0	0
0	1	1	1	0	1	0	0	1	0	1	0	0	0	1	0	1	0	1	0	0
1	1	0	1	0	1	1	1	0	1	0	0	1	0	0	1	1	0	0	0	0
0	0	0	0	0	0	0	1	0	0	0	0	0	0	0	0	0	0	0	1	0
0	0	0	0	0	0	0	0	0	0	1	0	0	0	0	0	1	0	0	0	0
1	1	0	0	0	0	0	0	0	0	0	0	0	0	0	0	1	0	0	0	0
0	0	0	0	0	0	0	0	0	1	0	0	0	0	0	0	0	1	0	0	1
0	0	0	0	0	0	0	0	1	0	1	0	0	0	0	0	0	0	0	0	0
1	1	1	1	0	0	0	1	1	1	1	0	1	1	0	0	0	0	0	1	0
0	0	0	0	0	0	0	0	0	0	0	0	0	0	1	0	0	0	0	0	0
0	0	0	0	1	0	0	0	0	1	0	0	0	0	0	0	0	0	0	0	0
0	0	0	0	0	0	0	0	0	0	0	1	0	0	0	0	1	0	0	0	0
0	0	0	0	0	0	0	0	0	0	0	0	0	0	1	0	0	0	0	0	0
DIFF_EDGE
0 0
CHROM_NUMBER
7
EOF
