TYPE : graph_{count}
DIMENSION: 20
EDGE_DATA_FORMAT: EDGE_LIST
EDGE_WEIGHT_TYPE: EXPLICIT
EDGE_WEIGHT_FORMAT: FULL_MATRIX
EDGE_DATA_SECTION
0 1
0 5
0 8
0 10
0 12
0 14
0 17
1 2
1 3
1 4
1 5
1 10
2 4
2 7
2 8
2 9
2 11
2 17
3 8
3 9
3 11
3 12
3 15
3 17
3 19
4 6
4 7
4 8
4 12
4 14
4 17
5 7
5 12
5 17
6 7
6 8
6 13
7 8
7 14
7 17
8 10
8 12
8 14
8 17
9 10
9 17
11 12
11 14
11 17
11 18
12 14
12 16
13 14
13 15
13 17
14 17
15 17
15 19
16 17
-1
EDGE_WEIGHT_SECTION
0	1	0	0	0	1	0	0	1	0	1	0	1	0	1	0	0	1	0	0
1	0	1	1	1	1	0	0	0	0	1	0	0	0	0	0	0	0	0	0
0	1	0	0	1	0	0	1	1	1	0	1	0	0	0	0	0	1	0	0
0	1	0	0	0	0	0	0	1	1	0	1	1	0	0	1	0	1	0	1
0	1	1	0	0	0	1	1	1	0	0	0	1	0	1	0	0	1	0	0
1	1	0	0	0	0	0	1	0	0	0	0	1	0	0	0	0	1	0	0
0	0	0	0	1	0	0	1	1	0	0	0	0	1	0	0	0	0	0	0
0	0	1	0	1	1	1	0	1	0	0	0	0	0	1	0	0	1	0	0
1	0	1	1	1	0	1	1	0	0	1	0	1	0	1	0	0	1	0	0
0	0	1	1	0	0	0	0	0	0	1	0	0	0	0	0	0	1	0	0
1	1	0	0	0	0	0	0	1	1	0	0	0	0	0	0	0	0	0	0
0	0	1	1	0	0	0	0	0	0	0	0	1	0	1	0	0	1	1	0
1	0	0	1	1	1	0	0	1	0	0	1	0	0	1	0	1	0	0	0
0	0	0	0	0	0	1	0	0	0	0	0	0	0	1	1	0	1	0	0
1	0	0	0	1	0	0	1	1	0	0	1	1	1	0	0	0	1	0	0
0	0	0	1	0	0	0	0	0	0	0	0	0	1	0	0	0	1	0	1
0	0	0	0	0	0	0	0	0	0	0	0	1	0	0	0	0	1	0	0
1	0	1	1	1	1	0	1	1	1	0	1	0	1	1	1	1	1	0	0
0	0	0	0	0	0	0	0	0	0	0	1	0	0	0	0	0	0	0	0
0	0	0	1	0	0	0	0	0	0	0	0	0	0	0	1	0	0	0	0
DIFF_EDGE
0 0
CHROM_NUMBER
9
EOF
