TYPE : graph_{count}
DIMENSION: 16
EDGE_DATA_FORMAT: EDGE_LIST
EDGE_WEIGHT_TYPE: EXPLICIT
EDGE_WEIGHT_FORMAT: FULL_MATRIX
EDGE_DATA_SECTION
0 1
0 3
0 4
0 5
0 8
0 9
0 10
0 11
0 12
0 13
1 2
1 3
1 7
1 8
1 9
1 10
1 12
1 14
1 15
2 3
2 7
2 8
2 9
2 12
3 4
3 5
3 6
3 8
3 12
3 14
4 5
4 9
4 10
4 12
4 14
5 6
5 8
6 10
6 12
6 14
7 8
7 13
8 10
8 12
8 14
9 14
10 12
11 12
11 14
12 14
13 14
-1
EDGE_WEIGHT_SECTION
0	1	0	1	1	1	0	0	1	1	1	1	1	1	0	0
1	0	1	1	0	0	0	1	1	1	1	0	1	0	1	1
0	1	0	1	0	0	0	1	1	1	0	0	1	0	0	0
1	1	1	0	1	1	1	0	1	0	0	0	1	0	1	0
1	0	0	1	0	1	0	0	0	1	1	0	1	0	1	0
1	0	0	1	1	0	1	0	1	0	0	0	0	0	0	0
0	0	0	1	0	1	0	0	0	0	1	0	1	0	1	0
0	1	1	0	0	0	0	0	1	0	0	0	0	1	0	0
1	1	1	1	0	1	0	1	0	0	1	0	1	0	1	0
1	1	1	0	1	0	0	0	0	0	0	0	0	0	1	0
1	1	0	0	1	0	1	0	1	0	0	0	1	0	0	0
1	0	0	0	0	0	0	0	0	0	0	0	1	0	1	0
1	1	1	1	1	0	1	0	1	0	1	1	0	0	1	0
1	0	0	0	0	0	0	1	0	0	0	0	0	0	1	0
0	1	0	1	1	0	1	0	1	1	0	1	1	1	0	0
0	1	0	0	0	0	0	0	0	0	0	0	0	0	0	0
DIFF_EDGE
0 0
CHROM_NUMBER
8
EOF
