TYPE : graph_{count}
DIMENSION: 17
EDGE_DATA_FORMAT: EDGE_LIST
EDGE_WEIGHT_TYPE: EXPLICIT
EDGE_WEIGHT_FORMAT: FULL_MATRIX
EDGE_DATA_SECTION
0 5
0 6
0 10
0 13
0 16
1 2
1 3
1 5
1 8
1 10
1 11
1 15
1 16
2 3
2 4
2 5
2 6
2 9
2 10
2 11
2 16
3 4
3 6
3 7
3 10
3 11
3 13
3 16
4 7
4 11
4 12
5 7
5 8
5 9
5 11
6 7
6 8
6 9
6 11
6 16
7 8
7 10
8 12
9 10
9 11
10 16
11 14
12 16
14 16
-1
EDGE_WEIGHT_SECTION
0	0	0	0	0	1	1	0	0	0	1	0	0	1	0	0	1
0	0	1	1	0	1	0	0	1	0	1	1	0	0	0	1	1
0	1	0	1	1	1	1	0	0	1	1	1	0	0	0	0	1
0	1	1	0	1	0	1	1	0	0	1	1	0	1	0	0	1
0	0	1	1	0	0	0	1	0	0	0	1	1	0	0	0	0
1	1	1	0	0	0	0	1	1	1	0	1	0	0	0	0	0
1	0	1	1	0	0	0	1	1	1	0	1	0	0	0	0	1
0	0	0	1	1	1	1	0	1	0	1	0	0	0	0	0	0
0	1	0	0	0	1	1	1	0	0	0	0	1	0	0	0	0
0	0	1	0	0	1	1	0	0	0	1	1	0	0	0	0	0
1	1	1	1	0	0	0	1	0	1	0	0	0	0	0	0	1
0	1	1	1	1	1	1	0	0	1	0	0	0	0	1	0	0
0	0	0	0	1	0	0	0	1	0	0	0	0	0	0	0	1
1	0	0	1	0	0	0	0	0	0	0	0	0	0	0	0	0
0	0	0	0	0	0	0	0	0	0	0	1	0	0	0	0	1
0	1	0	0	0	0	0	0	0	0	0	0	0	0	0	0	0
1	1	1	1	0	0	1	0	0	0	1	0	1	0	1	0	0
DIFF_EDGE
0 0
CHROM_NUMBER
9
EOF
