TYPE : graph_{count}
DIMENSION: 20
EDGE_DATA_FORMAT: EDGE_LIST
EDGE_WEIGHT_TYPE: EXPLICIT
EDGE_WEIGHT_FORMAT: FULL_MATRIX
EDGE_DATA_SECTION
0 2
0 4
0 6
0 7
0 8
0 9
0 10
0 12
0 13
0 15
0 17
0 18
1 5
1 9
1 10
1 13
1 15
2 3
2 6
2 7
2 8
2 18
3 7
3 8
3 9
3 12
3 13
3 18
4 9
4 10
4 11
4 13
4 14
4 17
5 10
6 7
6 8
6 9
6 10
6 12
6 13
6 15
6 17
6 18
6 19
7 10
7 15
7 17
8 9
8 12
8 13
8 14
8 15
8 17
9 12
9 13
9 15
9 17
9 18
10 13
10 15
10 17
10 18
11 12
12 13
12 15
12 16
13 15
13 17
13 18
14 15
14 17
14 18
15 17
15 18
16 17
16 18
17 18
-1
EDGE_WEIGHT_SECTION
0	0	1	0	1	0	1	1	1	1	1	0	1	1	0	1	0	1	1	0
0	0	0	0	0	1	0	0	0	1	1	0	0	1	0	1	0	0	0	0
1	0	0	1	0	0	1	1	1	0	0	0	0	0	0	0	0	0	1	0
0	0	1	0	0	0	0	1	1	1	0	0	1	1	0	0	0	0	1	0
1	0	0	0	0	0	0	0	0	1	1	1	0	1	1	0	0	1	0	0
0	1	0	0	0	0	0	0	0	0	1	0	0	0	0	0	0	0	0	0
1	0	1	0	0	0	0	1	1	1	1	0	1	1	0	1	0	1	1	1
1	0	1	1	0	0	1	0	0	0	1	0	0	0	0	1	0	1	0	0
1	0	1	1	0	0	1	0	0	1	0	0	1	1	1	1	0	1	0	0
1	1	0	1	1	0	1	0	1	0	0	0	1	1	0	1	0	1	1	0
1	1	0	0	1	1	1	1	0	0	0	0	0	1	0	1	0	1	1	0
0	0	0	0	1	0	0	0	0	0	0	0	1	0	0	0	0	0	0	0
1	0	0	1	0	0	1	0	1	1	0	1	0	1	0	1	1	0	0	0
1	1	0	1	1	0	1	0	1	1	1	0	1	1	0	1	0	1	1	0
0	0	0	0	1	0	0	0	1	0	0	0	0	0	0	1	0	1	1	0
1	1	0	0	0	0	1	1	1	1	1	0	1	1	1	0	0	1	1	0
0	0	0	0	0	0	0	0	0	0	0	0	1	0	0	0	0	1	1	0
1	0	0	0	1	0	1	1	1	1	1	0	0	1	1	1	1	0	1	0
1	0	1	1	0	0	1	0	0	1	1	0	0	1	1	1	1	1	0	0
0	0	0	0	0	0	1	0	0	0	0	0	0	0	0	0	0	0	0	0
DIFF_EDGE
0 0
CHROM_NUMBER
11
EOF
