TYPE : graph_{count}
DIMENSION: 18
EDGE_DATA_FORMAT: EDGE_LIST
EDGE_WEIGHT_TYPE: EXPLICIT
EDGE_WEIGHT_FORMAT: FULL_MATRIX
EDGE_DATA_SECTION
0 3
0 8
1 2
1 5
1 7
1 10
1 14
1 17
2 5
2 10
2 11
3 4
3 5
3 6
3 8
3 11
3 14
3 17
4 5
4 6
4 9
4 10
4 17
5 6
5 7
5 9
5 10
5 14
5 17
6 7
6 14
7 8
8 10
9 10
9 17
10 12
10 13
10 14
10 16
10 17
11 14
11 15
11 17
12 14
12 17
14 17
-1
EDGE_WEIGHT_SECTION
0	0	0	1	0	0	0	0	1	0	0	0	0	0	0	0	0	0
0	0	1	0	0	1	0	1	0	0	1	0	0	0	1	0	0	1
0	1	0	0	0	1	0	0	0	0	1	1	0	0	0	0	0	0
1	0	0	0	1	1	1	0	1	0	0	1	0	0	1	0	0	1
0	0	0	1	0	1	1	0	0	1	1	0	0	0	0	0	0	1
0	1	1	1	1	0	1	1	0	1	1	0	0	0	1	0	0	1
0	0	0	1	1	1	0	1	0	0	0	0	0	0	1	0	0	0
0	1	0	0	0	1	1	0	1	0	0	0	0	0	0	0	0	0
1	0	0	1	0	0	0	1	0	0	1	0	0	0	0	0	0	0
0	0	0	0	1	1	0	0	0	0	1	0	0	0	0	0	0	1
0	1	1	0	1	1	0	0	1	1	0	0	1	1	1	0	1	1
0	0	1	1	0	0	0	0	0	0	0	0	0	0	1	1	0	1
0	0	0	0	0	0	0	0	0	0	1	0	0	0	1	0	0	1
0	0	0	0	0	0	0	0	0	0	1	0	0	0	0	0	0	0
0	1	0	1	0	1	1	0	0	0	1	1	1	0	0	0	0	1
0	0	0	0	0	0	0	0	0	0	0	1	0	0	0	0	0	0
0	0	0	0	0	0	0	0	0	0	1	0	0	0	0	0	0	0
0	1	0	1	1	1	0	0	0	1	1	1	1	0	1	0	0	1
DIFF_EDGE
0 0
CHROM_NUMBER
7
EOF
