TYPE : graph_{count}
DIMENSION: 20
EDGE_DATA_FORMAT: EDGE_LIST
EDGE_WEIGHT_TYPE: EXPLICIT
EDGE_WEIGHT_FORMAT: FULL_MATRIX
EDGE_DATA_SECTION
0 4
0 5
0 8
0 9
0 10
0 16
1 2
1 4
1 7
1 9
1 14
1 15
1 16
2 4
2 6
2 7
2 8
2 9
2 18
3 4
3 5
3 6
3 7
3 9
3 10
3 13
3 17
4 6
4 14
5 6
5 7
5 8
5 9
5 12
5 14
5 16
6 7
6 14
6 16
7 19
8 10
9 11
9 14
9 16
10 19
11 14
11 16
13 14
13 16
14 16
15 16
-1
EDGE_WEIGHT_SECTION
0	0	0	0	1	1	0	0	1	1	1	0	0	0	0	0	1	0	0	0
0	0	1	0	1	0	0	1	0	1	0	0	0	0	1	1	1	0	0	0
0	1	0	0	1	0	1	1	1	1	0	0	0	0	0	0	0	0	1	0
0	0	0	0	1	1	1	1	0	1	1	0	0	1	0	0	0	1	0	0
1	1	1	1	0	0	1	0	0	0	0	0	0	0	1	0	0	0	0	0
1	0	0	1	0	0	1	1	1	1	0	0	1	0	1	0	1	0	0	0
0	0	1	1	1	1	0	1	0	0	0	0	0	0	1	0	1	0	0	0
0	1	1	1	0	1	1	0	0	0	0	0	0	0	0	0	0	0	0	1
1	0	1	0	0	1	0	0	0	0	1	0	0	0	0	0	0	0	0	0
1	1	1	1	0	1	0	0	0	0	0	1	0	0	1	0	1	0	0	0
1	0	0	1	0	0	0	0	1	0	0	0	0	0	0	0	0	0	0	1
0	0	0	0	0	0	0	0	0	1	0	0	0	0	1	0	1	0	0	0
0	0	0	0	0	1	0	0	0	0	0	0	0	0	0	0	0	0	0	0
0	0	0	1	0	0	0	0	0	0	0	0	0	0	1	0	1	0	0	0
0	1	0	0	1	1	1	0	0	1	0	1	0	1	0	0	1	0	0	0
0	1	0	0	0	0	0	0	0	0	0	0	0	0	0	0	1	0	0	0
1	1	0	0	0	1	1	0	0	1	0	1	0	1	1	1	1	0	0	0
0	0	0	1	0	0	0	0	0	0	0	0	0	0	0	0	0	0	0	0
0	0	1	0	0	0	0	0	0	0	0	0	0	0	0	0	0	0	0	0
0	0	0	0	0	0	0	1	0	0	1	0	0	0	0	0	0	0	0	0
DIFF_EDGE
0 0
CHROM_NUMBER
8
EOF
