TYPE : graph_{count}
DIMENSION: 21
EDGE_DATA_FORMAT: EDGE_LIST
EDGE_WEIGHT_TYPE: EXPLICIT
EDGE_WEIGHT_FORMAT: FULL_MATRIX
EDGE_DATA_SECTION
0 1
0 4
0 7
0 8
0 9
0 10
0 12
0 17
0 18
0 19
0 20
1 2
1 5
1 7
1 8
1 10
1 12
1 14
1 17
1 19
2 8
2 9
2 16
2 17
2 20
3 5
3 6
3 8
4 5
4 6
4 7
4 8
4 9
4 10
4 11
4 12
4 18
5 7
5 10
5 12
5 16
5 19
5 20
6 7
6 8
6 10
6 15
6 17
7 8
7 9
7 13
7 17
7 18
8 9
8 12
8 17
8 18
8 19
8 20
9 10
9 12
9 18
9 19
10 12
10 18
10 19
10 20
11 17
12 13
12 17
12 18
12 19
12 20
13 19
13 20
14 18
14 19
14 20
15 18
17 18
17 19
17 20
18 19
18 20
19 20
-1
EDGE_WEIGHT_SECTION
0	1	0	0	1	0	0	1	1	1	1	0	1	0	0	0	0	1	1	1	1
1	0	1	0	0	1	0	1	1	0	1	0	1	0	1	0	0	1	0	1	0
0	1	0	0	0	0	0	0	1	1	0	0	0	0	0	0	1	1	0	0	1
0	0	0	0	0	1	1	0	1	0	0	0	0	0	0	0	0	0	0	0	0
1	0	0	0	0	1	1	1	1	1	1	1	1	0	0	0	0	0	1	0	0
0	1	0	1	1	0	0	1	0	0	1	0	1	0	0	0	1	0	0	1	1
0	0	0	1	1	0	0	1	1	0	1	0	0	0	0	1	0	1	0	0	0
1	1	0	0	1	1	1	0	1	1	0	0	0	1	0	0	0	1	1	0	0
1	1	1	1	1	0	1	1	0	1	0	0	1	0	0	0	0	1	1	1	1
1	0	1	0	1	0	0	1	1	0	1	0	1	0	0	0	0	0	1	1	0
1	1	0	0	1	1	1	0	0	1	0	0	1	0	0	0	0	0	1	1	1
0	0	0	0	1	0	0	0	0	0	0	0	0	0	0	0	0	1	0	0	0
1	1	0	0	1	1	0	0	1	1	1	0	0	1	0	0	0	1	1	1	1
0	0	0	0	0	0	0	1	0	0	0	0	1	0	0	0	0	0	0	1	1
0	1	0	0	0	0	0	0	0	0	0	0	0	0	0	0	0	0	1	1	1
0	0	0	0	0	0	1	0	0	0	0	0	0	0	0	0	0	0	1	0	0
0	0	1	0	0	1	0	0	0	0	0	0	0	0	0	0	0	0	0	0	0
1	1	1	0	0	0	1	1	1	0	0	1	1	0	0	0	0	0	1	1	1
1	0	0	0	1	0	0	1	1	1	1	0	1	0	1	1	0	1	0	1	1
1	1	0	0	0	1	0	0	1	1	1	0	1	1	1	0	0	1	1	1	1
1	0	1	0	0	1	0	0	1	0	1	0	1	1	1	0	0	1	1	1	1
DIFF_EDGE
0 0
CHROM_NUMBER
12
EOF
