TYPE : graph_{count}
DIMENSION: 19
EDGE_DATA_FORMAT: EDGE_LIST
EDGE_WEIGHT_TYPE: EXPLICIT
EDGE_WEIGHT_FORMAT: FULL_MATRIX
EDGE_DATA_SECTION
0 1
0 4
0 7
0 8
0 10
0 11
0 14
1 3
1 6
1 7
1 10
1 14
2 8
2 14
3 9
3 13
3 14
4 5
4 6
4 8
4 10
4 14
4 15
5 10
5 14
6 13
6 14
7 12
7 14
7 17
8 9
8 14
9 14
9 15
9 16
9 17
10 14
10 16
14 18
-1
EDGE_WEIGHT_SECTION
0	1	0	0	1	0	0	1	1	0	1	1	0	0	1	0	0	0	0
1	0	0	1	0	0	1	1	0	0	1	0	0	0	1	0	0	0	0
0	0	0	0	0	0	0	0	1	0	0	0	0	0	1	0	0	0	0
0	1	0	0	0	0	0	0	0	1	0	0	0	1	1	0	0	0	0
1	0	0	0	0	1	1	0	1	0	1	0	0	0	1	1	0	0	0
0	0	0	0	1	0	0	0	0	0	1	0	0	0	1	0	0	0	0
0	1	0	0	1	0	0	0	0	0	0	0	0	1	1	0	0	0	0
1	1	0	0	0	0	0	0	0	0	0	0	1	0	1	0	0	1	0
1	0	1	0	1	0	0	0	0	1	0	0	0	0	1	0	0	0	0
0	0	0	1	0	0	0	0	1	0	0	0	0	0	1	1	1	1	0
1	1	0	0	1	1	0	0	0	0	0	0	0	0	1	0	1	0	0
1	0	0	0	0	0	0	0	0	0	0	0	0	0	0	0	0	0	0
0	0	0	0	0	0	0	1	0	0	0	0	0	0	0	0	0	0	0
0	0	0	1	0	0	1	0	0	0	0	0	0	0	0	0	0	0	0
1	1	1	1	1	1	1	1	1	1	1	0	0	0	0	0	0	0	1
0	0	0	0	1	0	0	0	0	1	0	0	0	0	0	0	0	0	0
0	0	0	0	0	0	0	0	0	1	1	0	0	0	0	0	0	0	0
0	0	0	0	0	0	0	1	0	1	0	0	0	0	0	0	0	0	0
0	0	0	0	0	0	0	0	0	0	0	0	0	0	1	0	0	0	0
DIFF_EDGE
0 0
CHROM_NUMBER
6
EOF
