TYPE : graph_{count}
DIMENSION: 15
EDGE_DATA_FORMAT: EDGE_LIST
EDGE_WEIGHT_TYPE: EXPLICIT
EDGE_WEIGHT_FORMAT: FULL_MATRIX
EDGE_DATA_SECTION
0 3
0 4
0 6
0 8
0 9
0 10
0 11
1 3
1 4
1 5
1 7
1 8
1 9
2 4
2 5
2 7
2 9
2 10
3 4
3 6
3 7
3 10
3 11
4 8
4 9
4 10
4 11
4 13
5 6
5 7
5 8
5 10
6 8
6 9
6 10
8 11
9 10
9 11
10 11
10 12
10 14
-1
EDGE_WEIGHT_SECTION
0	0	0	1	1	0	1	0	1	1	1	1	0	0	0
0	0	0	1	1	1	0	1	1	1	0	0	0	0	0
0	0	0	0	1	1	0	1	0	1	1	0	0	0	0
1	1	0	0	1	0	1	1	0	0	1	1	0	0	0
1	1	1	1	0	0	0	0	1	1	1	1	0	1	0
0	1	1	0	0	0	1	1	1	0	1	0	0	0	0
1	0	0	1	0	1	0	0	1	1	1	0	0	0	0
0	1	1	1	0	1	0	0	0	0	0	0	0	0	0
1	1	0	0	1	1	1	0	0	0	0	1	0	0	0
1	1	1	0	1	0	1	0	0	0	1	1	0	0	0
1	0	1	1	1	1	1	0	0	1	0	1	1	0	1
1	0	0	1	1	0	0	0	1	1	1	0	0	0	0
0	0	0	0	0	0	0	0	0	0	1	0	0	0	0
0	0	0	0	1	0	0	0	0	0	0	0	0	0	0
0	0	0	0	0	0	0	0	0	0	1	0	0	0	0
DIFF_EDGE
0 0
CHROM_NUMBER
7
EOF
