TYPE : graph_{count}
DIMENSION: 21
EDGE_DATA_FORMAT: EDGE_LIST
EDGE_WEIGHT_TYPE: EXPLICIT
EDGE_WEIGHT_FORMAT: FULL_MATRIX
EDGE_DATA_SECTION
0 2
0 3
0 6
0 7
0 10
0 16
0 20
1 5
1 6
1 7
1 8
1 9
1 16
1 18
1 20
2 3
2 4
2 5
2 6
2 8
2 10
2 16
2 18
3 9
3 10
3 12
3 18
4 7
4 8
4 18
5 6
5 8
5 20
6 7
6 8
6 11
6 16
6 18
6 20
7 14
7 18
7 20
8 12
8 14
8 15
8 17
8 20
9 10
9 13
9 16
9 18
10 16
11 19
12 20
14 16
14 18
15 16
15 18
15 20
16 18
16 19
16 20
18 20
19 20
-1
EDGE_WEIGHT_SECTION
0	0	1	1	0	0	1	1	0	0	1	0	0	0	0	0	1	0	0	0	1
0	0	0	0	0	1	1	1	1	1	0	0	0	0	0	0	1	0	1	0	1
1	0	0	1	1	1	1	0	1	0	1	0	0	0	0	0	1	0	1	0	0
1	0	1	0	0	0	0	0	0	1	1	0	1	0	0	0	0	0	1	0	0
0	0	1	0	0	0	0	1	1	0	0	0	0	0	0	0	0	0	1	0	0
0	1	1	0	0	0	1	0	1	0	0	0	0	0	0	0	0	0	0	0	1
1	1	1	0	0	1	0	1	1	0	0	1	0	0	0	0	1	0	1	0	1
1	1	0	0	1	0	1	0	0	0	0	0	0	0	1	0	0	0	1	0	1
0	1	1	0	1	1	1	0	0	0	0	0	1	0	1	1	0	1	0	0	1
0	1	0	1	0	0	0	0	0	0	1	0	0	1	0	0	1	0	1	0	0
1	0	1	1	0	0	0	0	0	1	0	0	0	0	0	0	1	0	0	0	0
0	0	0	0	0	0	1	0	0	0	0	0	0	0	0	0	0	0	0	1	0
0	0	0	1	0	0	0	0	1	0	0	0	0	0	0	0	0	0	0	0	1
0	0	0	0	0	0	0	0	0	1	0	0	0	0	0	0	0	0	0	0	0
0	0	0	0	0	0	0	1	1	0	0	0	0	0	0	0	1	0	1	0	0
0	0	0	0	0	0	0	0	1	0	0	0	0	0	0	0	1	0	1	0	1
1	1	1	0	0	0	1	0	0	1	1	0	0	0	1	1	1	0	1	1	1
0	0	0	0	0	0	0	0	1	0	0	0	0	0	0	0	0	0	0	0	0
0	1	1	1	1	0	1	1	0	1	0	0	0	0	1	1	1	0	1	0	1
0	0	0	0	0	0	0	0	0	0	0	1	0	0	0	0	1	0	0	0	1
1	1	0	0	0	1	1	1	1	0	0	0	1	0	0	1	1	0	1	1	1
DIFF_EDGE
0 0
CHROM_NUMBER
9
EOF
