TYPE : graph_{count}
DIMENSION: 20
EDGE_DATA_FORMAT: EDGE_LIST
EDGE_WEIGHT_TYPE: EXPLICIT
EDGE_WEIGHT_FORMAT: FULL_MATRIX
EDGE_DATA_SECTION
0 1
0 2
0 7
0 8
0 9
0 13
0 14
0 15
0 16
1 2
1 3
1 5
1 6
1 8
1 9
1 12
1 14
1 15
1 17
2 3
2 5
2 6
2 7
2 10
2 13
2 14
2 15
2 17
3 5
3 8
3 10
3 14
3 15
3 17
4 5
4 7
4 8
4 9
4 10
4 16
4 17
4 18
5 7
5 8
5 10
5 13
5 14
5 15
5 17
5 19
6 8
6 9
6 10
6 11
7 8
7 10
7 11
7 13
7 14
7 15
7 17
8 13
9 10
10 13
10 14
10 15
10 17
12 13
12 14
13 14
13 15
13 17
14 15
14 17
15 17
-1
EDGE_WEIGHT_SECTION
0	1	1	0	0	0	0	1	1	1	0	0	0	1	1	1	1	0	0	0
1	0	1	1	0	1	1	0	1	1	0	0	1	0	1	1	0	1	0	0
1	1	0	1	0	1	1	1	0	0	1	0	0	1	1	1	0	1	0	0
0	1	1	0	0	1	0	0	1	0	1	0	0	0	1	1	0	1	0	0
0	0	0	0	0	1	0	1	1	1	1	0	0	0	0	0	1	1	1	0
0	1	1	1	1	0	0	1	1	0	1	0	0	1	1	1	0	1	0	1
0	1	1	0	0	0	0	0	1	1	1	1	0	0	0	0	0	0	0	0
1	0	1	0	1	1	0	0	1	0	1	1	0	1	1	1	0	1	0	0
1	1	0	1	1	1	1	1	0	0	0	0	0	1	0	0	0	0	0	0
1	1	0	0	1	0	1	0	0	0	1	0	0	0	0	0	0	0	0	0
0	0	1	1	1	1	1	1	0	1	0	0	0	1	1	1	0	1	0	0
0	0	0	0	0	0	1	1	0	0	0	0	0	0	0	0	0	0	0	0
0	1	0	0	0	0	0	0	0	0	0	0	0	1	1	0	0	0	0	0
1	0	1	0	0	1	0	1	1	0	1	0	1	0	1	1	0	1	0	0
1	1	1	1	0	1	0	1	0	0	1	0	1	1	0	1	0	1	0	0
1	1	1	1	0	1	0	1	0	0	1	0	0	1	1	0	0	1	0	0
1	0	0	0	1	0	0	0	0	0	0	0	0	0	0	0	0	0	0	0
0	1	1	1	1	1	0	1	0	0	1	0	0	1	1	1	0	0	0	0
0	0	0	0	1	0	0	0	0	0	0	0	0	0	0	0	0	0	0	0
0	0	0	0	0	1	0	0	0	0	0	0	0	0	0	0	0	0	0	0
DIFF_EDGE
0 0
CHROM_NUMBER
11
EOF
