TYPE : graph_{count}
DIMENSION: 21
EDGE_DATA_FORMAT: EDGE_LIST
EDGE_WEIGHT_TYPE: EXPLICIT
EDGE_WEIGHT_FORMAT: FULL_MATRIX
EDGE_DATA_SECTION
0 2
0 3
0 5
0 7
1 6
1 8
2 5
2 10
2 12
2 14
2 19
3 9
3 10
3 14
4 5
4 6
4 7
4 10
4 12
4 14
4 15
4 16
4 18
4 19
4 20
5 6
5 7
5 11
5 14
5 15
5 16
6 7
6 9
6 10
6 12
6 14
6 15
6 16
6 18
6 19
7 10
7 12
7 13
7 16
8 11
8 16
9 15
9 16
9 18
9 19
10 12
10 14
10 15
10 16
10 18
10 19
11 14
11 15
11 18
11 19
12 14
12 15
12 17
13 14
13 15
13 16
13 18
13 19
14 15
14 16
14 18
14 19
15 16
15 18
15 19
16 17
16 18
16 19
17 18
17 19
18 19
-1
EDGE_WEIGHT_SECTION
0	0	1	1	0	1	0	1	0	0	0	0	0	0	0	0	0	0	0	0	0
0	0	0	0	0	0	1	0	1	0	0	0	0	0	0	0	0	0	0	0	0
1	0	0	0	0	1	0	0	0	0	1	0	1	0	1	0	0	0	0	1	0
1	0	0	0	0	0	0	0	0	1	1	0	0	0	1	0	0	0	0	0	0
0	0	0	0	0	1	1	1	0	0	1	0	1	0	1	1	1	0	1	1	1
1	0	1	0	1	0	1	1	0	0	0	1	0	0	1	1	1	0	0	0	0
0	1	0	0	1	1	0	1	0	1	1	0	1	0	1	1	1	0	1	1	0
1	0	0	0	1	1	1	0	0	0	1	0	1	1	0	0	1	0	0	0	0
0	1	0	0	0	0	0	0	0	0	0	1	0	0	0	0	1	0	0	0	0
0	0	0	1	0	0	1	0	0	0	0	0	0	0	0	1	1	0	1	1	0
0	0	1	1	1	0	1	1	0	0	0	0	1	0	1	1	1	0	1	1	0
0	0	0	0	0	1	0	0	1	0	0	0	0	0	1	1	0	0	1	1	0
0	0	1	0	1	0	1	1	0	0	1	0	0	0	1	1	0	1	0	0	0
0	0	0	0	0	0	0	1	0	0	0	0	0	0	1	1	1	0	1	1	0
0	0	1	1	1	1	1	0	0	0	1	1	1	1	1	1	1	0	1	1	0
0	0	0	0	1	1	1	0	0	1	1	1	1	1	1	1	1	0	1	1	0
0	0	0	0	1	1	1	1	1	1	1	0	0	1	1	1	0	1	1	1	0
0	0	0	0	0	0	0	0	0	0	0	0	1	0	0	0	1	0	1	1	0
0	0	0	0	1	0	1	0	0	1	1	1	0	1	1	1	1	1	0	1	0
0	0	1	0	1	0	1	0	0	1	1	1	0	1	1	1	1	1	1	0	0
0	0	0	0	1	0	0	0	0	0	0	0	0	0	0	0	0	0	0	0	0
DIFF_EDGE
0 0
CHROM_NUMBER
11
EOF
