TYPE : graph_{count}
DIMENSION: 18
EDGE_DATA_FORMAT: EDGE_LIST
EDGE_WEIGHT_TYPE: EXPLICIT
EDGE_WEIGHT_FORMAT: FULL_MATRIX
EDGE_DATA_SECTION
0 2
0 10
1 2
1 3
1 7
1 9
1 10
1 12
1 13
2 3
2 6
2 8
2 10
2 12
2 15
2 16
3 5
3 6
3 8
3 12
3 14
3 15
3 16
4 5
4 6
4 7
4 8
4 10
4 11
4 12
4 14
4 15
5 7
5 9
6 7
6 8
6 12
6 15
6 16
7 12
7 15
8 10
8 12
8 13
8 15
8 16
9 10
9 11
10 12
10 16
10 17
11 12
11 15
12 15
12 16
13 15
13 16
15 16
-1
EDGE_WEIGHT_SECTION
0	0	1	0	0	0	0	0	0	0	1	0	0	0	0	0	0	0
0	0	1	1	0	0	0	1	0	1	1	0	1	1	0	0	0	0
1	1	0	1	0	0	1	0	1	0	1	0	1	0	0	1	1	0
0	1	1	0	0	1	1	0	1	0	0	0	1	0	1	1	1	0
0	0	0	0	0	1	1	1	1	0	1	1	1	0	1	1	0	0
0	0	0	1	1	0	0	1	0	1	0	0	0	0	0	0	0	0
0	0	1	1	1	0	0	1	1	0	0	0	1	0	0	1	1	0
0	1	0	0	1	1	1	0	0	0	0	0	1	0	0	1	0	0
0	0	1	1	1	0	1	0	0	0	1	0	1	1	0	1	1	0
0	1	0	0	0	1	0	0	0	0	1	1	0	0	0	0	0	0
1	1	1	0	1	0	0	0	1	1	0	0	1	0	0	0	1	1
0	0	0	0	1	0	0	0	0	1	0	0	1	0	0	1	0	0
0	1	1	1	1	0	1	1	1	0	1	1	0	0	0	1	1	0
0	1	0	0	0	0	0	0	1	0	0	0	0	0	0	1	1	0
0	0	0	1	1	0	0	0	0	0	0	0	0	0	0	0	0	0
0	0	1	1	1	0	1	1	1	0	0	1	1	1	0	1	1	0
0	0	1	1	0	0	1	0	1	0	1	0	1	1	0	1	0	0
0	0	0	0	0	0	0	0	0	0	1	0	0	0	0	0	0	0
DIFF_EDGE
0 0
CHROM_NUMBER
9
EOF
