TYPE : graph_{count}
DIMENSION: 19
EDGE_DATA_FORMAT: EDGE_LIST
EDGE_WEIGHT_TYPE: EXPLICIT
EDGE_WEIGHT_FORMAT: FULL_MATRIX
EDGE_DATA_SECTION
0 1
0 2
0 5
0 6
0 8
0 11
0 13
0 14
0 15
0 16
1 4
1 5
1 6
1 7
1 9
1 10
1 11
1 13
1 14
1 15
1 16
2 6
2 10
2 11
2 12
2 14
2 16
3 6
3 7
3 8
3 9
3 10
3 11
3 13
3 14
4 5
4 7
4 10
4 12
4 14
5 6
5 11
5 14
5 15
5 16
5 17
6 10
6 13
6 15
6 16
7 8
7 9
7 10
7 11
7 13
7 14
7 16
8 15
9 16
10 13
10 14
10 15
11 13
11 14
11 15
11 16
11 18
12 13
12 14
12 16
13 14
13 15
13 16
14 15
14 16
15 16
-1
EDGE_WEIGHT_SECTION
0	1	1	0	0	1	1	0	1	0	0	1	0	1	1	1	1	0	0
1	0	0	0	1	1	1	1	0	1	1	1	0	1	1	1	1	0	0
1	0	0	0	0	0	1	0	0	0	1	1	1	0	1	0	1	0	0
0	0	0	0	0	0	1	1	1	1	1	1	0	1	1	0	0	0	0
0	1	0	0	0	1	0	1	0	0	1	0	1	0	1	0	0	0	0
1	1	0	0	1	0	1	0	0	0	0	1	0	0	1	1	1	1	0
1	1	1	1	0	1	0	0	0	0	1	0	0	1	0	1	1	0	0
0	1	0	1	1	0	0	0	1	1	1	1	0	1	1	0	1	0	0
1	0	0	1	0	0	0	1	0	0	0	0	0	0	0	1	0	0	0
0	1	0	1	0	0	0	1	0	0	0	0	0	0	0	0	1	0	0
0	1	1	1	1	0	1	1	0	0	0	0	0	1	1	1	0	0	0
1	1	1	1	0	1	0	1	0	0	0	1	0	1	1	1	1	0	1
0	0	1	0	1	0	0	0	0	0	0	0	0	1	1	0	1	0	0
1	1	0	1	0	0	1	1	0	0	1	1	1	0	1	1	1	0	0
1	1	1	1	1	1	0	1	0	0	1	1	1	1	0	1	1	0	0
1	1	0	0	0	1	1	0	1	0	1	1	0	1	1	0	1	0	0
1	1	1	0	0	1	1	1	0	1	0	1	1	1	1	1	0	0	0
0	0	0	0	0	1	0	0	0	0	0	0	0	0	0	0	0	0	0
0	0	0	0	0	0	0	0	0	0	0	1	0	0	0	0	0	0	0
DIFF_EDGE
0 0
CHROM_NUMBER
11
EOF
