TYPE : graph_{count}
DIMENSION: 18
EDGE_DATA_FORMAT: EDGE_LIST
EDGE_WEIGHT_TYPE: EXPLICIT
EDGE_WEIGHT_FORMAT: FULL_MATRIX
EDGE_DATA_SECTION
0 1
0 2
0 4
0 5
0 7
0 8
0 10
0 11
0 15
0 17
1 2
1 3
1 4
1 5
1 7
1 10
1 11
1 15
1 17
2 3
2 7
2 8
2 10
2 11
2 15
2 17
3 4
3 6
3 7
3 9
3 10
3 15
3 17
4 5
4 8
4 11
5 10
5 14
5 15
6 7
6 9
6 10
6 14
7 10
7 11
7 15
7 17
8 9
8 10
8 13
8 17
10 11
10 15
10 16
11 12
11 15
11 17
12 13
14 17
15 17
16 17
-1
EDGE_WEIGHT_SECTION
0	1	1	0	1	1	0	1	1	0	1	1	0	0	0	1	0	1
1	0	1	1	1	1	0	1	0	0	1	1	0	0	0	1	0	1
1	1	0	1	0	0	0	1	1	0	1	1	0	0	0	1	0	1
0	1	1	0	1	0	1	1	0	1	1	0	0	0	0	1	0	1
1	1	0	1	0	1	0	0	1	0	0	1	0	0	0	0	0	0
1	1	0	0	1	0	0	0	0	0	1	0	0	0	1	1	0	0
0	0	0	1	0	0	0	1	0	1	1	0	0	0	1	0	0	0
1	1	1	1	0	0	1	0	0	0	1	1	0	0	0	1	0	1
1	0	1	0	1	0	0	0	0	1	1	0	0	1	0	0	0	1
0	0	0	1	0	0	1	0	1	0	0	0	0	0	0	0	0	0
1	1	1	1	0	1	1	1	1	0	0	1	0	0	0	1	1	0
1	1	1	0	1	0	0	1	0	0	1	0	1	0	0	1	0	1
0	0	0	0	0	0	0	0	0	0	0	1	0	1	0	0	0	0
0	0	0	0	0	0	0	0	1	0	0	0	1	0	0	0	0	0
0	0	0	0	0	1	1	0	0	0	0	0	0	0	0	0	0	1
1	1	1	1	0	1	0	1	0	0	1	1	0	0	0	0	0	1
0	0	0	0	0	0	0	0	0	0	1	0	0	0	0	0	0	1
1	1	1	1	0	0	0	1	1	0	0	1	0	0	1	1	1	0
DIFF_EDGE
0 0
CHROM_NUMBER
10
EOF
