TYPE : graph_{count}
DIMENSION: 20
EDGE_DATA_FORMAT: EDGE_LIST
EDGE_WEIGHT_TYPE: EXPLICIT
EDGE_WEIGHT_FORMAT: FULL_MATRIX
EDGE_DATA_SECTION
0 5
0 7
0 8
0 10
0 11
0 12
0 18
0 19
1 2
1 5
1 6
1 7
1 9
1 10
1 11
1 14
1 16
1 18
2 6
2 8
2 11
2 16
2 18
3 4
3 7
3 8
3 10
3 11
3 12
3 13
3 17
3 18
4 5
4 9
4 16
5 8
5 9
5 11
5 16
5 17
5 18
6 9
6 10
6 11
6 16
6 19
7 16
8 14
8 16
8 18
9 11
9 15
9 16
9 18
10 15
11 16
11 18
12 16
13 16
13 18
14 16
16 18
17 18
-1
EDGE_WEIGHT_SECTION
0	0	0	0	0	1	0	1	1	0	1	1	1	0	0	0	0	0	1	1
0	0	1	0	0	1	1	1	0	1	1	1	0	0	1	0	1	0	1	0
0	1	0	0	0	0	1	0	1	0	0	1	0	0	0	0	1	0	1	0
0	0	0	0	1	0	0	1	1	0	1	1	1	1	0	0	0	1	1	0
0	0	0	1	0	1	0	0	0	1	0	0	0	0	0	0	1	0	0	0
1	1	0	0	1	0	0	0	1	1	0	1	0	0	0	0	1	1	1	0
0	1	1	0	0	0	0	0	0	1	1	1	0	0	0	0	1	0	0	1
1	1	0	1	0	0	0	0	0	0	0	0	0	0	0	0	1	0	0	0
1	0	1	1	0	1	0	0	0	0	0	0	0	0	1	0	1	0	1	0
0	1	0	0	1	1	1	0	0	0	0	1	0	0	0	1	1	0	1	0
1	1	0	1	0	0	1	0	0	0	0	0	0	0	0	1	0	0	0	0
1	1	1	1	0	1	1	0	0	1	0	0	0	0	0	0	1	0	1	0
1	0	0	1	0	0	0	0	0	0	0	0	0	0	0	0	1	0	0	0
0	0	0	1	0	0	0	0	0	0	0	0	0	0	0	0	1	0	1	0
0	1	0	0	0	0	0	0	1	0	0	0	0	0	0	0	1	0	0	0
0	0	0	0	0	0	0	0	0	1	1	0	0	0	0	0	0	0	0	0
0	1	1	0	1	1	1	1	1	1	0	1	1	1	1	0	0	0	1	0
0	0	0	1	0	1	0	0	0	0	0	0	0	0	0	0	0	0	1	0
1	1	1	1	0	1	0	0	1	1	0	1	0	1	0	0	1	1	0	0
1	0	0	0	0	0	1	0	0	0	0	0	0	0	0	0	0	0	0	0
DIFF_EDGE
0 0
CHROM_NUMBER
9
EOF
