TYPE : graph_{count}
DIMENSION: 19
EDGE_DATA_FORMAT: EDGE_LIST
EDGE_WEIGHT_TYPE: EXPLICIT
EDGE_WEIGHT_FORMAT: FULL_MATRIX
EDGE_DATA_SECTION
0 2
0 4
0 6
0 7
0 9
0 12
0 17
1 2
1 3
1 6
1 8
1 9
1 10
1 11
1 12
1 13
1 14
2 10
2 11
2 12
2 13
3 6
3 8
3 10
3 13
4 5
4 7
4 12
4 13
5 9
5 12
6 7
6 9
6 12
6 16
7 11
7 12
7 14
8 10
9 10
9 11
9 12
9 13
9 17
10 11
10 12
10 13
10 15
10 18
11 12
11 13
11 16
11 17
12 13
12 17
13 17
14 17
15 17
16 17
-1
EDGE_WEIGHT_SECTION
0	0	1	0	1	0	1	1	0	1	0	0	1	0	0	0	0	1	0
0	0	1	1	0	0	1	0	1	1	1	1	1	1	1	0	0	0	0
1	1	0	0	0	0	0	0	0	0	1	1	1	1	0	0	0	0	0
0	1	0	0	0	0	1	0	1	0	1	0	0	1	0	0	0	0	0
1	0	0	0	0	1	0	1	0	0	0	0	1	1	0	0	0	0	0
0	0	0	0	1	0	0	0	0	1	0	0	1	0	0	0	0	0	0
1	1	0	1	0	0	0	1	0	1	0	0	1	0	0	0	1	0	0
1	0	0	0	1	0	1	0	0	0	0	1	1	0	1	0	0	0	0
0	1	0	1	0	0	0	0	0	0	1	0	0	0	0	0	0	0	0
1	1	0	0	0	1	1	0	0	0	1	1	1	1	0	0	0	1	0
0	1	1	1	0	0	0	0	1	1	0	1	1	1	0	1	0	0	1
0	1	1	0	0	0	0	1	0	1	1	1	1	1	0	0	1	1	0
1	1	1	0	1	1	1	1	0	1	1	1	0	1	0	0	0	1	0
0	1	1	1	1	0	0	0	0	1	1	1	1	1	0	0	0	1	0
0	1	0	0	0	0	0	1	0	0	0	0	0	0	0	0	0	1	0
0	0	0	0	0	0	0	0	0	0	1	0	0	0	0	0	0	1	0
0	0	0	0	0	0	1	0	0	0	0	1	0	0	0	0	0	1	0
1	0	0	0	0	0	0	0	0	1	0	1	1	1	1	1	1	0	0
0	0	0	0	0	0	0	0	0	0	1	0	0	0	0	0	0	0	0
DIFF_EDGE
0 0
CHROM_NUMBER
9
EOF
