TYPE : graph_{count}
DIMENSION: 18
EDGE_DATA_FORMAT: EDGE_LIST
EDGE_WEIGHT_TYPE: EXPLICIT
EDGE_WEIGHT_FORMAT: FULL_MATRIX
EDGE_DATA_SECTION
0 1
0 4
0 5
0 6
0 16
0 17
1 5
1 6
1 8
2 3
2 4
2 6
3 6
3 7
3 9
3 11
3 17
4 5
4 6
4 9
4 11
4 14
5 7
5 8
5 9
6 7
6 8
6 10
6 13
7 8
7 9
7 12
8 10
9 10
11 15
-1
EDGE_WEIGHT_SECTION
0	1	0	0	1	1	1	0	0	0	0	0	0	0	0	0	1	1
1	0	0	0	0	1	1	0	1	0	0	0	0	0	0	0	0	0
0	0	0	1	1	0	1	0	0	0	0	0	0	0	0	0	0	0
0	0	1	0	0	0	1	1	0	1	0	1	0	0	0	0	0	1
1	0	1	0	0	1	1	0	0	1	0	1	0	0	1	0	0	0
1	1	0	0	1	0	0	1	1	1	0	0	0	0	0	0	0	0
1	1	1	1	1	0	0	1	1	0	1	0	0	1	0	0	0	0
0	0	0	1	0	1	1	0	1	1	0	0	1	0	0	0	0	0
0	1	0	0	0	1	1	1	0	0	1	0	0	0	0	0	0	0
0	0	0	1	1	1	0	1	0	0	1	0	0	0	0	0	0	0
0	0	0	0	0	0	1	0	1	1	0	0	0	0	0	0	0	0
0	0	0	1	1	0	0	0	0	0	0	0	0	0	0	1	0	0
0	0	0	0	0	0	0	1	0	0	0	0	0	0	0	0	0	0
0	0	0	0	0	0	1	0	0	0	0	0	0	0	0	0	0	0
0	0	0	0	1	0	0	0	0	0	0	0	0	0	0	0	0	0
0	0	0	0	0	0	0	0	0	0	0	1	0	0	0	0	0	0
1	0	0	0	0	0	0	0	0	0	0	0	0	0	0	0	0	0
1	0	0	1	0	0	0	0	0	0	0	0	0	0	0	0	0	0
DIFF_EDGE
0 0
CHROM_NUMBER
6
EOF
