TYPE : graph_{count}
DIMENSION: 16
EDGE_DATA_FORMAT: EDGE_LIST
EDGE_WEIGHT_TYPE: EXPLICIT
EDGE_WEIGHT_FORMAT: FULL_MATRIX
EDGE_DATA_SECTION
0 1
0 3
0 4
0 6
0 8
1 2
1 4
1 8
1 9
1 10
1 15
2 3
2 4
2 5
2 6
2 15
3 4
3 5
3 6
3 7
3 9
3 10
3 15
4 6
4 9
4 10
4 15
5 8
5 10
6 7
6 14
7 8
7 10
8 9
8 15
9 11
9 12
10 15
11 15
12 13
12 14
14 15
-1
EDGE_WEIGHT_SECTION
0	1	0	1	1	0	1	0	1	0	0	0	0	0	0	0
1	0	1	0	1	0	0	0	1	1	1	0	0	0	0	1
0	1	0	1	1	1	1	0	0	0	0	0	0	0	0	1
1	0	1	0	1	1	1	1	0	1	1	0	0	0	0	1
1	1	1	1	0	0	1	0	0	1	1	0	0	0	0	1
0	0	1	1	0	0	0	0	1	0	1	0	0	0	0	0
1	0	1	1	1	0	0	1	0	0	0	0	0	0	1	0
0	0	0	1	0	0	1	0	1	0	1	0	0	0	0	0
1	1	0	0	0	1	0	1	0	1	0	0	0	0	0	1
0	1	0	1	1	0	0	0	1	0	0	1	1	0	0	0
0	1	0	1	1	1	0	1	0	0	0	0	0	0	0	1
0	0	0	0	0	0	0	0	0	1	0	0	0	0	0	1
0	0	0	0	0	0	0	0	0	1	0	0	0	1	1	0
0	0	0	0	0	0	0	0	0	0	0	0	1	0	0	0
0	0	0	0	0	0	1	0	0	0	0	0	1	0	0	1
0	1	1	1	1	0	0	0	1	0	1	1	0	0	1	0
DIFF_EDGE
0 0
CHROM_NUMBER
8
EOF
