TYPE : graph_{count}
DIMENSION: 16
EDGE_DATA_FORMAT: EDGE_LIST
EDGE_WEIGHT_TYPE: EXPLICIT
EDGE_WEIGHT_FORMAT: FULL_MATRIX
EDGE_DATA_SECTION
0 8
0 13
0 15
1 3
1 8
1 10
1 15
2 3
2 4
2 7
2 9
2 15
3 7
3 8
3 15
4 5
4 7
4 9
4 14
5 6
5 8
5 9
5 11
5 15
6 9
6 10
6 15
7 8
7 9
7 10
7 11
7 13
7 15
8 9
8 10
8 15
9 10
9 15
10 12
10 14
12 15
13 15
14 15
-1
EDGE_WEIGHT_SECTION
0	0	0	0	0	0	0	0	1	0	0	0	0	1	0	1
0	0	0	1	0	0	0	0	1	0	1	0	0	0	0	1
0	0	0	1	1	0	0	1	0	1	0	0	0	0	0	1
0	1	1	0	0	0	0	1	1	0	0	0	0	0	0	1
0	0	1	0	0	1	0	1	0	1	0	0	0	0	1	0
0	0	0	0	1	0	1	0	1	1	0	1	0	0	0	1
0	0	0	0	0	1	0	0	0	1	1	0	0	0	0	1
0	0	1	1	1	0	0	0	1	1	1	1	0	1	0	1
1	1	0	1	0	1	0	1	0	1	1	0	0	0	0	1
0	0	1	0	1	1	1	1	1	0	1	0	0	0	0	1
0	1	0	0	0	0	1	1	1	1	0	0	1	0	1	0
0	0	0	0	0	1	0	1	0	0	0	0	0	0	0	0
0	0	0	0	0	0	0	0	0	0	1	0	0	0	0	1
1	0	0	0	0	0	0	1	0	0	0	0	0	0	0	1
0	0	0	0	1	0	0	0	0	0	1	0	0	0	0	1
1	1	1	1	0	1	1	1	1	1	0	0	1	1	1	0
DIFF_EDGE
0 0
CHROM_NUMBER
7
EOF
