TYPE : graph_{count}
DIMENSION: 20
EDGE_DATA_FORMAT: EDGE_LIST
EDGE_WEIGHT_TYPE: EXPLICIT
EDGE_WEIGHT_FORMAT: FULL_MATRIX
EDGE_DATA_SECTION
0 1
0 4
0 10
0 14
0 17
0 18
1 3
1 4
1 19
2 5
2 7
2 8
2 9
2 17
3 4
3 6
3 9
3 10
3 13
3 17
4 7
4 10
5 7
5 9
5 12
5 19
6 8
6 9
6 10
6 11
6 13
6 14
6 17
7 9
7 10
7 13
8 9
8 12
8 17
9 10
9 13
9 17
10 13
10 17
11 13
12 17
13 16
13 18
15 16
16 17
-1
EDGE_WEIGHT_SECTION
0	1	0	0	1	0	0	0	0	0	1	0	0	0	1	0	0	1	1	0
1	0	0	1	1	0	0	0	0	0	0	0	0	0	0	0	0	0	0	1
0	0	0	0	0	1	0	1	1	1	0	0	0	0	0	0	0	1	0	0
0	1	0	0	1	0	1	0	0	1	1	0	0	1	0	0	0	1	0	0
1	1	0	1	0	0	0	1	0	0	1	0	0	0	0	0	0	0	0	0
0	0	1	0	0	0	0	1	0	1	0	0	1	0	0	0	0	0	0	1
0	0	0	1	0	0	0	0	1	1	1	1	0	1	1	0	0	1	0	0
0	0	1	0	1	1	0	0	0	1	1	0	0	1	0	0	0	0	0	0
0	0	1	0	0	0	1	0	0	1	0	0	1	0	0	0	0	1	0	0
0	0	1	1	0	1	1	1	1	0	1	0	0	1	0	0	0	1	0	0
1	0	0	1	1	0	1	1	0	1	0	0	0	1	0	0	0	1	0	0
0	0	0	0	0	0	1	0	0	0	0	0	0	1	0	0	0	0	0	0
0	0	0	0	0	1	0	0	1	0	0	0	0	0	0	0	0	1	0	0
0	0	0	1	0	0	1	1	0	1	1	1	0	0	0	0	1	0	1	0
1	0	0	0	0	0	1	0	0	0	0	0	0	0	0	0	0	0	0	0
0	0	0	0	0	0	0	0	0	0	0	0	0	0	0	0	1	0	0	0
0	0	0	0	0	0	0	0	0	0	0	0	0	1	0	1	0	1	0	0
1	0	1	1	0	0	1	0	1	1	1	0	1	0	0	0	1	0	0	0
1	0	0	0	0	0	0	0	0	0	0	0	0	1	0	0	0	0	0	0
0	1	0	0	0	1	0	0	0	0	0	0	0	0	0	0	0	0	0	0
DIFF_EDGE
0 0
CHROM_NUMBER
8
EOF
