TYPE : graph_{count}
DIMENSION: 18
EDGE_DATA_FORMAT: EDGE_LIST
EDGE_WEIGHT_TYPE: EXPLICIT
EDGE_WEIGHT_FORMAT: FULL_MATRIX
EDGE_DATA_SECTION
0 1
0 4
0 8
0 10
0 12
0 15
1 4
1 5
1 6
1 8
1 10
1 15
2 4
2 8
2 13
2 17
3 7
3 10
3 11
3 13
3 14
4 5
4 6
4 10
4 15
5 7
5 11
5 15
6 10
6 15
6 16
7 9
7 14
7 15
8 16
9 12
10 15
-1
EDGE_WEIGHT_SECTION
0	1	0	0	1	0	0	0	1	0	1	0	1	0	0	1	0	0
1	0	0	0	1	1	1	0	1	0	1	0	0	0	0	1	0	0
0	0	0	0	1	0	0	0	1	0	0	0	0	1	0	0	0	1
0	0	0	0	0	0	0	1	0	0	1	1	0	1	1	0	0	0
1	1	1	0	0	1	1	0	0	0	1	0	0	0	0	1	0	0
0	1	0	0	1	0	0	1	0	0	0	1	0	0	0	1	0	0
0	1	0	0	1	0	0	0	0	0	1	0	0	0	0	1	1	0
0	0	0	1	0	1	0	0	0	1	0	0	0	0	1	1	0	0
1	1	1	0	0	0	0	0	0	0	0	0	0	0	0	0	1	0
0	0	0	0	0	0	0	1	0	0	0	0	1	0	0	0	0	0
1	1	0	1	1	0	1	0	0	0	0	0	0	0	0	1	0	0
0	0	0	1	0	1	0	0	0	0	0	0	0	0	0	0	0	0
1	0	0	0	0	0	0	0	0	1	0	0	0	0	0	0	0	0
0	0	1	1	0	0	0	0	0	0	0	0	0	0	0	0	0	0
0	0	0	1	0	0	0	1	0	0	0	0	0	0	0	0	0	0
1	1	0	0	1	1	1	1	0	0	1	0	0	0	0	0	0	0
0	0	0	0	0	0	1	0	1	0	0	0	0	0	0	0	0	0
0	0	1	0	0	0	0	0	0	0	0	0	0	0	0	0	0	0
DIFF_EDGE
0 0
CHROM_NUMBER
7
EOF
