TYPE : graph_{count}
DIMENSION: 20
EDGE_DATA_FORMAT: EDGE_LIST
EDGE_WEIGHT_TYPE: EXPLICIT
EDGE_WEIGHT_FORMAT: FULL_MATRIX
EDGE_DATA_SECTION
0 2
0 3
0 4
0 7
0 8
0 9
0 14
0 15
1 2
1 4
1 5
1 7
1 8
1 9
1 14
2 8
2 10
2 11
2 18
3 4
3 5
3 6
3 7
3 9
3 10
3 14
3 16
3 17
3 18
4 6
4 9
4 10
4 13
4 18
5 7
5 10
5 16
5 18
6 10
6 11
6 16
7 9
7 10
7 18
8 9
8 18
9 12
9 14
9 18
10 12
10 14
10 16
10 18
11 14
12 16
13 14
13 16
14 16
14 18
15 16
15 18
16 18
16 19
17 18
-1
EDGE_WEIGHT_SECTION
0	0	1	1	1	0	0	1	1	1	0	0	0	0	1	1	0	0	0	0
0	0	1	0	1	1	0	1	1	1	0	0	0	0	1	0	0	0	0	0
1	1	0	0	0	0	0	0	1	0	1	1	0	0	0	0	0	0	1	0
1	0	0	0	1	1	1	1	0	1	1	0	0	0	1	0	1	1	1	0
1	1	0	1	0	0	1	0	0	1	1	0	0	1	0	0	0	0	1	0
0	1	0	1	0	0	0	1	0	0	1	0	0	0	0	0	1	0	1	0
0	0	0	1	1	0	0	0	0	0	1	1	0	0	0	0	1	0	0	0
1	1	0	1	0	1	0	0	0	1	1	0	0	0	0	0	0	0	1	0
1	1	1	0	0	0	0	0	0	1	0	0	0	0	0	0	0	0	1	0
1	1	0	1	1	0	0	1	1	0	0	0	1	0	1	0	0	0	1	0
0	0	1	1	1	1	1	1	0	0	0	0	1	0	1	0	1	0	1	0
0	0	1	0	0	0	1	0	0	0	0	0	0	0	1	0	0	0	0	0
0	0	0	0	0	0	0	0	0	1	1	0	0	0	0	0	1	0	0	0
0	0	0	0	1	0	0	0	0	0	0	0	0	0	1	0	1	0	0	0
1	1	0	1	0	0	0	0	0	1	1	1	0	1	0	0	1	0	1	0
1	0	0	0	0	0	0	0	0	0	0	0	0	0	0	0	1	0	1	0
0	0	0	1	0	1	1	0	0	0	1	0	1	1	1	1	0	0	1	1
0	0	0	1	0	0	0	0	0	0	0	0	0	0	0	0	0	0	1	0
0	0	1	1	1	1	0	1	1	1	1	0	0	0	1	1	1	1	0	0
0	0	0	0	0	0	0	0	0	0	0	0	0	0	0	0	1	0	0	0
DIFF_EDGE
0 0
CHROM_NUMBER
10
EOF
