TYPE : graph_{count}
DIMENSION: 18
EDGE_DATA_FORMAT: EDGE_LIST
EDGE_WEIGHT_TYPE: EXPLICIT
EDGE_WEIGHT_FORMAT: FULL_MATRIX
EDGE_DATA_SECTION
0 1
0 2
0 7
0 8
0 9
0 12
0 13
1 2
1 5
1 12
1 13
2 3
2 6
2 7
2 12
2 13
3 4
3 6
3 9
3 13
4 7
4 8
4 9
5 6
5 9
5 10
5 14
5 16
6 7
6 8
6 9
6 10
7 9
7 10
7 12
7 13
8 12
8 13
9 11
9 12
9 13
9 15
11 12
11 17
12 13
13 16
-1
EDGE_WEIGHT_SECTION
0	1	1	0	0	0	0	1	1	1	0	0	1	1	0	0	0	0
1	0	1	0	0	1	0	0	0	0	0	0	1	1	0	0	0	0
1	1	0	1	0	0	1	1	0	0	0	0	1	1	0	0	0	0
0	0	1	0	1	0	1	0	0	1	0	0	0	1	0	0	0	0
0	0	0	1	0	0	0	1	1	1	0	0	0	0	0	0	0	0
0	1	0	0	0	0	1	0	0	1	1	0	0	0	1	0	1	0
0	0	1	1	0	1	0	1	1	1	1	0	0	0	0	0	0	0
1	0	1	0	1	0	1	0	0	1	1	0	1	1	0	0	0	0
1	0	0	0	1	0	1	0	0	0	0	0	1	1	0	0	0	0
1	0	0	1	1	1	1	1	0	0	0	1	1	1	0	1	0	0
0	0	0	0	0	1	1	1	0	0	0	0	0	0	0	0	0	0
0	0	0	0	0	0	0	0	0	1	0	0	1	0	0	0	0	1
1	1	1	0	0	0	0	1	1	1	0	1	0	1	0	0	0	0
1	1	1	1	0	0	0	1	1	1	0	0	1	0	0	0	1	0
0	0	0	0	0	1	0	0	0	0	0	0	0	0	0	0	0	0
0	0	0	0	0	0	0	0	0	1	0	0	0	0	0	0	0	0
0	0	0	0	0	1	0	0	0	0	0	0	0	1	0	0	0	0
0	0	0	0	0	0	0	0	0	0	0	1	0	0	0	0	0	0
DIFF_EDGE
0 0
CHROM_NUMBER
8
EOF
