TYPE : graph_{count}
DIMENSION: 21
EDGE_DATA_FORMAT: EDGE_LIST
EDGE_WEIGHT_TYPE: EXPLICIT
EDGE_WEIGHT_FORMAT: FULL_MATRIX
EDGE_DATA_SECTION
0 1
0 5
0 6
0 8
0 9
0 12
0 14
0 15
0 17
1 2
1 3
1 4
1 6
1 7
1 8
1 9
1 10
1 12
1 14
1 18
1 19
2 3
2 4
2 8
2 10
2 12
2 13
2 14
2 18
2 19
3 7
3 12
3 14
3 15
3 18
3 19
4 9
4 11
4 12
4 17
5 7
5 9
5 10
5 12
6 7
7 9
7 10
7 11
7 18
7 19
7 20
8 9
8 10
8 12
8 16
8 18
9 10
9 12
9 14
9 18
9 19
10 18
10 19
11 14
11 18
11 19
12 14
12 18
12 19
14 18
14 19
15 18
15 19
16 18
18 19
-1
EDGE_WEIGHT_SECTION
0	1	0	0	0	1	1	0	1	1	0	0	1	0	1	1	0	1	0	0	0
1	0	1	1	1	0	1	1	1	1	1	0	1	0	1	0	0	0	1	1	0
0	1	0	1	1	0	0	0	1	0	1	0	1	1	1	0	0	0	1	1	0
0	1	1	0	0	0	0	1	0	0	0	0	1	0	1	1	0	0	1	1	0
0	1	1	0	0	0	0	0	0	1	0	1	1	0	0	0	0	1	0	0	0
1	0	0	0	0	0	0	1	0	1	1	0	1	0	0	0	0	0	0	0	0
1	1	0	0	0	0	0	1	0	0	0	0	0	0	0	0	0	0	0	0	0
0	1	0	1	0	1	1	0	0	1	1	1	0	0	0	0	0	0	1	1	1
1	1	1	0	0	0	0	0	0	1	1	0	1	0	0	0	1	0	1	0	0
1	1	0	0	1	1	0	1	1	0	1	0	1	0	1	0	0	0	1	1	0
0	1	1	0	0	1	0	1	1	1	0	0	0	0	0	0	0	0	1	1	0
0	0	0	0	1	0	0	1	0	0	0	0	0	0	1	0	0	0	1	1	0
1	1	1	1	1	1	0	0	1	1	0	0	1	0	1	0	0	0	1	1	0
0	0	1	0	0	0	0	0	0	0	0	0	0	0	0	0	0	0	0	0	0
1	1	1	1	0	0	0	0	0	1	0	1	1	0	0	0	0	0	1	1	0
1	0	0	1	0	0	0	0	0	0	0	0	0	0	0	0	0	0	1	1	0
0	0	0	0	0	0	0	0	1	0	0	0	0	0	0	0	0	0	1	0	0
1	0	0	0	1	0	0	0	0	0	0	0	0	0	0	0	0	0	0	0	0
0	1	1	1	0	0	0	1	1	1	1	1	1	0	1	1	1	0	0	1	0
0	1	1	1	0	0	0	1	0	1	1	1	1	0	1	1	0	0	1	0	0
0	0	0	0	0	0	0	1	0	0	0	0	0	0	0	0	0	0	0	0	0
DIFF_EDGE
0 0
CHROM_NUMBER
10
EOF
