TYPE : graph_{count}
DIMENSION: 21
EDGE_DATA_FORMAT: EDGE_LIST
EDGE_WEIGHT_TYPE: EXPLICIT
EDGE_WEIGHT_FORMAT: FULL_MATRIX
EDGE_DATA_SECTION
0 1
0 2
0 5
0 6
0 9
0 10
0 11
0 12
0 13
0 19
1 10
2 3
2 4
2 5
2 6
2 8
2 10
2 11
2 14
2 17
2 18
2 19
2 20
3 6
3 10
3 11
3 12
3 14
3 17
3 18
3 19
3 20
4 5
4 6
4 7
4 14
4 18
4 19
5 9
5 20
6 9
6 10
6 11
6 14
6 17
6 18
6 19
6 20
7 8
7 9
7 20
8 9
8 13
8 19
9 10
10 11
10 14
10 17
10 18
10 19
10 20
11 14
11 17
11 18
11 19
11 20
12 14
12 18
12 19
12 20
13 14
13 17
13 18
14 15
14 16
14 18
15 18
15 19
15 20
16 17
16 20
17 18
17 19
17 20
18 19
18 20
19 20
-1
EDGE_WEIGHT_SECTION
0	1	1	0	0	1	1	0	0	1	1	1	1	1	0	0	0	0	0	1	0
1	0	0	0	0	0	0	0	0	0	1	0	0	0	0	0	0	0	0	0	0
1	0	0	1	1	1	1	0	1	0	1	1	0	0	1	0	0	1	1	1	1
0	0	1	0	0	0	1	0	0	0	1	1	1	0	1	0	0	1	1	1	1
0	0	1	0	0	1	1	1	0	0	0	0	0	0	1	0	0	0	1	1	0
1	0	1	0	1	0	0	0	0	1	0	0	0	0	0	0	0	0	0	0	1
1	0	1	1	1	0	0	0	0	1	1	1	0	0	1	0	0	1	1	1	1
0	0	0	0	1	0	0	0	1	1	0	0	0	0	0	0	0	0	0	0	1
0	0	1	0	0	0	0	1	0	1	0	0	0	1	0	0	0	0	0	1	0
1	0	0	0	0	1	1	1	1	0	1	0	0	0	0	0	0	0	0	0	0
1	1	1	1	0	0	1	0	0	1	0	1	0	0	1	0	0	1	1	1	1
1	0	1	1	0	0	1	0	0	0	1	0	0	0	1	0	0	1	1	1	1
1	0	0	1	0	0	0	0	0	0	0	0	0	0	1	0	0	0	1	1	1
1	0	0	0	0	0	0	0	1	0	0	0	0	0	1	0	0	1	1	0	0
0	0	1	1	1	0	1	0	0	0	1	1	1	1	0	1	1	0	1	0	0
0	0	0	0	0	0	0	0	0	0	0	0	0	0	1	0	0	0	1	1	1
0	0	0	0	0	0	0	0	0	0	0	0	0	0	1	0	0	1	0	0	1
0	0	1	1	0	0	1	0	0	0	1	1	0	1	0	0	1	0	1	1	1
0	0	1	1	1	0	1	0	0	0	1	1	1	1	1	1	0	1	0	1	1
1	0	1	1	1	0	1	0	1	0	1	1	1	0	0	1	0	1	1	0	1
0	0	1	1	0	1	1	1	0	0	1	1	1	0	0	1	1	1	1	1	0
DIFF_EDGE
0 0
CHROM_NUMBER
11
EOF
