TYPE : graph_{count}
DIMENSION: 19
EDGE_DATA_FORMAT: EDGE_LIST
EDGE_WEIGHT_TYPE: EXPLICIT
EDGE_WEIGHT_FORMAT: FULL_MATRIX
EDGE_DATA_SECTION
0 2
0 4
0 5
0 6
0 11
1 2
1 6
1 7
1 8
1 9
1 11
1 13
1 17
1 18
2 5
2 6
2 8
2 9
2 13
2 16
2 18
3 5
3 6
3 17
4 5
4 6
4 10
4 11
4 18
5 8
5 10
5 11
5 18
6 7
7 13
8 11
8 12
8 13
8 15
8 17
9 11
9 13
9 14
9 15
9 17
10 13
11 13
11 16
11 17
11 18
12 18
13 17
13 18
14 18
15 17
16 17
17 18
-1
EDGE_WEIGHT_SECTION
0	0	1	0	1	1	1	0	0	0	0	1	0	0	0	0	0	0	0
0	0	1	0	0	0	1	1	1	1	0	1	0	1	0	0	0	1	1
1	1	0	0	0	1	1	0	1	1	0	0	0	1	0	0	1	0	1
0	0	0	0	0	1	1	0	0	0	0	0	0	0	0	0	0	1	0
1	0	0	0	0	1	1	0	0	0	1	1	0	0	0	0	0	0	1
1	0	1	1	1	0	0	0	1	0	1	1	0	0	0	0	0	0	1
1	1	1	1	1	0	0	1	0	0	0	0	0	0	0	0	0	0	0
0	1	0	0	0	0	1	0	0	0	0	0	0	1	0	0	0	0	0
0	1	1	0	0	1	0	0	0	0	0	1	1	1	0	1	0	1	0
0	1	1	0	0	0	0	0	0	0	0	1	0	1	1	1	0	1	0
0	0	0	0	1	1	0	0	0	0	0	0	0	1	0	0	0	0	0
1	1	0	0	1	1	0	0	1	1	0	0	0	1	0	0	1	1	1
0	0	0	0	0	0	0	0	1	0	0	0	0	0	0	0	0	0	1
0	1	1	0	0	0	0	1	1	1	1	1	0	0	0	0	0	1	1
0	0	0	0	0	0	0	0	0	1	0	0	0	0	0	0	0	0	1
0	0	0	0	0	0	0	0	1	1	0	0	0	0	0	0	0	1	0
0	0	1	0	0	0	0	0	0	0	0	1	0	0	0	0	0	1	0
0	1	0	1	0	0	0	0	1	1	0	1	0	1	0	1	1	0	1
0	1	1	0	1	1	0	0	0	0	0	1	1	1	1	0	0	1	0
DIFF_EDGE
0 0
CHROM_NUMBER
8
EOF
