TYPE : graph_{count}
DIMENSION: 21
EDGE_DATA_FORMAT: EDGE_LIST
EDGE_WEIGHT_TYPE: EXPLICIT
EDGE_WEIGHT_FORMAT: FULL_MATRIX
EDGE_DATA_SECTION
0 1
0 8
0 9
0 10
0 13
0 17
0 19
0 20
1 3
1 6
1 7
1 10
1 11
1 13
1 19
2 6
2 7
2 8
2 10
2 11
2 19
3 4
3 5
3 6
3 7
3 9
3 10
3 13
3 19
4 5
4 8
4 10
5 7
5 9
5 10
6 7
6 12
6 13
6 15
6 19
7 9
7 10
7 13
7 14
7 19
8 13
8 15
9 10
10 13
10 19
11 13
11 16
12 17
13 18
13 19
14 19
17 19
-1
EDGE_WEIGHT_SECTION
0	1	0	0	0	0	0	0	1	1	1	0	0	1	0	0	0	1	0	1	1
1	0	0	1	0	0	1	1	0	0	1	1	0	1	0	0	0	0	0	1	0
0	0	0	0	0	0	1	1	1	0	1	1	0	0	0	0	0	0	0	1	0
0	1	0	0	1	1	1	1	0	1	1	0	0	1	0	0	0	0	0	1	0
0	0	0	1	0	1	0	0	1	0	1	0	0	0	0	0	0	0	0	0	0
0	0	0	1	1	0	0	1	0	1	1	0	0	0	0	0	0	0	0	0	0
0	1	1	1	0	0	0	1	0	0	0	0	1	1	0	1	0	0	0	1	0
0	1	1	1	0	1	1	0	0	1	1	0	0	1	1	0	0	0	0	1	0
1	0	1	0	1	0	0	0	0	0	0	0	0	1	0	1	0	0	0	0	0
1	0	0	1	0	1	0	1	0	0	1	0	0	0	0	0	0	0	0	0	0
1	1	1	1	1	1	0	1	0	1	0	0	0	1	0	0	0	0	0	1	0
0	1	1	0	0	0	0	0	0	0	0	0	0	1	0	0	1	0	0	0	0
0	0	0	0	0	0	1	0	0	0	0	0	0	0	0	0	0	1	0	0	0
1	1	0	1	0	0	1	1	1	0	1	1	0	0	0	0	0	0	1	1	0
0	0	0	0	0	0	0	1	0	0	0	0	0	0	0	0	0	0	0	1	0
0	0	0	0	0	0	1	0	1	0	0	0	0	0	0	0	0	0	0	0	0
0	0	0	0	0	0	0	0	0	0	0	1	0	0	0	0	0	0	0	0	0
1	0	0	0	0	0	0	0	0	0	0	0	1	0	0	0	0	0	0	1	0
0	0	0	0	0	0	0	0	0	0	0	0	0	1	0	0	0	0	0	0	0
1	1	1	1	0	0	1	1	0	0	1	0	0	1	1	0	0	1	0	1	0
1	0	0	0	0	0	0	0	0	0	0	0	0	0	0	0	0	0	0	0	0
DIFF_EDGE
0 0
CHROM_NUMBER
8
EOF
