TYPE : graph_{count}
DIMENSION: 17
EDGE_DATA_FORMAT: EDGE_LIST
EDGE_WEIGHT_TYPE: EXPLICIT
EDGE_WEIGHT_FORMAT: FULL_MATRIX
EDGE_DATA_SECTION
0 4
0 6
0 8
0 9
0 13
0 16
1 2
1 5
1 7
1 9
1 10
1 11
1 13
2 6
2 7
2 9
2 12
3 7
3 9
4 6
4 7
5 6
5 8
5 9
6 7
6 14
7 9
7 10
7 16
8 12
9 10
9 15
10 14
-1
EDGE_WEIGHT_SECTION
0	0	0	0	1	0	1	0	1	1	0	0	0	1	0	0	1
0	0	1	0	0	1	0	1	0	1	1	1	0	1	0	0	0
0	1	0	0	0	0	1	1	0	1	0	0	1	0	0	0	0
0	0	0	0	0	0	0	1	0	1	0	0	0	0	0	0	0
1	0	0	0	0	0	1	1	0	0	0	0	0	0	0	0	0
0	1	0	0	0	0	1	0	1	1	0	0	0	0	0	0	0
1	0	1	0	1	1	0	1	0	0	0	0	0	0	1	0	0
0	1	1	1	1	0	1	0	0	1	1	0	0	0	0	0	1
1	0	0	0	0	1	0	0	0	0	0	0	1	0	0	0	0
1	1	1	1	0	1	0	1	0	0	1	0	0	0	0	1	0
0	1	0	0	0	0	0	1	0	1	0	0	0	0	1	0	0
0	1	0	0	0	0	0	0	0	0	0	0	0	0	0	0	0
0	0	1	0	0	0	0	0	1	0	0	0	0	0	0	0	0
1	1	0	0	0	0	0	0	0	0	0	0	0	0	0	0	0
0	0	0	0	0	0	1	0	0	0	1	0	0	0	0	0	0
0	0	0	0	0	0	0	0	0	1	0	0	0	0	0	0	0
1	0	0	0	0	0	0	1	0	0	0	0	0	0	0	0	0
DIFF_EDGE
0 0
CHROM_NUMBER
6
EOF
