TYPE : graph_{count}
DIMENSION: 21
EDGE_DATA_FORMAT: EDGE_LIST
EDGE_WEIGHT_TYPE: EXPLICIT
EDGE_WEIGHT_FORMAT: FULL_MATRIX
EDGE_DATA_SECTION
0 1
0 2
0 3
0 10
0 11
0 13
0 14
1 3
1 4
1 6
1 7
1 9
1 10
1 11
1 16
1 17
1 19
1 20
2 4
2 5
2 7
2 8
2 9
2 10
2 11
2 16
2 17
3 7
3 8
3 16
3 17
4 5
4 7
4 11
4 12
4 14
4 17
5 9
5 10
5 11
5 15
5 16
5 17
6 9
6 12
6 15
7 8
7 10
7 11
7 17
8 13
8 16
9 10
9 11
10 11
10 18
11 16
11 17
12 16
13 16
13 17
15 16
16 17
-1
EDGE_WEIGHT_SECTION
0	1	1	1	0	0	0	0	0	0	1	1	0	1	1	0	0	0	0	0	0
1	0	0	1	1	0	1	1	0	1	1	1	0	0	0	0	1	1	0	1	1
1	0	0	0	1	1	0	1	1	1	1	1	0	0	0	0	1	1	0	0	0
1	1	0	0	0	0	0	1	1	0	0	0	0	0	0	0	1	1	0	0	0
0	1	1	0	0	1	0	1	0	0	0	1	1	0	1	0	0	1	0	0	0
0	0	1	0	1	0	0	0	0	1	1	1	0	0	0	1	1	1	0	0	0
0	1	0	0	0	0	0	0	0	1	0	0	1	0	0	1	0	0	0	0	0
0	1	1	1	1	0	0	0	1	0	1	1	0	0	0	0	0	1	0	0	0
0	0	1	1	0	0	0	1	0	0	0	0	0	1	0	0	1	0	0	0	0
0	1	1	0	0	1	1	0	0	0	1	1	0	0	0	0	0	0	0	0	0
1	1	1	0	0	1	0	1	0	1	0	1	0	0	0	0	0	0	1	0	0
1	1	1	0	1	1	0	1	0	1	1	0	0	0	0	0	1	1	0	0	0
0	0	0	0	1	0	1	0	0	0	0	0	0	0	0	0	1	0	0	0	0
1	0	0	0	0	0	0	0	1	0	0	0	0	0	0	0	1	1	0	0	0
1	0	0	0	1	0	0	0	0	0	0	0	0	0	0	0	0	0	0	0	0
0	0	0	0	0	1	1	0	0	0	0	0	0	0	0	0	1	0	0	0	0
0	1	1	1	0	1	0	0	1	0	0	1	1	1	0	1	0	1	0	0	0
0	1	1	1	1	1	0	1	0	0	0	1	0	1	0	0	1	0	0	0	0
0	0	0	0	0	0	0	0	0	0	1	0	0	0	0	0	0	0	0	0	0
0	1	0	0	0	0	0	0	0	0	0	0	0	0	0	0	0	0	0	0	0
0	1	0	0	0	0	0	0	0	0	0	0	0	0	0	0	0	0	0	0	0
DIFF_EDGE
0 0
CHROM_NUMBER
9
EOF
