TYPE : graph_{count}
DIMENSION: 21
EDGE_DATA_FORMAT: EDGE_LIST
EDGE_WEIGHT_TYPE: EXPLICIT
EDGE_WEIGHT_FORMAT: FULL_MATRIX
EDGE_DATA_SECTION
0 1
0 4
0 5
0 6
0 8
0 9
0 10
0 12
0 13
0 15
0 17
0 20
1 2
1 3
1 4
1 7
1 8
1 12
1 13
1 15
1 17
1 20
2 4
2 7
2 20
3 4
3 5
3 6
3 8
3 10
3 11
3 12
3 15
3 16
3 17
4 5
4 6
4 8
4 12
4 13
4 15
4 17
4 18
5 8
5 13
5 14
5 15
5 17
5 20
6 7
6 9
7 9
7 10
7 20
8 12
8 13
8 15
8 17
8 20
10 12
12 13
12 15
12 17
12 20
13 15
13 16
13 17
13 20
14 20
15 17
15 20
16 17
16 20
17 19
18 20
19 20
-1
EDGE_WEIGHT_SECTION
0	1	0	0	1	1	1	0	1	1	1	0	1	1	0	1	0	1	0	0	1
1	0	1	1	1	0	0	1	1	0	0	0	1	1	0	1	0	1	0	0	1
0	1	0	0	1	0	0	1	0	0	0	0	0	0	0	0	0	0	0	0	1
0	1	0	0	1	1	1	0	1	0	1	1	1	0	0	1	1	1	0	0	0
1	1	1	1	0	1	1	0	1	0	0	0	1	1	0	1	0	1	1	0	0
1	0	0	1	1	0	0	0	1	0	0	0	0	1	1	1	0	1	0	0	1
1	0	0	1	1	0	0	1	0	1	0	0	0	0	0	0	0	0	0	0	0
0	1	1	0	0	0	1	0	0	1	1	0	0	0	0	0	0	0	0	0	1
1	1	0	1	1	1	0	0	0	0	0	0	1	1	0	1	0	1	0	0	1
1	0	0	0	0	0	1	1	0	0	0	0	0	0	0	0	0	0	0	0	0
1	0	0	1	0	0	0	1	0	0	0	0	1	0	0	0	0	0	0	0	0
0	0	0	1	0	0	0	0	0	0	0	0	0	0	0	0	0	0	0	0	0
1	1	0	1	1	0	0	0	1	0	1	0	0	1	0	1	0	1	0	0	1
1	1	0	0	1	1	0	0	1	0	0	0	1	0	0	1	1	1	0	0	1
0	0	0	0	0	1	0	0	0	0	0	0	0	0	0	0	0	0	0	0	1
1	1	0	1	1	1	0	0	1	0	0	0	1	1	0	0	0	1	0	0	1
0	0	0	1	0	0	0	0	0	0	0	0	0	1	0	0	0	1	0	0	1
1	1	0	1	1	1	0	0	1	0	0	0	1	1	0	1	1	0	0	1	0
0	0	0	0	1	0	0	0	0	0	0	0	0	0	0	0	0	0	0	0	1
0	0	0	0	0	0	0	0	0	0	0	0	0	0	0	0	0	1	0	0	1
1	1	1	0	0	1	0	1	1	0	0	0	1	1	1	1	1	0	1	1	0
DIFF_EDGE
0 0
CHROM_NUMBER
10
EOF
