TYPE : graph_{count}
DIMENSION: 19
EDGE_DATA_FORMAT: EDGE_LIST
EDGE_WEIGHT_TYPE: EXPLICIT
EDGE_WEIGHT_FORMAT: FULL_MATRIX
EDGE_DATA_SECTION
0 5
0 8
0 9
0 10
0 12
0 14
1 3
1 6
1 7
1 8
1 9
1 10
1 11
1 14
1 17
1 18
2 4
2 7
2 8
3 7
3 10
4 5
4 10
4 17
5 6
5 8
5 9
5 14
5 18
6 7
6 9
6 10
6 17
6 18
7 8
7 9
7 14
7 16
8 15
9 10
9 13
9 14
10 14
10 16
10 17
10 18
11 12
11 17
11 18
12 17
13 17
13 18
14 17
14 18
15 17
16 18
17 18
-1
EDGE_WEIGHT_SECTION
0	0	0	0	0	1	0	0	1	1	1	0	1	0	1	0	0	0	0
0	0	0	1	0	0	1	1	1	1	1	1	0	0	1	0	0	1	1
0	0	0	0	1	0	0	1	1	0	0	0	0	0	0	0	0	0	0
0	1	0	0	0	0	0	1	0	0	1	0	0	0	0	0	0	0	0
0	0	1	0	0	1	0	0	0	0	1	0	0	0	0	0	0	1	0
1	0	0	0	1	0	1	0	1	1	0	0	0	0	1	0	0	0	1
0	1	0	0	0	1	0	1	0	1	1	0	0	0	0	0	0	1	1
0	1	1	1	0	0	1	0	1	1	0	0	0	0	1	0	1	0	0
1	1	1	0	0	1	0	1	0	0	0	0	0	0	0	1	0	0	0
1	1	0	0	0	1	1	1	0	0	1	0	0	1	1	0	0	0	0
1	1	0	1	1	0	1	0	0	1	0	0	0	0	1	0	1	1	1
0	1	0	0	0	0	0	0	0	0	0	0	1	0	0	0	0	1	1
1	0	0	0	0	0	0	0	0	0	0	1	0	0	0	0	0	1	0
0	0	0	0	0	0	0	0	0	1	0	0	0	0	0	0	0	1	1
1	1	0	0	0	1	0	1	0	1	1	0	0	0	0	0	0	1	1
0	0	0	0	0	0	0	0	1	0	0	0	0	0	0	0	0	1	0
0	0	0	0	0	0	0	1	0	0	1	0	0	0	0	0	0	0	1
0	1	0	0	1	0	1	0	0	0	1	1	1	1	1	1	0	0	1
0	1	0	0	0	1	1	0	0	0	1	1	0	1	1	0	1	1	0
DIFF_EDGE
0 0
CHROM_NUMBER
9
EOF
