TYPE : graph_{count}
DIMENSION: 21
EDGE_DATA_FORMAT: EDGE_LIST
EDGE_WEIGHT_TYPE: EXPLICIT
EDGE_WEIGHT_FORMAT: FULL_MATRIX
EDGE_DATA_SECTION
0 1
0 4
0 9
0 10
0 18
1 2
1 3
1 5
1 6
1 7
1 8
1 12
1 17
2 3
2 4
2 7
2 12
3 4
3 8
3 9
3 12
3 14
3 16
4 8
4 12
5 6
5 9
6 7
6 8
6 9
6 11
6 12
6 13
6 14
6 18
7 9
7 18
8 12
8 18
9 10
9 12
10 13
11 15
12 15
12 18
12 19
14 18
15 18
15 20
17 18
-1
EDGE_WEIGHT_SECTION
0	1	0	0	1	0	0	0	0	1	1	0	0	0	0	0	0	0	1	0	0
1	0	1	1	0	1	1	1	1	0	0	0	1	0	0	0	0	1	0	0	0
0	1	0	1	1	0	0	1	0	0	0	0	1	0	0	0	0	0	0	0	0
0	1	1	0	1	0	0	0	1	1	0	0	1	0	1	0	1	0	0	0	0
1	0	1	1	0	0	0	0	1	0	0	0	1	0	0	0	0	0	0	0	0
0	1	0	0	0	0	1	0	0	1	0	0	0	0	0	0	0	0	0	0	0
0	1	0	0	0	1	0	1	1	1	0	1	1	1	1	0	0	0	1	0	0
0	1	1	0	0	0	1	0	0	1	0	0	0	0	0	0	0	0	1	0	0
0	1	0	1	1	0	1	0	0	0	0	0	1	0	0	0	0	0	1	0	0
1	0	0	1	0	1	1	1	0	0	1	0	1	0	0	0	0	0	0	0	0
1	0	0	0	0	0	0	0	0	1	0	0	0	1	0	0	0	0	0	0	0
0	0	0	0	0	0	1	0	0	0	0	0	0	0	0	1	0	0	0	0	0
0	1	1	1	1	0	1	0	1	1	0	0	0	0	0	1	0	0	1	1	0
0	0	0	0	0	0	1	0	0	0	1	0	0	0	0	0	0	0	0	0	0
0	0	0	1	0	0	1	0	0	0	0	0	0	0	0	0	0	0	1	0	0
0	0	0	0	0	0	0	0	0	0	0	1	1	0	0	0	0	0	1	0	1
0	0	0	1	0	0	0	0	0	0	0	0	0	0	0	0	0	0	0	0	0
0	1	0	0	0	0	0	0	0	0	0	0	0	0	0	0	0	0	1	0	0
1	0	0	0	0	0	1	1	1	0	0	0	1	0	1	1	0	1	0	0	0
0	0	0	0	0	0	0	0	0	0	0	0	1	0	0	0	0	0	0	0	0
0	0	0	0	0	0	0	0	0	0	0	0	0	0	0	1	0	0	0	0	0
DIFF_EDGE
0 0
CHROM_NUMBER
8
EOF
