TYPE : graph_{count}
DIMENSION: 21
EDGE_DATA_FORMAT: EDGE_LIST
EDGE_WEIGHT_TYPE: EXPLICIT
EDGE_WEIGHT_FORMAT: FULL_MATRIX
EDGE_DATA_SECTION
0 4
0 5
0 6
0 9
0 13
0 19
1 7
1 10
1 11
1 14
2 3
2 4
2 5
2 7
2 14
2 17
2 18
3 4
3 6
3 9
3 10
3 12
3 14
4 5
4 6
4 7
4 10
4 11
4 19
4 20
5 19
6 8
6 10
6 14
6 16
6 18
6 19
7 9
7 16
8 9
8 12
9 19
10 19
11 15
12 19
13 14
13 19
14 15
14 19
14 20
16 19
18 19
-1
EDGE_WEIGHT_SECTION
0	0	0	0	1	1	1	0	0	1	0	0	0	1	0	0	0	0	0	1	0
0	0	0	0	0	0	0	1	0	0	1	1	0	0	1	0	0	0	0	0	0
0	0	0	1	1	1	0	1	0	0	0	0	0	0	1	0	0	1	1	0	0
0	0	1	0	1	0	1	0	0	1	1	0	1	0	1	0	0	0	0	0	0
1	0	1	1	0	1	1	1	0	0	1	1	0	0	0	0	0	0	0	1	1
1	0	1	0	1	0	0	0	0	0	0	0	0	0	0	0	0	0	0	1	0
1	0	0	1	1	0	0	0	1	0	1	0	0	0	1	0	1	0	1	1	0
0	1	1	0	1	0	0	0	0	1	0	0	0	0	0	0	1	0	0	0	0
0	0	0	0	0	0	1	0	0	1	0	0	1	0	0	0	0	0	0	0	0
1	0	0	1	0	0	0	1	1	0	0	0	0	0	0	0	0	0	0	1	0
0	1	0	1	1	0	1	0	0	0	0	0	0	0	0	0	0	0	0	1	0
0	1	0	0	1	0	0	0	0	0	0	0	0	0	0	1	0	0	0	0	0
0	0	0	1	0	0	0	0	1	0	0	0	0	0	0	0	0	0	0	1	0
1	0	0	0	0	0	0	0	0	0	0	0	0	0	1	0	0	0	0	1	0
0	1	1	1	0	0	1	0	0	0	0	0	0	1	0	1	0	0	0	1	1
0	0	0	0	0	0	0	0	0	0	0	1	0	0	1	0	0	0	0	0	0
0	0	0	0	0	0	1	1	0	0	0	0	0	0	0	0	0	0	0	1	0
0	0	1	0	0	0	0	0	0	0	0	0	0	0	0	0	0	0	0	0	0
0	0	1	0	0	0	1	0	0	0	0	0	0	0	0	0	0	0	0	1	0
1	0	0	0	1	1	1	0	0	1	1	0	1	1	1	0	1	0	1	1	0
0	0	0	0	1	0	0	0	0	0	0	0	0	0	1	0	0	0	0	0	0
DIFF_EDGE
0 0
CHROM_NUMBER
8
EOF
