TYPE : graph_{count}
DIMENSION: 16
EDGE_DATA_FORMAT: EDGE_LIST
EDGE_WEIGHT_TYPE: EXPLICIT
EDGE_WEIGHT_FORMAT: FULL_MATRIX
EDGE_DATA_SECTION
0 3
0 5
0 7
0 10
0 15
1 5
1 6
1 8
1 10
1 14
1 15
2 3
2 4
2 11
3 5
3 9
3 15
4 5
4 6
4 7
4 10
4 15
5 6
5 7
5 11
5 13
6 7
6 15
7 10
7 15
8 15
9 12
10 12
10 15
11 15
-1
EDGE_WEIGHT_SECTION
0	0	0	1	0	1	0	1	0	0	1	0	0	0	0	1
0	0	0	0	0	1	1	0	1	0	1	0	0	0	1	1
0	0	0	1	1	0	0	0	0	0	0	1	0	0	0	0
1	0	1	0	0	1	0	0	0	1	0	0	0	0	0	1
0	0	1	0	0	1	1	1	0	0	1	0	0	0	0	1
1	1	0	1	1	0	1	1	0	0	0	1	0	1	0	0
0	1	0	0	1	1	0	1	0	0	0	0	0	0	0	1
1	0	0	0	1	1	1	0	0	0	1	0	0	0	0	1
0	1	0	0	0	0	0	0	0	0	0	0	0	0	0	1
0	0	0	1	0	0	0	0	0	0	0	0	1	0	0	0
1	1	0	0	1	0	0	1	0	0	0	0	1	0	0	1
0	0	1	0	0	1	0	0	0	0	0	0	0	0	0	1
0	0	0	0	0	0	0	0	0	1	1	0	0	0	0	0
0	0	0	0	0	1	0	0	0	0	0	0	0	0	0	0
0	1	0	0	0	0	0	0	0	0	0	0	0	0	0	0
1	1	0	1	1	0	1	1	1	0	1	1	0	0	0	1
DIFF_EDGE
0 0
CHROM_NUMBER
6
EOF
