TYPE : graph_{count}
DIMENSION: 21
EDGE_DATA_FORMAT: EDGE_LIST
EDGE_WEIGHT_TYPE: EXPLICIT
EDGE_WEIGHT_FORMAT: FULL_MATRIX
EDGE_DATA_SECTION
0 2
0 4
0 5
0 6
1 2
1 6
1 9
1 10
1 14
2 3
2 5
2 6
2 8
2 9
2 12
2 15
3 4
3 6
3 7
3 10
3 14
3 15
3 16
4 7
4 9
4 10
4 15
4 16
4 18
4 20
5 8
5 10
5 16
5 19
6 10
6 11
6 15
6 20
7 10
8 15
9 10
9 19
10 15
10 16
11 13
11 15
11 16
12 16
12 17
14 15
14 16
15 16
-1
EDGE_WEIGHT_SECTION
0	0	1	0	1	1	1	0	0	0	0	0	0	0	0	0	0	0	0	0	0
0	0	1	0	0	0	1	0	0	1	1	0	0	0	1	0	0	0	0	0	0
1	1	0	1	0	1	1	0	1	1	0	0	1	0	0	1	0	0	0	0	0
0	0	1	0	1	0	1	1	0	0	1	0	0	0	1	1	1	0	0	0	0
1	0	0	1	0	0	0	1	0	1	1	0	0	0	0	1	1	0	1	0	1
1	0	1	0	0	0	0	0	1	0	1	0	0	0	0	0	1	0	0	1	0
1	1	1	1	0	0	0	0	0	0	1	1	0	0	0	1	0	0	0	0	1
0	0	0	1	1	0	0	0	0	0	1	0	0	0	0	0	0	0	0	0	0
0	0	1	0	0	1	0	0	0	0	0	0	0	0	0	1	0	0	0	0	0
0	1	1	0	1	0	0	0	0	0	1	0	0	0	0	0	0	0	0	1	0
0	1	0	1	1	1	1	1	0	1	0	0	0	0	0	1	1	0	0	0	0
0	0	0	0	0	0	1	0	0	0	0	0	0	1	0	1	1	0	0	0	0
0	0	1	0	0	0	0	0	0	0	0	0	0	0	0	0	1	1	0	0	0
0	0	0	0	0	0	0	0	0	0	0	1	0	0	0	0	0	0	0	0	0
0	1	0	1	0	0	0	0	0	0	0	0	0	0	0	1	1	0	0	0	0
0	0	1	1	1	0	1	0	1	0	1	1	0	0	1	0	1	0	0	0	0
0	0	0	1	1	1	0	0	0	0	1	1	1	0	1	1	0	0	0	0	0
0	0	0	0	0	0	0	0	0	0	0	0	1	0	0	0	0	0	0	0	0
0	0	0	0	1	0	0	0	0	0	0	0	0	0	0	0	0	0	0	0	0
0	0	0	0	0	1	0	0	0	1	0	0	0	0	0	0	0	0	0	0	0
0	0	0	0	1	0	1	0	0	0	0	0	0	0	0	0	0	0	0	0	0
DIFF_EDGE
0 0
CHROM_NUMBER
8
EOF
