TYPE : graph_{count}
DIMENSION: 19
EDGE_DATA_FORMAT: EDGE_LIST
EDGE_WEIGHT_TYPE: EXPLICIT
EDGE_WEIGHT_FORMAT: FULL_MATRIX
EDGE_DATA_SECTION
0 3
0 4
0 6
0 8
0 16
0 17
1 3
1 5
1 6
1 7
1 9
1 10
1 17
1 18
2 3
2 5
2 6
2 8
2 10
2 17
2 18
3 8
4 6
4 8
5 7
5 9
5 10
5 11
5 13
6 7
6 8
6 17
7 10
7 14
8 10
9 10
10 12
10 16
10 17
10 18
11 17
11 18
12 17
13 15
14 17
14 18
16 17
17 18
-1
EDGE_WEIGHT_SECTION
0	0	0	1	1	0	1	0	1	0	0	0	0	0	0	0	1	1	0
0	0	0	1	0	1	1	1	0	1	1	0	0	0	0	0	0	1	1
0	0	0	1	0	1	1	0	1	0	1	0	0	0	0	0	0	1	1
1	1	1	0	0	0	0	0	1	0	0	0	0	0	0	0	0	0	0
1	0	0	0	0	0	1	0	1	0	0	0	0	0	0	0	0	0	0
0	1	1	0	0	0	0	1	0	1	1	1	0	1	0	0	0	0	0
1	1	1	0	1	0	0	1	1	0	0	0	0	0	0	0	0	1	0
0	1	0	0	0	1	1	0	0	0	1	0	0	0	1	0	0	0	0
1	0	1	1	1	0	1	0	0	0	1	0	0	0	0	0	0	0	0
0	1	0	0	0	1	0	0	0	0	1	0	0	0	0	0	0	0	0
0	1	1	0	0	1	0	1	1	1	0	0	1	0	0	0	1	1	1
0	0	0	0	0	1	0	0	0	0	0	0	0	0	0	0	0	1	1
0	0	0	0	0	0	0	0	0	0	1	0	0	0	0	0	0	1	0
0	0	0	0	0	1	0	0	0	0	0	0	0	0	0	1	0	0	0
0	0	0	0	0	0	0	1	0	0	0	0	0	0	0	0	0	1	1
0	0	0	0	0	0	0	0	0	0	0	0	0	1	0	0	0	0	0
1	0	0	0	0	0	0	0	0	0	1	0	0	0	0	0	0	1	0
1	1	1	0	0	0	1	0	0	0	1	1	1	0	1	0	1	1	1
0	1	1	0	0	0	0	0	0	0	1	1	0	0	1	0	0	1	0
DIFF_EDGE
0 0
CHROM_NUMBER
7
EOF
