TYPE : graph_{count}
DIMENSION: 18
EDGE_DATA_FORMAT: EDGE_LIST
EDGE_WEIGHT_TYPE: EXPLICIT
EDGE_WEIGHT_FORMAT: FULL_MATRIX
EDGE_DATA_SECTION
0 5
0 6
0 8
0 16
1 4
1 5
1 17
2 5
2 9
3 4
3 6
3 7
3 9
3 13
3 17
4 6
4 7
4 10
4 11
6 7
6 8
7 10
7 12
9 10
9 11
10 14
10 15
13 16
-1
EDGE_WEIGHT_SECTION
0	0	0	0	0	1	1	0	1	0	0	0	0	0	0	0	1	0
0	0	0	0	1	1	0	0	0	0	0	0	0	0	0	0	0	1
0	0	0	0	0	1	0	0	0	1	0	0	0	0	0	0	0	0
0	0	0	0	1	0	1	1	0	1	0	0	0	1	0	0	0	1
0	1	0	1	0	0	1	1	0	0	1	1	0	0	0	0	0	0
1	1	1	0	0	0	0	0	0	0	0	0	0	0	0	0	0	0
1	0	0	1	1	0	0	1	1	0	0	0	0	0	0	0	0	0
0	0	0	1	1	0	1	0	0	0	1	0	1	0	0	0	0	0
1	0	0	0	0	0	1	0	0	0	0	0	0	0	0	0	0	0
0	0	1	1	0	0	0	0	0	0	1	1	0	0	0	0	0	0
0	0	0	0	1	0	0	1	0	1	0	0	0	0	1	1	0	0
0	0	0	0	1	0	0	0	0	1	0	0	0	0	0	0	0	0
0	0	0	0	0	0	0	1	0	0	0	0	0	0	0	0	0	0
0	0	0	1	0	0	0	0	0	0	0	0	0	0	0	0	1	0
0	0	0	0	0	0	0	0	0	0	1	0	0	0	0	0	0	0
0	0	0	0	0	0	0	0	0	0	1	0	0	0	0	0	0	0
1	0	0	0	0	0	0	0	0	0	0	0	0	1	0	0	0	0
0	1	0	1	0	0	0	0	0	0	0	0	0	0	0	0	0	0
DIFF_EDGE
0 0
CHROM_NUMBER
5
EOF
