TYPE : graph_{count}
DIMENSION: 19
EDGE_DATA_FORMAT: EDGE_LIST
EDGE_WEIGHT_TYPE: EXPLICIT
EDGE_WEIGHT_FORMAT: FULL_MATRIX
EDGE_DATA_SECTION
0 1
0 3
0 4
0 7
0 8
0 10
0 11
0 13
0 17
1 2
1 3
1 8
2 5
2 6
2 8
3 4
3 6
3 8
3 10
3 11
3 14
3 18
4 5
4 7
4 10
4 11
4 12
5 18
6 7
6 8
6 9
6 10
6 12
7 10
7 11
10 11
10 16
14 15
-1
EDGE_WEIGHT_SECTION
0	1	0	1	1	0	0	1	1	0	1	1	0	1	0	0	0	1	0
1	0	1	1	0	0	0	0	1	0	0	0	0	0	0	0	0	0	0
0	1	0	0	0	1	1	0	1	0	0	0	0	0	0	0	0	0	0
1	1	0	0	1	0	1	0	1	0	1	1	0	0	1	0	0	0	1
1	0	0	1	0	1	0	1	0	0	1	1	1	0	0	0	0	0	0
0	0	1	0	1	0	0	0	0	0	0	0	0	0	0	0	0	0	1
0	0	1	1	0	0	0	1	1	1	1	0	1	0	0	0	0	0	0
1	0	0	0	1	0	1	0	0	0	1	1	0	0	0	0	0	0	0
1	1	1	1	0	0	1	0	0	0	0	0	0	0	0	0	0	0	0
0	0	0	0	0	0	1	0	0	0	0	0	0	0	0	0	0	0	0
1	0	0	1	1	0	1	1	0	0	0	1	0	0	0	0	1	0	0
1	0	0	1	1	0	0	1	0	0	1	0	0	0	0	0	0	0	0
0	0	0	0	1	0	1	0	0	0	0	0	0	0	0	0	0	0	0
1	0	0	0	0	0	0	0	0	0	0	0	0	0	0	0	0	0	0
0	0	0	1	0	0	0	0	0	0	0	0	0	0	0	1	0	0	0
0	0	0	0	0	0	0	0	0	0	0	0	0	0	1	0	0	0	0
0	0	0	0	0	0	0	0	0	0	1	0	0	0	0	0	0	0	0
1	0	0	0	0	0	0	0	0	0	0	0	0	0	0	0	0	0	0
0	0	0	1	0	1	0	0	0	0	0	0	0	0	0	0	0	0	0
DIFF_EDGE
0 0
CHROM_NUMBER
6
EOF
