TYPE : graph_{count}
DIMENSION: 19
EDGE_DATA_FORMAT: EDGE_LIST
EDGE_WEIGHT_TYPE: EXPLICIT
EDGE_WEIGHT_FORMAT: FULL_MATRIX
EDGE_DATA_SECTION
0 2
0 4
0 5
0 6
1 3
1 4
1 5
1 6
1 7
1 8
1 12
1 13
1 17
2 3
2 4
2 5
2 13
2 15
2 17
3 4
3 8
3 9
3 13
3 17
4 5
4 6
4 8
4 13
4 17
5 8
5 9
5 14
5 17
5 18
6 7
6 8
6 9
6 10
6 13
6 17
7 8
7 9
7 13
7 15
8 13
8 17
9 11
9 17
10 12
10 13
10 16
10 18
11 16
13 14
13 17
14 17
15 17
-1
EDGE_WEIGHT_SECTION
0	0	1	0	1	1	1	0	0	0	0	0	0	0	0	0	0	0	0
0	0	0	1	1	1	1	1	1	0	0	0	1	1	0	0	0	1	0
1	0	0	1	1	1	0	0	0	0	0	0	0	1	0	1	0	1	0
0	1	1	0	1	0	0	0	1	1	0	0	0	1	0	0	0	1	0
1	1	1	1	0	1	1	0	1	0	0	0	0	1	0	0	0	1	0
1	1	1	0	1	0	0	0	1	1	0	0	0	0	1	0	0	1	1
1	1	0	0	1	0	0	1	1	1	1	0	0	1	0	0	0	1	0
0	1	0	0	0	0	1	0	1	1	0	0	0	1	0	1	0	0	0
0	1	0	1	1	1	1	1	0	0	0	0	0	1	0	0	0	1	0
0	0	0	1	0	1	1	1	0	0	0	1	0	0	0	0	0	1	0
0	0	0	0	0	0	1	0	0	0	0	0	1	1	0	0	1	0	1
0	0	0	0	0	0	0	0	0	1	0	0	0	0	0	0	1	0	0
0	1	0	0	0	0	0	0	0	0	1	0	0	0	0	0	0	0	0
0	1	1	1	1	0	1	1	1	0	1	0	0	0	1	0	0	1	0
0	0	0	0	0	1	0	0	0	0	0	0	0	1	0	0	0	1	0
0	0	1	0	0	0	0	1	0	0	0	0	0	0	0	0	0	1	0
0	0	0	0	0	0	0	0	0	0	1	1	0	0	0	0	0	0	0
0	1	1	1	1	1	1	0	1	1	0	0	0	1	1	1	0	0	0
0	0	0	0	0	1	0	0	0	0	1	0	0	0	0	0	0	0	0
DIFF_EDGE
0 0
CHROM_NUMBER
9
EOF
