TYPE : graph_{count}
DIMENSION: 19
EDGE_DATA_FORMAT: EDGE_LIST
EDGE_WEIGHT_TYPE: EXPLICIT
EDGE_WEIGHT_FORMAT: FULL_MATRIX
EDGE_DATA_SECTION
0 4
0 6
0 7
0 8
0 13
1 4
1 7
1 8
1 10
1 11
1 13
1 15
2 3
2 4
2 6
2 7
2 9
2 13
3 6
3 8
3 10
4 8
4 10
5 9
5 10
6 7
6 9
6 17
7 8
7 13
7 18
8 10
8 12
8 13
9 12
9 15
10 13
10 18
11 13
13 14
13 16
13 17
-1
EDGE_WEIGHT_SECTION
0	0	0	0	1	0	1	1	1	0	0	0	0	1	0	0	0	0	0
0	0	0	0	1	0	0	1	1	0	1	1	0	1	0	1	0	0	0
0	0	0	1	1	0	1	1	0	1	0	0	0	1	0	0	0	0	0
0	0	1	0	0	0	1	0	1	0	1	0	0	0	0	0	0	0	0
1	1	1	0	0	0	0	0	1	0	1	0	0	0	0	0	0	0	0
0	0	0	0	0	0	0	0	0	1	1	0	0	0	0	0	0	0	0
1	0	1	1	0	0	0	1	0	1	0	0	0	0	0	0	0	1	0
1	1	1	0	0	0	1	0	1	0	0	0	0	1	0	0	0	0	1
1	1	0	1	1	0	0	1	0	0	1	0	1	1	0	0	0	0	0
0	0	1	0	0	1	1	0	0	0	0	0	1	0	0	1	0	0	0
0	1	0	1	1	1	0	0	1	0	0	0	0	1	0	0	0	0	1
0	1	0	0	0	0	0	0	0	0	0	0	0	1	0	0	0	0	0
0	0	0	0	0	0	0	0	1	1	0	0	0	0	0	0	0	0	0
1	1	1	0	0	0	0	1	1	0	1	1	0	0	1	0	1	1	0
0	0	0	0	0	0	0	0	0	0	0	0	0	1	0	0	0	0	0
0	1	0	0	0	0	0	0	0	1	0	0	0	0	0	0	0	0	0
0	0	0	0	0	0	0	0	0	0	0	0	0	1	0	0	0	0	0
0	0	0	0	0	0	1	0	0	0	0	0	0	1	0	0	0	0	0
0	0	0	0	0	0	0	1	0	0	1	0	0	0	0	0	0	0	0
DIFF_EDGE
0 0
CHROM_NUMBER
7
EOF
