TYPE : graph_{count}
DIMENSION: 17
EDGE_DATA_FORMAT: EDGE_LIST
EDGE_WEIGHT_TYPE: EXPLICIT
EDGE_WEIGHT_FORMAT: FULL_MATRIX
EDGE_DATA_SECTION
0 2
0 5
0 8
0 10
0 13
0 16
1 4
1 7
1 9
1 10
1 13
1 14
2 3
2 8
2 10
3 5
3 6
3 7
3 9
3 11
3 16
5 14
6 7
6 8
6 9
6 16
7 8
7 9
7 10
7 14
7 16
8 14
9 10
9 14
9 16
10 12
10 14
12 14
12 16
14 15
14 16
-1
EDGE_WEIGHT_SECTION
0	0	1	0	0	1	0	0	1	0	1	0	0	1	0	0	1
0	0	0	0	1	0	0	1	0	1	1	0	0	1	1	0	0
1	0	0	1	0	0	0	0	1	0	1	0	0	0	0	0	0
0	0	1	0	0	1	1	1	0	1	0	1	0	0	0	0	1
0	1	0	0	0	0	0	0	0	0	0	0	0	0	0	0	0
1	0	0	1	0	0	0	0	0	0	0	0	0	0	1	0	0
0	0	0	1	0	0	0	1	1	1	0	0	0	0	0	0	1
0	1	0	1	0	0	1	0	1	1	1	0	0	0	1	0	1
1	0	1	0	0	0	1	1	0	0	0	0	0	0	1	0	0
0	1	0	1	0	0	1	1	0	0	1	0	0	0	1	0	1
1	1	1	0	0	0	0	1	0	1	0	0	1	0	1	0	0
0	0	0	1	0	0	0	0	0	0	0	0	0	0	0	0	0
0	0	0	0	0	0	0	0	0	0	1	0	0	0	1	0	1
1	1	0	0	0	0	0	0	0	0	0	0	0	0	0	0	0
0	1	0	0	0	1	0	1	1	1	1	0	1	0	0	1	1
0	0	0	0	0	0	0	0	0	0	0	0	0	0	1	0	0
1	0	0	1	0	0	1	1	0	1	0	0	1	0	1	0	0
DIFF_EDGE
0 0
CHROM_NUMBER
8
EOF
