TYPE : graph_{count}
DIMENSION: 15
EDGE_DATA_FORMAT: EDGE_LIST
EDGE_WEIGHT_TYPE: EXPLICIT
EDGE_WEIGHT_FORMAT: FULL_MATRIX
EDGE_DATA_SECTION
0 2
0 3
0 4
0 9
0 10
0 14
1 2
1 3
1 4
1 5
1 6
1 7
1 8
1 10
1 14
2 9
2 11
3 5
3 6
3 7
3 8
3 9
3 10
3 14
4 8
4 9
4 13
5 7
6 7
6 10
7 8
8 9
8 11
9 10
9 12
9 14
10 13
10 14
13 14
-1
EDGE_WEIGHT_SECTION
0	0	1	1	1	0	0	0	0	1	1	0	0	0	1
0	0	1	1	1	1	1	1	1	0	1	0	0	0	1
1	1	0	0	0	0	0	0	0	1	0	1	0	0	0
1	1	0	0	0	1	1	1	1	1	1	0	0	0	1
1	1	0	0	0	0	0	0	1	1	0	0	0	1	0
0	1	0	1	0	0	0	1	0	0	0	0	0	0	0
0	1	0	1	0	0	0	1	0	0	1	0	0	0	0
0	1	0	1	0	1	1	0	1	0	0	0	0	0	0
0	1	0	1	1	0	0	1	0	1	0	1	0	0	0
1	0	1	1	1	0	0	0	1	0	1	0	1	0	1
1	1	0	1	0	0	1	0	0	1	0	0	0	1	1
0	0	1	0	0	0	0	0	1	0	0	0	0	0	0
0	0	0	0	0	0	0	0	0	1	0	0	0	0	0
0	0	0	0	1	0	0	0	0	0	1	0	0	0	1
1	1	0	1	0	0	0	0	0	1	1	0	0	1	0
DIFF_EDGE
0 0
CHROM_NUMBER
7
EOF
