TYPE : graph_{count}
DIMENSION: 17
EDGE_DATA_FORMAT: EDGE_LIST
EDGE_WEIGHT_TYPE: EXPLICIT
EDGE_WEIGHT_FORMAT: FULL_MATRIX
EDGE_DATA_SECTION
0 2
0 4
0 8
0 9
0 10
0 12
0 14
1 5
1 6
1 9
1 14
1 15
2 3
2 4
2 7
2 13
2 14
2 16
3 9
3 10
3 14
4 5
4 6
4 7
4 9
4 13
4 14
5 10
5 14
5 16
6 7
6 8
6 9
6 13
7 13
8 9
9 11
9 13
10 13
12 13
13 14
13 15
-1
EDGE_WEIGHT_SECTION
0	0	1	0	1	0	0	0	1	1	1	0	1	0	1	0	0
0	0	0	0	0	1	1	0	0	1	0	0	0	0	1	1	0
1	0	0	1	1	0	0	1	0	0	0	0	0	1	1	0	1
0	0	1	0	0	0	0	0	0	1	1	0	0	0	1	0	0
1	0	1	0	0	1	1	1	0	1	0	0	0	1	1	0	0
0	1	0	0	1	0	0	0	0	0	1	0	0	0	1	0	1
0	1	0	0	1	0	0	1	1	1	0	0	0	1	0	0	0
0	0	1	0	1	0	1	0	0	0	0	0	0	1	0	0	0
1	0	0	0	0	0	1	0	0	1	0	0	0	0	0	0	0
1	1	0	1	1	0	1	0	1	0	0	1	0	1	0	0	0
1	0	0	1	0	1	0	0	0	0	0	0	0	1	0	0	0
0	0	0	0	0	0	0	0	0	1	0	0	0	0	0	0	0
1	0	0	0	0	0	0	0	0	0	0	0	0	1	0	0	0
0	0	1	0	1	0	1	1	0	1	1	0	1	0	1	1	0
1	1	1	1	1	1	0	0	0	0	0	0	0	1	0	0	0
0	1	0	0	0	0	0	0	0	0	0	0	0	1	0	0	0
0	0	1	0	0	1	0	0	0	0	0	0	0	0	0	0	0
DIFF_EDGE
0 0
CHROM_NUMBER
8
EOF
