TYPE : graph_{count}
DIMENSION: 18
EDGE_DATA_FORMAT: EDGE_LIST
EDGE_WEIGHT_TYPE: EXPLICIT
EDGE_WEIGHT_FORMAT: FULL_MATRIX
EDGE_DATA_SECTION
0 1
0 2
0 5
0 6
0 7
0 8
0 9
0 11
0 15
1 3
1 4
1 5
1 7
1 9
1 11
1 14
2 5
2 8
2 11
2 17
3 4
3 9
3 11
3 12
3 15
4 6
4 8
4 9
4 10
5 7
5 8
5 9
5 10
5 11
5 12
6 10
7 9
7 10
8 9
8 10
8 11
9 11
9 13
9 17
13 16
-1
EDGE_WEIGHT_SECTION
0	1	1	0	0	1	1	1	1	1	0	1	0	0	0	1	0	0
1	0	0	1	1	1	0	1	0	1	0	1	0	0	1	0	0	0
1	0	0	0	0	1	0	0	1	0	0	1	0	0	0	0	0	1
0	1	0	0	1	0	0	0	0	1	0	1	1	0	0	1	0	0
0	1	0	1	0	0	1	0	1	1	1	0	0	0	0	0	0	0
1	1	1	0	0	0	0	1	1	1	1	1	1	0	0	0	0	0
1	0	0	0	1	0	0	0	0	0	1	0	0	0	0	0	0	0
1	1	0	0	0	1	0	0	0	1	1	0	0	0	0	0	0	0
1	0	1	0	1	1	0	0	0	1	1	1	0	0	0	0	0	0
1	1	0	1	1	1	0	1	1	0	0	1	0	1	0	0	0	1
0	0	0	0	1	1	1	1	1	0	0	0	0	0	0	0	0	0
1	1	1	1	0	1	0	0	1	1	0	1	0	0	0	0	0	0
0	0	0	1	0	1	0	0	0	0	0	0	0	0	0	0	0	0
0	0	0	0	0	0	0	0	0	1	0	0	0	0	0	0	1	0
0	1	0	0	0	0	0	0	0	0	0	0	0	0	0	0	0	0
1	0	0	1	0	0	0	0	0	0	0	0	0	0	0	0	0	0
0	0	0	0	0	0	0	0	0	0	0	0	0	1	0	0	0	0
0	0	1	0	0	0	0	0	0	1	0	0	0	0	0	0	0	0
DIFF_EDGE
0 0
CHROM_NUMBER
7
EOF
