TYPE : graph_{count}
DIMENSION: 19
EDGE_DATA_FORMAT: EDGE_LIST
EDGE_WEIGHT_TYPE: EXPLICIT
EDGE_WEIGHT_FORMAT: FULL_MATRIX
EDGE_DATA_SECTION
0 2
0 3
0 5
0 7
0 12
0 13
0 15
0 17
1 5
1 7
1 12
2 5
2 7
2 8
2 9
2 10
2 12
2 15
2 17
2 18
3 4
3 5
3 7
3 8
3 9
3 10
3 12
3 17
4 7
4 8
4 10
4 15
5 7
5 10
5 12
5 15
5 17
6 8
6 10
6 12
6 15
6 18
7 9
7 11
7 12
7 15
7 17
8 10
8 12
8 15
10 12
10 15
11 15
12 14
12 15
12 16
12 17
13 15
14 15
15 17
-1
EDGE_WEIGHT_SECTION
0	0	1	1	0	1	0	1	0	0	0	0	1	1	0	1	0	1	0
0	0	0	0	0	1	0	1	0	0	0	0	1	0	0	0	0	0	0
1	0	0	0	0	1	0	1	1	1	1	0	1	0	0	1	0	1	1
1	0	0	0	1	1	0	1	1	1	1	0	1	0	0	0	0	1	0
0	0	0	1	0	0	0	1	1	0	1	0	0	0	0	1	0	0	0
1	1	1	1	0	0	0	1	0	0	1	0	1	0	0	1	0	1	0
0	0	0	0	0	0	0	0	1	0	1	0	1	0	0	1	0	0	1
1	1	1	1	1	1	0	0	0	1	0	1	1	0	0	1	0	1	0
0	0	1	1	1	0	1	0	0	0	1	0	1	0	0	1	0	0	0
0	0	1	1	0	0	0	1	0	0	0	0	0	0	0	0	0	0	0
0	0	1	1	1	1	1	0	1	0	0	0	1	0	0	1	0	0	0
0	0	0	0	0	0	0	1	0	0	0	0	0	0	0	1	0	0	0
1	1	1	1	0	1	1	1	1	0	1	0	0	0	1	1	1	1	0
1	0	0	0	0	0	0	0	0	0	0	0	0	0	0	1	0	0	0
0	0	0	0	0	0	0	0	0	0	0	0	1	0	0	1	0	0	0
1	0	1	0	1	1	1	1	1	0	1	1	1	1	1	0	0	1	0
0	0	0	0	0	0	0	0	0	0	0	0	1	0	0	0	0	0	0
1	0	1	1	0	1	0	1	0	0	0	0	1	0	0	1	0	0	0
0	0	1	0	0	0	1	0	0	0	0	0	0	0	0	0	0	0	0
DIFF_EDGE
0 0
CHROM_NUMBER
8
EOF
