TYPE : graph_{count}
DIMENSION: 16
EDGE_DATA_FORMAT: EDGE_LIST
EDGE_WEIGHT_TYPE: EXPLICIT
EDGE_WEIGHT_FORMAT: FULL_MATRIX
EDGE_DATA_SECTION
0 2
0 3
0 4
0 9
0 14
1 5
1 7
1 9
1 13
2 3
2 4
2 6
2 13
2 15
3 4
3 5
3 7
3 8
3 11
3 14
4 5
4 6
4 8
4 9
4 11
4 14
5 6
5 7
5 9
5 11
5 14
6 10
7 8
7 10
7 12
8 10
8 11
8 14
9 11
9 12
9 14
11 14
11 15
13 14
-1
EDGE_WEIGHT_SECTION
0	0	1	1	1	0	0	0	0	1	0	0	0	0	1	0
0	0	0	0	0	1	0	1	0	1	0	0	0	1	0	0
1	0	0	1	1	0	1	0	0	0	0	0	0	1	0	1
1	0	1	0	1	1	0	1	1	0	0	1	0	0	1	0
1	0	1	1	0	1	1	0	1	1	0	1	0	0	1	0
0	1	0	1	1	0	1	1	0	1	0	1	0	0	1	0
0	0	1	0	1	1	0	0	0	0	1	0	0	0	0	0
0	1	0	1	0	1	0	0	1	0	1	0	1	0	0	0
0	0	0	1	1	0	0	1	0	0	1	1	0	0	1	0
1	1	0	0	1	1	0	0	0	0	0	1	1	0	1	0
0	0	0	0	0	0	1	1	1	0	0	0	0	0	0	0
0	0	0	1	1	1	0	0	1	1	0	0	0	0	1	1
0	0	0	0	0	0	0	1	0	1	0	0	0	0	0	0
0	1	1	0	0	0	0	0	0	0	0	0	0	0	1	0
1	0	0	1	1	1	0	0	1	1	0	1	0	1	1	0
0	0	1	0	0	0	0	0	0	0	0	1	0	0	0	0
DIFF_EDGE
0 0
CHROM_NUMBER
8
EOF
