TYPE : graph_{count}
DIMENSION: 21
EDGE_DATA_FORMAT: EDGE_LIST
EDGE_WEIGHT_TYPE: EXPLICIT
EDGE_WEIGHT_FORMAT: FULL_MATRIX
EDGE_DATA_SECTION
0 1
0 3
0 4
0 6
0 7
0 8
0 9
0 10
0 11
0 12
0 17
1 3
1 4
1 5
1 6
1 8
1 9
1 10
1 12
1 15
1 17
2 4
2 5
2 6
2 8
2 10
2 12
2 14
3 7
3 9
3 10
3 12
4 6
4 9
4 12
4 14
4 16
4 17
5 6
5 7
5 10
6 8
6 9
6 12
6 14
6 17
7 8
7 17
8 12
8 13
8 14
8 16
8 17
9 12
9 13
9 14
9 17
10 12
10 19
11 14
12 14
12 17
12 20
14 15
14 18
16 17
17 18
17 19
-1
EDGE_WEIGHT_SECTION
0	1	0	1	1	0	1	1	1	1	1	1	1	0	0	0	0	1	0	0	0
1	0	0	1	1	1	1	0	1	1	1	0	1	0	0	1	0	1	0	0	0
0	0	0	0	1	1	1	0	1	0	1	0	1	0	1	0	0	0	0	0	0
1	1	0	0	0	0	0	1	0	1	1	0	1	0	0	0	0	0	0	0	0
1	1	1	0	0	0	1	0	0	1	0	0	1	0	1	0	1	1	0	0	0
0	1	1	0	0	0	1	1	0	0	1	0	0	0	0	0	0	0	0	0	0
1	1	1	0	1	1	0	0	1	1	0	0	1	0	1	0	0	1	0	0	0
1	0	0	1	0	1	0	0	1	0	0	0	0	0	0	0	0	1	0	0	0
1	1	1	0	0	0	1	1	0	0	0	0	1	1	1	0	1	1	0	0	0
1	1	0	1	1	0	1	0	0	0	0	0	1	1	1	0	0	1	0	0	0
1	1	1	1	0	1	0	0	0	0	0	0	1	0	0	0	0	0	0	1	0
1	0	0	0	0	0	0	0	0	0	0	0	0	0	1	0	0	0	0	0	0
1	1	1	1	1	0	1	0	1	1	1	0	0	0	1	0	0	1	0	0	1
0	0	0	0	0	0	0	0	1	1	0	0	0	0	0	0	0	0	0	0	0
0	0	1	0	1	0	1	0	1	1	0	1	1	0	0	1	0	0	1	0	0
0	1	0	0	0	0	0	0	0	0	0	0	0	0	1	0	0	0	0	0	0
0	0	0	0	1	0	0	0	1	0	0	0	0	0	0	0	0	1	0	0	0
1	1	0	0	1	0	1	1	1	1	0	0	1	0	0	0	1	1	1	1	0
0	0	0	0	0	0	0	0	0	0	0	0	0	0	1	0	0	1	0	0	0
0	0	0	0	0	0	0	0	0	0	1	0	0	0	0	0	0	1	0	0	0
0	0	0	0	0	0	0	0	0	0	0	0	1	0	0	0	0	0	0	0	0
DIFF_EDGE
0 0
CHROM_NUMBER
10
EOF
