TYPE : graph_{count}
DIMENSION: 17
EDGE_DATA_FORMAT: EDGE_LIST
EDGE_WEIGHT_TYPE: EXPLICIT
EDGE_WEIGHT_FORMAT: FULL_MATRIX
EDGE_DATA_SECTION
0 2
0 3
0 4
0 5
0 6
0 7
0 10
0 12
0 13
1 2
1 3
1 4
1 5
1 7
1 8
1 10
1 12
1 14
1 15
2 4
2 7
2 9
2 12
2 13
3 6
3 7
3 12
3 13
4 8
4 9
4 12
4 13
4 16
5 6
5 8
5 13
6 7
6 10
6 11
6 15
7 10
7 12
7 13
7 16
8 9
8 11
9 10
9 12
10 12
10 13
12 13
13 14
-1
EDGE_WEIGHT_SECTION
0	0	1	1	1	1	1	1	0	0	1	0	1	1	0	0	0
0	0	1	1	1	1	0	1	1	0	1	0	1	0	1	1	0
1	1	0	0	1	0	0	1	0	1	0	0	1	1	0	0	0
1	1	0	0	0	0	1	1	0	0	0	0	1	1	0	0	0
1	1	1	0	0	0	0	0	1	1	0	0	1	1	0	0	1
1	1	0	0	0	0	1	0	1	0	0	0	0	1	0	0	0
1	0	0	1	0	1	0	1	0	0	1	1	0	0	0	1	0
1	1	1	1	0	0	1	0	0	0	1	0	1	1	0	0	1
0	1	0	0	1	1	0	0	0	1	0	1	0	0	0	0	0
0	0	1	0	1	0	0	0	1	0	1	0	1	0	0	0	0
1	1	0	0	0	0	1	1	0	1	0	0	1	1	0	0	0
0	0	0	0	0	0	1	0	1	0	0	0	0	0	0	0	0
1	1	1	1	1	0	0	1	0	1	1	0	1	1	0	0	0
1	0	1	1	1	1	0	1	0	0	1	0	1	0	1	0	0
0	1	0	0	0	0	0	0	0	0	0	0	0	1	0	0	0
0	1	0	0	0	0	1	0	0	0	0	0	0	0	0	0	0
0	0	0	0	1	0	0	1	0	0	0	0	0	0	0	0	0
DIFF_EDGE
0 0
CHROM_NUMBER
8
EOF
