TYPE : graph_{count}
DIMENSION: 21
EDGE_DATA_FORMAT: EDGE_LIST
EDGE_WEIGHT_TYPE: EXPLICIT
EDGE_WEIGHT_FORMAT: FULL_MATRIX
EDGE_DATA_SECTION
0 2
0 3
0 4
0 5
0 7
0 10
0 11
0 14
0 20
1 2
1 3
1 4
1 7
1 8
1 9
1 11
1 14
1 16
1 20
2 3
2 4
2 5
2 7
2 8
2 11
2 14
2 20
3 5
3 7
3 11
3 14
3 18
4 8
4 20
5 8
5 9
5 10
5 14
5 17
6 7
6 15
7 10
7 11
7 14
7 20
8 9
9 10
10 11
10 13
10 14
10 16
11 14
11 19
12 14
12 17
13 15
14 20
15 20
18 20
19 20
-1
EDGE_WEIGHT_SECTION
0	0	1	1	1	1	0	1	0	0	1	1	0	0	1	0	0	0	0	0	1
0	0	1	1	1	0	0	1	1	1	0	1	0	0	1	0	1	0	0	0	1
1	1	0	1	1	1	0	1	1	0	0	1	0	0	1	0	0	0	0	0	1
1	1	1	0	0	1	0	1	0	0	0	1	0	0	1	0	0	0	1	0	0
1	1	1	0	0	0	0	0	1	0	0	0	0	0	0	0	0	0	0	0	1
1	0	1	1	0	0	0	0	1	1	1	0	0	0	1	0	0	1	0	0	0
0	0	0	0	0	0	0	1	0	0	0	0	0	0	0	1	0	0	0	0	0
1	1	1	1	0	0	1	0	0	0	1	1	0	0	1	0	0	0	0	0	1
0	1	1	0	1	1	0	0	0	1	0	0	0	0	0	0	0	0	0	0	0
0	1	0	0	0	1	0	0	1	0	1	0	0	0	0	0	0	0	0	0	0
1	0	0	0	0	1	0	1	0	1	0	1	0	1	1	0	1	0	0	0	0
1	1	1	1	0	0	0	1	0	0	1	0	0	0	1	0	0	0	0	1	0
0	0	0	0	0	0	0	0	0	0	0	0	0	0	1	0	0	1	0	0	0
0	0	0	0	0	0	0	0	0	0	1	0	0	0	0	1	0	0	0	0	0
1	1	1	1	0	1	0	1	0	0	1	1	1	0	1	0	0	0	0	0	1
0	0	0	0	0	0	1	0	0	0	0	0	0	1	0	0	0	0	0	0	1
0	1	0	0	0	0	0	0	0	0	1	0	0	0	0	0	0	0	0	0	0
0	0	0	0	0	1	0	0	0	0	0	0	1	0	0	0	0	0	0	0	0
0	0	0	1	0	0	0	0	0	0	0	0	0	0	0	0	0	0	0	0	1
0	0	0	0	0	0	0	0	0	0	0	1	0	0	0	0	0	0	0	0	1
1	1	1	0	1	0	0	1	0	0	0	0	0	0	1	1	0	0	1	1	0
DIFF_EDGE
0 0
CHROM_NUMBER
9
EOF
