TYPE : graph_{count}
DIMENSION: 17
EDGE_DATA_FORMAT: EDGE_LIST
EDGE_WEIGHT_TYPE: EXPLICIT
EDGE_WEIGHT_FORMAT: FULL_MATRIX
EDGE_DATA_SECTION
0 1
0 3
0 5
0 6
0 7
0 14
0 16
1 3
1 5
1 6
1 7
1 8
1 9
1 15
1 16
2 3
2 6
2 7
2 8
2 9
2 15
3 4
3 5
3 16
4 5
4 6
4 7
4 8
4 9
4 14
4 15
4 16
5 6
5 9
5 16
6 7
6 8
6 11
7 8
7 10
7 15
7 16
8 10
8 13
8 15
9 10
9 16
10 11
10 15
10 16
11 12
11 15
11 16
13 16
14 15
15 16
-1
EDGE_WEIGHT_SECTION
0	1	0	1	0	1	1	1	0	0	0	0	0	0	1	0	1
1	0	0	1	0	1	1	1	1	1	0	0	0	0	0	1	1
0	0	0	1	0	0	1	1	1	1	0	0	0	0	0	1	0
1	1	1	0	1	1	0	0	0	0	0	0	0	0	0	0	1
0	0	0	1	0	1	1	1	1	1	0	0	0	0	1	1	1
1	1	0	1	1	0	1	0	0	1	0	0	0	0	0	0	1
1	1	1	0	1	1	0	1	1	0	0	1	0	0	0	0	0
1	1	1	0	1	0	1	0	1	0	1	0	0	0	0	1	1
0	1	1	0	1	0	1	1	0	0	1	0	0	1	0	1	0
0	1	1	0	1	1	0	0	0	0	1	0	0	0	0	0	1
0	0	0	0	0	0	0	1	1	1	0	1	0	0	0	1	1
0	0	0	0	0	0	1	0	0	0	1	0	1	0	0	1	1
0	0	0	0	0	0	0	0	0	0	0	1	0	0	0	0	0
0	0	0	0	0	0	0	0	1	0	0	0	0	0	0	0	1
1	0	0	0	1	0	0	0	0	0	0	0	0	0	0	1	0
0	1	1	0	1	0	0	1	1	0	1	1	0	0	1	0	1
1	1	0	1	1	1	0	1	0	1	1	1	0	1	0	1	0
DIFF_EDGE
0 0
CHROM_NUMBER
9
EOF
