TYPE : graph_{count}
DIMENSION: 20
EDGE_DATA_FORMAT: EDGE_LIST
EDGE_WEIGHT_TYPE: EXPLICIT
EDGE_WEIGHT_FORMAT: FULL_MATRIX
EDGE_DATA_SECTION
0 2
0 5
0 6
0 8
0 9
1 3
1 4
1 5
1 9
1 11
1 17
2 3
2 4
2 5
2 7
2 8
2 9
2 12
2 13
2 16
2 17
3 5
3 6
3 9
3 10
3 12
3 13
3 15
3 16
4 7
4 8
4 9
4 10
4 13
5 8
5 9
5 12
5 13
5 16
6 13
7 10
7 12
8 9
8 13
8 16
9 10
9 12
9 13
9 16
10 12
11 12
11 16
11 19
12 13
12 14
12 16
13 16
13 18
13 19
14 16
15 16
-1
EDGE_WEIGHT_SECTION
0	0	1	0	0	1	1	0	1	1	0	0	0	0	0	0	0	0	0	0
0	0	0	1	1	1	0	0	0	1	0	1	0	0	0	0	0	1	0	0
1	0	0	1	1	1	0	1	1	1	0	0	1	1	0	0	1	1	0	0
0	1	1	0	0	1	1	0	0	1	1	0	1	1	0	1	1	0	0	0
0	1	1	0	0	0	0	1	1	1	1	0	0	1	0	0	0	0	0	0
1	1	1	1	0	0	0	0	1	1	0	0	1	1	0	0	1	0	0	0
1	0	0	1	0	0	0	0	0	0	0	0	0	1	0	0	0	0	0	0
0	0	1	0	1	0	0	0	0	0	1	0	1	0	0	0	0	0	0	0
1	0	1	0	1	1	0	0	0	1	0	0	0	1	0	0	1	0	0	0
1	1	1	1	1	1	0	0	1	0	1	0	1	1	0	0	1	0	0	0
0	0	0	1	1	0	0	1	0	1	0	0	1	0	0	0	0	0	0	0
0	1	0	0	0	0	0	0	0	0	0	0	1	0	0	0	1	0	0	1
0	0	1	1	0	1	0	1	0	1	1	1	0	1	1	0	1	0	0	0
0	0	1	1	1	1	1	0	1	1	0	0	1	1	0	0	1	0	1	1
0	0	0	0	0	0	0	0	0	0	0	0	1	0	0	0	1	0	0	0
0	0	0	1	0	0	0	0	0	0	0	0	0	0	0	0	1	0	0	0
0	0	1	1	0	1	0	0	1	1	0	1	1	1	1	1	0	0	0	0
0	1	1	0	0	0	0	0	0	0	0	0	0	0	0	0	0	0	0	0
0	0	0	0	0	0	0	0	0	0	0	0	0	1	0	0	0	0	0	0
0	0	0	0	0	0	0	0	0	0	0	1	0	1	0	0	0	0	0	0
DIFF_EDGE
0 0
CHROM_NUMBER
9
EOF
