TYPE : graph_{count}
DIMENSION: 19
EDGE_DATA_FORMAT: EDGE_LIST
EDGE_WEIGHT_TYPE: EXPLICIT
EDGE_WEIGHT_FORMAT: FULL_MATRIX
EDGE_DATA_SECTION
0 2
0 3
0 4
0 7
0 8
0 10
0 11
0 13
0 16
0 17
1 4
1 6
1 7
1 8
1 9
1 10
1 11
1 17
2 4
2 7
2 8
2 9
2 10
2 11
2 13
2 16
2 17
3 5
3 9
3 11
3 13
3 14
3 16
3 17
4 5
4 6
4 7
4 9
4 11
4 13
4 16
4 17
4 18
5 7
5 13
5 16
5 17
6 8
6 9
6 11
6 12
6 16
7 8
7 11
8 9
8 10
8 17
9 10
9 11
10 13
10 15
11 13
11 15
11 16
11 17
12 13
12 17
13 16
13 17
15 16
16 17
-1
EDGE_WEIGHT_SECTION
0	0	1	1	1	0	0	1	1	0	1	1	0	1	0	0	1	1	0
0	0	0	0	1	0	1	1	1	1	1	1	0	0	0	0	0	1	0
1	0	0	0	1	0	0	1	1	1	1	1	0	1	0	0	1	1	0
1	0	0	0	0	1	0	0	0	1	0	1	0	1	1	0	1	1	0
1	1	1	0	0	1	1	1	0	1	0	1	0	1	0	0	1	1	1
0	0	0	1	1	0	0	1	0	0	0	0	0	1	0	0	1	1	0
0	1	0	0	1	0	0	0	1	1	0	1	1	0	0	0	1	0	0
1	1	1	0	1	1	0	0	1	0	0	1	0	0	0	0	0	0	0
1	1	1	0	0	0	1	1	0	1	1	0	0	0	0	0	0	1	0
0	1	1	1	1	0	1	0	1	0	1	1	0	0	0	0	0	0	0
1	1	1	0	0	0	0	0	1	1	0	0	0	1	0	1	0	0	0
1	1	1	1	1	0	1	1	0	1	0	1	0	1	0	1	1	1	0
0	0	0	0	0	0	1	0	0	0	0	0	0	1	0	0	0	1	0
1	0	1	1	1	1	0	0	0	0	1	1	1	0	0	0	1	1	0
0	0	0	1	0	0	0	0	0	0	0	0	0	0	0	0	0	0	0
0	0	0	0	0	0	0	0	0	0	1	1	0	0	0	0	1	0	0
1	0	1	1	1	1	1	0	0	0	0	1	0	1	0	1	0	1	0
1	1	1	1	1	1	0	0	1	0	0	1	1	1	0	0	1	0	0
0	0	0	0	1	0	0	0	0	0	0	0	0	0	0	0	0	0	0
DIFF_EDGE
0 0
CHROM_NUMBER
11
EOF
