TYPE : graph_{count}
DIMENSION: 19
EDGE_DATA_FORMAT: EDGE_LIST
EDGE_WEIGHT_TYPE: EXPLICIT
EDGE_WEIGHT_FORMAT: FULL_MATRIX
EDGE_DATA_SECTION
0 1
0 8
0 9
0 10
0 11
0 15
0 17
0 18
1 6
1 8
1 10
1 11
1 12
1 13
1 18
2 3
2 5
2 6
2 10
2 11
2 12
2 15
2 16
2 17
2 18
3 4
3 6
3 8
3 10
3 11
3 18
4 5
4 7
4 8
4 9
4 10
4 18
5 8
5 11
5 14
5 16
5 18
6 16
6 17
6 18
7 8
8 10
9 10
10 11
10 16
10 17
10 18
11 16
11 17
11 18
12 17
13 16
13 18
14 17
15 16
16 17
16 18
17 18
-1
EDGE_WEIGHT_SECTION
0	1	0	0	0	0	0	0	1	1	1	1	0	0	0	1	0	1	1
1	0	0	0	0	0	1	0	1	0	1	1	1	1	0	0	0	0	1
0	0	0	1	0	1	1	0	0	0	1	1	1	0	0	1	1	1	1
0	0	1	0	1	0	1	0	1	0	1	1	0	0	0	0	0	0	1
0	0	0	1	0	1	0	1	1	1	1	0	0	0	0	0	0	0	1
0	0	1	0	1	0	0	0	1	0	0	1	0	0	1	0	1	0	1
0	1	1	1	0	0	0	0	0	0	0	0	0	0	0	0	1	1	1
0	0	0	0	1	0	0	0	1	0	0	0	0	0	0	0	0	0	0
1	1	0	1	1	1	0	1	0	0	1	0	0	0	0	0	0	0	0
1	0	0	0	1	0	0	0	0	0	1	0	0	0	0	0	0	0	0
1	1	1	1	1	0	0	0	1	1	0	1	0	0	0	0	1	1	1
1	1	1	1	0	1	0	0	0	0	1	0	0	0	0	0	1	1	1
0	1	1	0	0	0	0	0	0	0	0	0	0	0	0	0	0	1	0
0	1	0	0	0	0	0	0	0	0	0	0	0	0	0	0	1	0	1
0	0	0	0	0	1	0	0	0	0	0	0	0	0	0	0	0	1	0
1	0	1	0	0	0	0	0	0	0	0	0	0	0	0	0	1	0	0
0	0	1	0	0	1	1	0	0	0	1	1	0	1	0	1	0	1	1
1	0	1	0	0	0	1	0	0	0	1	1	1	0	1	0	1	0	1
1	1	1	1	1	1	1	0	0	0	1	1	0	1	0	0	1	1	1
DIFF_EDGE
0 0
CHROM_NUMBER
10
EOF
