TYPE : graph_{count}
DIMENSION: 17
EDGE_DATA_FORMAT: EDGE_LIST
EDGE_WEIGHT_TYPE: EXPLICIT
EDGE_WEIGHT_FORMAT: FULL_MATRIX
EDGE_DATA_SECTION
0 2
0 6
0 7
0 8
0 9
0 12
0 13
1 5
1 6
1 7
2 3
2 5
2 6
3 4
4 5
4 8
4 9
4 11
4 12
4 13
5 7
5 10
5 12
7 9
7 10
7 12
7 13
7 15
8 9
8 10
8 12
8 13
8 16
9 12
9 13
9 14
12 13
-1
EDGE_WEIGHT_SECTION
0	0	1	0	0	0	1	1	1	1	0	0	1	1	0	0	0
0	0	0	0	0	1	1	1	0	0	0	0	0	0	0	0	0
1	0	0	1	0	1	1	0	0	0	0	0	0	0	0	0	0
0	0	1	0	1	0	0	0	0	0	0	0	0	0	0	0	0
0	0	0	1	0	1	0	0	1	1	0	1	1	1	0	0	0
0	1	1	0	1	0	0	1	0	0	1	0	1	0	0	0	0
1	1	1	0	0	0	0	0	0	0	0	0	0	0	0	0	0
1	1	0	0	0	1	0	0	0	1	1	0	1	1	0	1	0
1	0	0	0	1	0	0	0	0	1	1	0	1	1	0	0	1
1	0	0	0	1	0	0	1	1	0	0	0	1	1	1	0	0
0	0	0	0	0	1	0	1	1	0	0	0	0	0	0	0	0
0	0	0	0	1	0	0	0	0	0	0	0	0	0	0	0	0
1	0	0	0	1	1	0	1	1	1	0	0	0	1	0	0	0
1	0	0	0	1	0	0	1	1	1	0	0	1	0	0	0	0
0	0	0	0	0	0	0	0	0	1	0	0	0	0	0	0	0
0	0	0	0	0	0	0	1	0	0	0	0	0	0	0	0	0
0	0	0	0	0	0	0	0	1	0	0	0	0	0	0	0	0
DIFF_EDGE
0 0
CHROM_NUMBER
7
EOF
