TYPE : graph_{count}
DIMENSION: 20
EDGE_DATA_FORMAT: EDGE_LIST
EDGE_WEIGHT_TYPE: EXPLICIT
EDGE_WEIGHT_FORMAT: FULL_MATRIX
EDGE_DATA_SECTION
0 2
0 3
0 5
0 6
0 7
0 8
0 11
0 17
1 2
1 5
1 7
1 8
1 13
2 3
2 4
2 7
2 8
2 13
3 4
3 9
3 13
4 6
4 7
4 8
4 9
4 10
4 13
5 8
5 10
5 13
6 10
7 10
7 15
8 13
8 14
10 12
12 13
12 18
13 15
13 19
14 16
17 18
-1
EDGE_WEIGHT_SECTION
0	0	1	1	0	1	1	1	1	0	0	1	0	0	0	0	0	1	0	0
0	0	1	0	0	1	0	1	1	0	0	0	0	1	0	0	0	0	0	0
1	1	0	1	1	0	0	1	1	0	0	0	0	1	0	0	0	0	0	0
1	0	1	0	1	0	0	0	0	1	0	0	0	1	0	0	0	0	0	0
0	0	1	1	0	0	1	1	1	1	1	0	0	1	0	0	0	0	0	0
1	1	0	0	0	0	0	0	1	0	1	0	0	1	0	0	0	0	0	0
1	0	0	0	1	0	0	0	0	0	1	0	0	0	0	0	0	0	0	0
1	1	1	0	1	0	0	0	0	0	1	0	0	0	0	1	0	0	0	0
1	1	1	0	1	1	0	0	0	0	0	0	0	1	1	0	0	0	0	0
0	0	0	1	1	0	0	0	0	0	0	0	0	0	0	0	0	0	0	0
0	0	0	0	1	1	1	1	0	0	0	0	1	0	0	0	0	0	0	0
1	0	0	0	0	0	0	0	0	0	0	0	0	0	0	0	0	0	0	0
0	0	0	0	0	0	0	0	0	0	1	0	0	1	0	0	0	0	1	0
0	1	1	1	1	1	0	0	1	0	0	0	1	1	0	1	0	0	0	1
0	0	0	0	0	0	0	0	1	0	0	0	0	0	0	0	1	0	0	0
0	0	0	0	0	0	0	1	0	0	0	0	0	1	0	0	0	0	0	0
0	0	0	0	0	0	0	0	0	0	0	0	0	0	1	0	0	0	0	0
1	0	0	0	0	0	0	0	0	0	0	0	0	0	0	0	0	0	1	0
0	0	0	0	0	0	0	0	0	0	0	0	1	0	0	0	0	1	0	0
0	0	0	0	0	0	0	0	0	0	0	0	0	1	0	0	0	0	0	0
DIFF_EDGE
0 0
CHROM_NUMBER
6
EOF
