TYPE : graph_{count}
DIMENSION: 21
EDGE_DATA_FORMAT: EDGE_LIST
EDGE_WEIGHT_TYPE: EXPLICIT
EDGE_WEIGHT_FORMAT: FULL_MATRIX
EDGE_DATA_SECTION
0 1
0 3
0 8
1 2
1 8
2 10
2 19
3 4
3 6
3 7
3 10
4 5
4 6
4 8
4 10
4 14
4 15
5 7
5 8
5 9
6 8
7 8
7 9
7 10
8 10
8 12
10 11
10 17
12 13
14 16
14 19
17 20
18 20
-1
EDGE_WEIGHT_SECTION
0	1	0	1	0	0	0	0	1	0	0	0	0	0	0	0	0	0	0	0	0
1	0	1	0	0	0	0	0	1	0	0	0	0	0	0	0	0	0	0	0	0
0	1	0	0	0	0	0	0	0	0	1	0	0	0	0	0	0	0	0	1	0
1	0	0	0	1	0	1	1	0	0	1	0	0	0	0	0	0	0	0	0	0
0	0	0	1	0	1	1	0	1	0	1	0	0	0	1	1	0	0	0	0	0
0	0	0	0	1	0	0	1	1	1	0	0	0	0	0	0	0	0	0	0	0
0	0	0	1	1	0	0	0	1	0	0	0	0	0	0	0	0	0	0	0	0
0	0	0	1	0	1	0	0	1	1	1	0	0	0	0	0	0	0	0	0	0
1	1	0	0	1	1	1	1	0	0	1	0	1	0	0	0	0	0	0	0	0
0	0	0	0	0	1	0	1	0	0	0	0	0	0	0	0	0	0	0	0	0
0	0	1	1	1	0	0	1	1	0	0	1	0	0	0	0	0	1	0	0	0
0	0	0	0	0	0	0	0	0	0	1	0	0	0	0	0	0	0	0	0	0
0	0	0	0	0	0	0	0	1	0	0	0	0	1	0	0	0	0	0	0	0
0	0	0	0	0	0	0	0	0	0	0	0	1	0	0	0	0	0	0	0	0
0	0	0	0	1	0	0	0	0	0	0	0	0	0	0	0	1	0	0	1	0
0	0	0	0	1	0	0	0	0	0	0	0	0	0	0	0	0	0	0	0	0
0	0	0	0	0	0	0	0	0	0	0	0	0	0	1	0	0	0	0	0	0
0	0	0	0	0	0	0	0	0	0	1	0	0	0	0	0	0	0	0	0	1
0	0	0	0	0	0	0	0	0	0	0	0	0	0	0	0	0	0	0	0	1
0	0	1	0	0	0	0	0	0	0	0	0	0	0	1	0	0	0	0	0	0
0	0	0	0	0	0	0	0	0	0	0	0	0	0	0	0	0	1	1	0	0
DIFF_EDGE
0 0
CHROM_NUMBER
5
EOF
