TYPE : graph_{count}
DIMENSION: 15
EDGE_DATA_FORMAT: EDGE_LIST
EDGE_WEIGHT_TYPE: EXPLICIT
EDGE_WEIGHT_FORMAT: FULL_MATRIX
EDGE_DATA_SECTION
0 1
0 3
0 5
0 10
0 13
1 3
1 4
1 6
1 10
1 13
2 3
2 5
2 6
2 8
2 9
2 13
2 14
3 5
3 6
3 8
3 10
3 13
4 6
4 8
4 9
4 10
5 6
5 8
5 9
5 13
6 8
6 9
6 12
6 13
7 9
8 11
9 13
11 13
-1
EDGE_WEIGHT_SECTION
0	1	0	1	0	1	0	0	0	0	1	0	0	1	0
1	0	0	1	1	0	1	0	0	0	1	0	0	1	0
0	0	0	1	0	1	1	0	1	1	0	0	0	1	1
1	1	1	0	0	1	1	0	1	0	1	0	0	1	0
0	1	0	0	0	0	1	0	1	1	1	0	0	0	0
1	0	1	1	0	0	1	0	1	1	0	0	0	1	0
0	1	1	1	1	1	0	0	1	1	0	0	1	1	0
0	0	0	0	0	0	0	0	0	1	0	0	0	0	0
0	0	1	1	1	1	1	0	0	0	0	1	0	0	0
0	0	1	0	1	1	1	1	0	0	0	0	0	1	0
1	1	0	1	1	0	0	0	0	0	0	0	0	0	0
0	0	0	0	0	0	0	0	1	0	0	0	0	1	0
0	0	0	0	0	0	1	0	0	0	0	0	0	0	0
1	1	1	1	0	1	1	0	0	1	0	1	0	0	0
0	0	1	0	0	0	0	0	0	0	0	0	0	0	0
DIFF_EDGE
0 0
CHROM_NUMBER
7
EOF
