TYPE : graph_{count}
DIMENSION: 21
EDGE_DATA_FORMAT: EDGE_LIST
EDGE_WEIGHT_TYPE: EXPLICIT
EDGE_WEIGHT_FORMAT: FULL_MATRIX
EDGE_DATA_SECTION
0 3
0 4
0 5
0 7
0 9
0 10
0 12
0 17
0 18
1 5
1 6
1 8
1 10
1 17
2 3
2 5
2 8
2 9
2 10
2 12
2 14
2 17
2 18
3 4
3 6
3 8
3 9
3 12
3 14
3 17
3 18
4 5
4 6
4 8
4 11
4 12
4 18
5 7
5 8
5 9
5 10
5 13
5 15
6 16
6 18
7 8
7 11
7 17
8 9
8 10
8 12
8 14
8 16
8 17
8 19
9 12
9 14
9 18
9 20
10 12
10 14
10 17
11 14
11 17
12 13
12 14
12 17
12 18
14 17
14 18
15 18
17 18
17 20
18 19
-1
EDGE_WEIGHT_SECTION
0	0	0	1	1	1	0	1	0	1	1	0	1	0	0	0	0	1	1	0	0
0	0	0	0	0	1	1	0	1	0	1	0	0	0	0	0	0	1	0	0	0
0	0	0	1	0	1	0	0	1	1	1	0	1	0	1	0	0	1	1	0	0
1	0	1	0	1	0	1	0	1	1	0	0	1	0	1	0	0	1	1	0	0
1	0	0	1	0	1	1	0	1	0	0	1	1	0	0	0	0	0	1	0	0
1	1	1	0	1	0	0	1	1	1	1	0	0	1	0	1	0	0	0	0	0
0	1	0	1	1	0	0	0	0	0	0	0	0	0	0	0	1	0	1	0	0
1	0	0	0	0	1	0	0	1	0	0	1	0	0	0	0	0	1	0	0	0
0	1	1	1	1	1	0	1	0	1	1	0	1	0	1	0	1	1	0	1	0
1	0	1	1	0	1	0	0	1	0	0	0	1	0	1	0	0	0	1	0	1
1	1	1	0	0	1	0	0	1	0	0	0	1	0	1	0	0	1	0	0	0
0	0	0	0	1	0	0	1	0	0	0	0	0	0	1	0	0	1	0	0	0
1	0	1	1	1	0	0	0	1	1	1	0	1	1	1	0	0	1	1	0	0
0	0	0	0	0	1	0	0	0	0	0	0	1	0	0	0	0	0	0	0	0
0	0	1	1	0	0	0	0	1	1	1	1	1	0	0	0	0	1	1	0	0
0	0	0	0	0	1	0	0	0	0	0	0	0	0	0	0	0	0	1	0	0
0	0	0	0	0	0	1	0	1	0	0	0	0	0	0	0	0	0	0	0	0
1	1	1	1	0	0	0	1	1	0	1	1	1	0	1	0	0	0	1	0	1
1	0	1	1	1	0	1	0	0	1	0	0	1	0	1	1	0	1	0	1	0
0	0	0	0	0	0	0	0	1	0	0	0	0	0	0	0	0	0	1	0	0
0	0	0	0	0	0	0	0	0	1	0	0	0	0	0	0	0	1	0	0	0
DIFF_EDGE
0 0
CHROM_NUMBER
10
EOF
