TYPE : graph_{count}
DIMENSION: 17
EDGE_DATA_FORMAT: EDGE_LIST
EDGE_WEIGHT_TYPE: EXPLICIT
EDGE_WEIGHT_FORMAT: FULL_MATRIX
EDGE_DATA_SECTION
0 2
0 3
0 4
0 10
1 4
1 6
1 7
1 8
1 9
1 10
1 13
1 15
2 4
2 5
2 7
2 8
2 9
2 12
3 6
3 10
3 12
4 5
4 7
4 9
4 10
4 12
4 13
5 6
5 10
5 12
5 13
6 8
6 10
7 8
7 12
7 13
7 14
8 9
8 10
9 10
9 12
9 13
10 11
10 13
10 16
12 13
12 15
12 16
-1
EDGE_WEIGHT_SECTION
0	0	1	1	1	0	0	0	0	0	1	0	0	0	0	0	0
0	0	0	0	1	0	1	1	1	1	1	0	0	1	0	1	0
1	0	0	0	1	1	0	1	1	1	0	0	1	0	0	0	0
1	0	0	0	0	0	1	0	0	0	1	0	1	0	0	0	0
1	1	1	0	0	1	0	1	0	1	1	0	1	1	0	0	0
0	0	1	0	1	0	1	0	0	0	1	0	1	1	0	0	0
0	1	0	1	0	1	0	0	1	0	1	0	0	0	0	0	0
0	1	1	0	1	0	0	0	1	0	0	0	1	1	1	0	0
0	1	1	0	0	0	1	1	0	1	1	0	0	0	0	0	0
0	1	1	0	1	0	0	0	1	0	1	0	1	1	0	0	0
1	1	0	1	1	1	1	0	1	1	0	1	0	1	0	0	1
0	0	0	0	0	0	0	0	0	0	1	0	0	0	0	0	0
0	0	1	1	1	1	0	1	0	1	0	0	0	1	0	1	1
0	1	0	0	1	1	0	1	0	1	1	0	1	0	0	0	0
0	0	0	0	0	0	0	1	0	0	0	0	0	0	0	0	0
0	1	0	0	0	0	0	0	0	0	0	0	1	0	0	0	0
0	0	0	0	0	0	0	0	0	0	1	0	1	0	0	0	0
DIFF_EDGE
0 0
CHROM_NUMBER
8
EOF
