TYPE : graph_{count}
DIMENSION: 16
EDGE_DATA_FORMAT: EDGE_LIST
EDGE_WEIGHT_TYPE: EXPLICIT
EDGE_WEIGHT_FORMAT: FULL_MATRIX
EDGE_DATA_SECTION
0 1
0 2
0 3
0 4
0 6
0 8
0 10
0 11
0 13
0 14
1 2
1 7
1 10
1 11
2 3
2 4
2 5
2 6
2 8
2 10
2 11
2 13
3 8
3 9
4 7
4 8
4 9
4 10
4 11
4 13
5 8
5 10
5 13
6 9
6 10
6 13
7 8
7 10
7 11
7 13
7 15
8 11
8 13
9 14
10 11
10 12
11 13
12 13
-1
EDGE_WEIGHT_SECTION
0	1	1	1	1	0	1	0	1	0	1	1	0	1	1	0
1	0	1	0	0	0	0	1	0	0	1	1	0	0	0	0
1	1	0	1	1	1	1	0	1	0	1	1	0	1	0	0
1	0	1	0	0	0	0	0	1	1	0	0	0	0	0	0
1	0	1	0	0	0	0	1	1	1	1	1	0	1	0	0
0	0	1	0	0	0	0	0	1	0	1	0	0	1	0	0
1	0	1	0	0	0	0	0	0	1	1	0	0	1	0	0
0	1	0	0	1	0	0	0	1	0	1	1	0	1	0	1
1	0	1	1	1	1	0	1	0	0	0	1	0	1	0	0
0	0	0	1	1	0	1	0	0	0	0	0	0	0	1	0
1	1	1	0	1	1	1	1	0	0	0	1	1	0	0	0
1	1	1	0	1	0	0	1	1	0	1	0	0	1	0	0
0	0	0	0	0	0	0	0	0	0	1	0	0	1	0	0
1	0	1	0	1	1	1	1	1	0	0	1	1	1	0	0
1	0	0	0	0	0	0	0	0	1	0	0	0	0	0	0
0	0	0	0	0	0	0	1	0	0	0	0	0	0	0	0
DIFF_EDGE
0 0
CHROM_NUMBER
8
EOF
