TYPE : graph_{count}
DIMENSION: 17
EDGE_DATA_FORMAT: EDGE_LIST
EDGE_WEIGHT_TYPE: EXPLICIT
EDGE_WEIGHT_FORMAT: FULL_MATRIX
EDGE_DATA_SECTION
0 4
0 6
0 7
0 8
1 2
1 3
1 4
1 7
1 8
1 9
1 10
1 16
2 4
2 5
2 6
2 7
2 8
2 16
3 4
3 7
3 9
3 10
4 8
4 9
4 10
4 11
4 16
6 7
6 14
6 16
7 11
7 12
7 16
8 9
8 10
8 12
8 13
8 16
9 10
9 16
10 14
11 16
12 16
13 16
14 15
-1
EDGE_WEIGHT_SECTION
0	0	0	0	1	0	1	1	1	0	0	0	0	0	0	0	0
0	0	1	1	1	0	0	1	1	1	1	0	0	0	0	0	1
0	1	0	0	1	1	1	1	1	0	0	0	0	0	0	0	1
0	1	0	0	1	0	0	1	0	1	1	0	0	0	0	0	0
1	1	1	1	0	0	0	0	1	1	1	1	0	0	0	0	1
0	0	1	0	0	0	0	0	0	0	0	0	0	0	0	0	0
1	0	1	0	0	0	0	1	0	0	0	0	0	0	1	0	1
1	1	1	1	0	0	1	0	0	0	0	1	1	0	0	0	1
1	1	1	0	1	0	0	0	0	1	1	0	1	1	0	0	1
0	1	0	1	1	0	0	0	1	0	1	0	0	0	0	0	1
0	1	0	1	1	0	0	0	1	1	0	0	0	0	1	0	0
0	0	0	0	1	0	0	1	0	0	0	0	0	0	0	0	1
0	0	0	0	0	0	0	1	1	0	0	0	0	0	0	0	1
0	0	0	0	0	0	0	0	1	0	0	0	0	0	0	0	1
0	0	0	0	0	0	1	0	0	0	1	0	0	0	0	1	0
0	0	0	0	0	0	0	0	0	0	0	0	0	0	1	0	0
0	1	1	0	1	0	1	1	1	1	0	1	1	1	0	0	0
DIFF_EDGE
0 0
CHROM_NUMBER
7
EOF
