TYPE : graph_{count}
DIMENSION: 17
EDGE_DATA_FORMAT: EDGE_LIST
EDGE_WEIGHT_TYPE: EXPLICIT
EDGE_WEIGHT_FORMAT: FULL_MATRIX
EDGE_DATA_SECTION
0 5
0 12
1 4
1 5
1 6
1 9
1 10
1 12
1 14
2 3
2 4
2 5
2 7
2 9
2 10
2 12
2 14
3 5
3 7
3 8
3 9
3 10
3 12
3 14
4 5
4 6
4 9
4 12
5 7
5 8
5 14
5 15
6 9
6 10
6 14
7 9
7 10
7 12
7 16
8 9
8 10
8 14
9 11
9 12
11 12
11 14
12 13
12 14
13 14
14 16
-1
EDGE_WEIGHT_SECTION
0	0	0	0	0	1	0	0	0	0	0	0	1	0	0	0	0
0	0	0	0	1	1	1	0	0	1	1	0	1	0	1	0	0
0	0	0	1	1	1	0	1	0	1	1	0	1	0	1	0	0
0	0	1	0	0	1	0	1	1	1	1	0	1	0	1	0	0
0	1	1	0	0	1	1	0	0	1	0	0	1	0	0	0	0
1	1	1	1	1	0	0	1	1	0	0	0	0	0	1	1	0
0	1	0	0	1	0	0	0	0	1	1	0	0	0	1	0	0
0	0	1	1	0	1	0	0	0	1	1	0	1	0	0	0	1
0	0	0	1	0	1	0	0	0	1	1	0	0	0	1	0	0
0	1	1	1	1	0	1	1	1	0	0	1	1	0	0	0	0
0	1	1	1	0	0	1	1	1	0	0	0	0	0	0	0	0
0	0	0	0	0	0	0	0	0	1	0	0	1	0	1	0	0
1	1	1	1	1	0	0	1	0	1	0	1	0	1	1	0	0
0	0	0	0	0	0	0	0	0	0	0	0	1	0	1	0	0
0	1	1	1	0	1	1	0	1	0	0	1	1	1	1	0	1
0	0	0	0	0	1	0	0	0	0	0	0	0	0	0	0	0
0	0	0	0	0	0	0	1	0	0	0	0	0	0	1	0	0
DIFF_EDGE
0 0
CHROM_NUMBER
8
EOF
