TYPE : graph_{count}
DIMENSION: 16
EDGE_DATA_FORMAT: EDGE_LIST
EDGE_WEIGHT_TYPE: EXPLICIT
EDGE_WEIGHT_FORMAT: FULL_MATRIX
EDGE_DATA_SECTION
0 1
0 2
0 3
0 6
0 7
0 8
0 13
0 14
1 3
1 5
1 9
1 11
1 12
1 14
2 4
2 5
2 6
3 5
3 6
3 8
3 14
3 15
4 10
4 14
5 6
5 10
5 14
6 7
6 9
6 10
6 14
7 8
8 10
8 14
9 14
10 11
10 14
11 14
12 14
-1
EDGE_WEIGHT_SECTION
0	1	1	1	0	0	1	1	1	0	0	0	0	1	1	0
1	0	0	1	0	1	0	0	0	1	0	1	1	0	1	0
1	0	0	0	1	1	1	0	0	0	0	0	0	0	0	0
1	1	0	0	0	1	1	0	1	0	0	0	0	0	1	1
0	0	1	0	0	0	0	0	0	0	1	0	0	0	1	0
0	1	1	1	0	0	1	0	0	0	1	0	0	0	1	0
1	0	1	1	0	1	0	1	0	1	1	0	0	0	1	0
1	0	0	0	0	0	1	0	1	0	0	0	0	0	0	0
1	0	0	1	0	0	0	1	0	0	1	0	0	0	1	0
0	1	0	0	0	0	1	0	0	0	0	0	0	0	1	0
0	0	0	0	1	1	1	0	1	0	0	1	0	0	1	0
0	1	0	0	0	0	0	0	0	0	1	0	0	0	1	0
0	1	0	0	0	0	0	0	0	0	0	0	0	0	1	0
1	0	0	0	0	0	0	0	0	0	0	0	0	0	0	0
1	1	0	1	1	1	1	0	1	1	1	1	1	0	0	0
0	0	0	1	0	0	0	0	0	0	0	0	0	0	0	0
DIFF_EDGE
0 0
CHROM_NUMBER
7
EOF
