TYPE : graph_{count}
DIMENSION: 16
EDGE_DATA_FORMAT: EDGE_LIST
EDGE_WEIGHT_TYPE: EXPLICIT
EDGE_WEIGHT_FORMAT: FULL_MATRIX
EDGE_DATA_SECTION
0 3
0 5
0 6
0 8
0 9
0 12
0 13
0 15
1 2
1 3
1 8
1 10
1 15
2 5
2 9
2 12
3 4
3 7
3 8
3 10
3 12
3 13
3 15
4 5
4 6
4 8
4 12
4 13
4 15
5 7
5 11
5 12
5 13
6 10
6 12
7 12
8 12
8 13
8 14
9 11
11 15
12 13
12 15
13 15
14 15
-1
EDGE_WEIGHT_SECTION
0	0	0	1	0	1	1	0	1	1	0	0	1	1	0	1
0	0	1	1	0	0	0	0	1	0	1	0	0	0	0	1
0	1	0	0	0	1	0	0	0	1	0	0	1	0	0	0
1	1	0	0	1	0	0	1	1	0	1	0	1	1	0	1
0	0	0	1	0	1	1	0	1	0	0	0	1	1	0	1
1	0	1	0	1	0	0	1	0	0	0	1	1	1	0	0
1	0	0	0	1	0	0	0	0	0	1	0	1	0	0	0
0	0	0	1	0	1	0	0	0	0	0	0	1	0	0	0
1	1	0	1	1	0	0	0	0	0	0	0	1	1	1	0
1	0	1	0	0	0	0	0	0	0	0	1	0	0	0	0
0	1	0	1	0	0	1	0	0	0	0	0	0	0	0	0
0	0	0	0	0	1	0	0	0	1	0	0	0	0	0	1
1	0	1	1	1	1	1	1	1	0	0	0	0	1	0	1
1	0	0	1	1	1	0	0	1	0	0	0	1	0	0	1
0	0	0	0	0	0	0	0	1	0	0	0	0	0	0	1
1	1	0	1	1	0	0	0	0	0	0	1	1	1	1	1
DIFF_EDGE
0 0
CHROM_NUMBER
8
EOF
