TYPE : graph_{count}
DIMENSION: 15
EDGE_DATA_FORMAT: EDGE_LIST
EDGE_WEIGHT_TYPE: EXPLICIT
EDGE_WEIGHT_FORMAT: FULL_MATRIX
EDGE_DATA_SECTION
0 2
0 3
0 5
0 6
0 9
1 3
1 6
1 7
1 10
1 13
2 3
2 5
2 7
2 8
3 5
3 6
4 5
4 6
4 8
4 9
4 10
4 13
5 6
5 10
5 12
5 13
5 14
6 9
7 9
7 10
7 13
8 9
8 10
8 13
8 14
9 10
9 11
9 12
9 13
10 13
-1
EDGE_WEIGHT_SECTION
0	0	1	1	0	1	1	0	0	1	0	0	0	0	0
0	0	0	1	0	0	1	1	0	0	1	0	0	1	0
1	0	0	1	0	1	0	1	1	0	0	0	0	0	0
1	1	1	0	0	1	1	0	0	0	0	0	0	0	0
0	0	0	0	0	1	1	0	1	1	1	0	0	1	0
1	0	1	1	1	0	1	0	0	0	1	0	1	1	1
1	1	0	1	1	1	0	0	0	1	0	0	0	0	0
0	1	1	0	0	0	0	0	0	1	1	0	0	1	0
0	0	1	0	1	0	0	0	0	1	1	0	0	1	1
1	0	0	0	1	0	1	1	1	0	1	1	1	1	0
0	1	0	0	1	1	0	1	1	1	0	0	0	1	0
0	0	0	0	0	0	0	0	0	1	0	0	0	0	0
0	0	0	0	0	1	0	0	0	1	0	0	0	0	0
0	1	0	0	1	1	0	1	1	1	1	0	0	1	0
0	0	0	0	0	1	0	0	1	0	0	0	0	0	0
DIFF_EDGE
0 0
CHROM_NUMBER
7
EOF
