TYPE : graph_{count}
DIMENSION: 15
EDGE_DATA_FORMAT: EDGE_LIST
EDGE_WEIGHT_TYPE: EXPLICIT
EDGE_WEIGHT_FORMAT: FULL_MATRIX
EDGE_DATA_SECTION
0 1
0 2
0 3
0 6
0 7
0 13
1 3
1 7
1 9
1 12
2 7
2 10
2 11
3 7
3 8
3 10
3 13
4 5
4 6
4 8
4 9
4 11
5 7
5 10
6 8
6 9
7 8
7 9
7 10
7 13
8 12
8 13
8 14
9 10
9 13
12 13
-1
EDGE_WEIGHT_SECTION
0	1	1	1	0	0	1	1	0	0	0	0	0	1	0
1	0	0	1	0	0	0	1	0	1	0	0	1	0	0
1	0	0	0	0	0	0	1	0	0	1	1	0	0	0
1	1	0	0	0	0	0	1	1	0	1	0	0	1	0
0	0	0	0	0	1	1	0	1	1	0	1	0	0	0
0	0	0	0	1	0	0	1	0	0	1	0	0	0	0
1	0	0	0	1	0	0	0	1	1	0	0	0	0	0
1	1	1	1	0	1	0	0	1	1	1	0	0	1	0
0	0	0	1	1	0	1	1	0	0	0	0	1	1	1
0	1	0	0	1	0	1	1	0	0	1	0	0	1	0
0	0	1	1	0	1	0	1	0	1	0	0	0	0	0
0	0	1	0	1	0	0	0	0	0	0	0	0	0	0
0	1	0	0	0	0	0	0	1	0	0	0	0	1	0
1	0	0	1	0	0	0	1	1	1	0	0	1	0	0
0	0	0	0	0	0	0	0	1	0	0	0	0	0	0
DIFF_EDGE
0 0
CHROM_NUMBER
7
EOF
