TYPE : graph_{count}
DIMENSION: 18
EDGE_DATA_FORMAT: EDGE_LIST
EDGE_WEIGHT_TYPE: EXPLICIT
EDGE_WEIGHT_FORMAT: FULL_MATRIX
EDGE_DATA_SECTION
0 1
0 2
0 3
0 4
0 6
0 7
0 8
0 13
0 17
1 5
1 6
1 9
1 16
2 5
2 6
2 7
2 10
3 4
3 5
3 7
3 16
4 7
4 8
4 10
4 12
4 14
4 15
5 6
5 9
5 10
5 11
6 15
7 8
7 9
7 10
8 9
8 10
9 10
-1
EDGE_WEIGHT_SECTION
0	1	1	1	1	0	1	1	1	0	0	0	0	1	0	0	0	1
1	0	0	0	0	1	1	0	0	1	0	0	0	0	0	0	1	0
1	0	0	0	0	1	1	1	0	0	1	0	0	0	0	0	0	0
1	0	0	0	1	1	0	1	0	0	0	0	0	0	0	0	1	0
1	0	0	1	0	0	0	1	1	0	1	0	1	0	1	1	0	0
0	1	1	1	0	0	1	0	0	1	1	1	0	0	0	0	0	0
1	1	1	0	0	1	0	0	0	0	0	0	0	0	0	1	0	0
1	0	1	1	1	0	0	0	1	1	1	0	0	0	0	0	0	0
1	0	0	0	1	0	0	1	0	1	1	0	0	0	0	0	0	0
0	1	0	0	0	1	0	1	1	0	1	0	0	0	0	0	0	0
0	0	1	0	1	1	0	1	1	1	0	0	0	0	0	0	0	0
0	0	0	0	0	1	0	0	0	0	0	0	0	0	0	0	0	0
0	0	0	0	1	0	0	0	0	0	0	0	0	0	0	0	0	0
1	0	0	0	0	0	0	0	0	0	0	0	0	0	0	0	0	0
0	0	0	0	1	0	0	0	0	0	0	0	0	0	0	0	0	0
0	0	0	0	1	0	1	0	0	0	0	0	0	0	0	0	0	0
0	1	0	1	0	0	0	0	0	0	0	0	0	0	0	0	0	0
1	0	0	0	0	0	0	0	0	0	0	0	0	0	0	0	0	0
DIFF_EDGE
0 0
CHROM_NUMBER
6
EOF
