TYPE : graph_{count}
DIMENSION: 18
EDGE_DATA_FORMAT: EDGE_LIST
EDGE_WEIGHT_TYPE: EXPLICIT
EDGE_WEIGHT_FORMAT: FULL_MATRIX
EDGE_DATA_SECTION
0 3
0 6
0 8
0 9
0 10
0 13
1 5
1 7
1 8
2 3
2 4
3 4
3 6
3 9
3 11
3 12
4 6
4 9
4 13
4 14
4 16
5 6
5 13
5 15
5 17
6 7
6 9
6 13
7 13
8 11
8 13
8 16
9 13
10 12
10 17
12 13
14 15
-1
EDGE_WEIGHT_SECTION
0	0	0	1	0	0	1	0	1	1	1	0	0	1	0	0	0	0
0	0	0	0	0	1	0	1	1	0	0	0	0	0	0	0	0	0
0	0	0	1	1	0	0	0	0	0	0	0	0	0	0	0	0	0
1	0	1	0	1	0	1	0	0	1	0	1	1	0	0	0	0	0
0	0	1	1	0	0	1	0	0	1	0	0	0	1	1	0	1	0
0	1	0	0	0	0	1	0	0	0	0	0	0	1	0	1	0	1
1	0	0	1	1	1	0	1	0	1	0	0	0	1	0	0	0	0
0	1	0	0	0	0	1	0	0	0	0	0	0	1	0	0	0	0
1	1	0	0	0	0	0	0	0	0	0	1	0	1	0	0	1	0
1	0	0	1	1	0	1	0	0	0	0	0	0	1	0	0	0	0
1	0	0	0	0	0	0	0	0	0	0	0	1	0	0	0	0	1
0	0	0	1	0	0	0	0	1	0	0	0	0	0	0	0	0	0
0	0	0	1	0	0	0	0	0	0	1	0	0	1	0	0	0	0
1	0	0	0	1	1	1	1	1	1	0	0	1	0	0	0	0	0
0	0	0	0	1	0	0	0	0	0	0	0	0	0	0	1	0	0
0	0	0	0	0	1	0	0	0	0	0	0	0	0	1	0	0	0
0	0	0	0	1	0	0	0	1	0	0	0	0	0	0	0	0	0
0	0	0	0	0	1	0	0	0	0	1	0	0	0	0	0	0	0
DIFF_EDGE
0 0
CHROM_NUMBER
7
EOF
