TYPE : graph_{count}
DIMENSION: 19
EDGE_DATA_FORMAT: EDGE_LIST
EDGE_WEIGHT_TYPE: EXPLICIT
EDGE_WEIGHT_FORMAT: FULL_MATRIX
EDGE_DATA_SECTION
0 1
0 3
0 5
0 7
0 10
0 12
0 13
0 14
0 17
0 18
1 2
1 3
1 5
1 6
1 9
1 10
1 13
1 14
1 17
2 10
2 13
3 4
3 5
3 6
3 7
3 12
3 13
3 14
3 17
4 8
4 17
5 6
5 7
5 8
5 9
5 12
5 13
5 14
5 17
6 9
6 13
6 15
7 8
7 9
7 11
7 12
7 17
8 12
8 13
8 14
8 15
8 16
8 18
9 10
9 12
9 14
9 16
9 17
10 13
11 13
11 14
11 17
12 13
12 14
12 17
13 14
13 17
14 17
-1
EDGE_WEIGHT_SECTION
0	1	0	1	0	1	0	1	0	0	1	0	1	1	1	0	0	1	1
1	0	1	1	0	1	1	0	0	1	1	0	0	1	1	0	0	1	0
0	1	0	0	0	0	0	0	0	0	1	0	0	1	0	0	0	0	0
1	1	0	0	1	1	1	1	0	0	0	0	1	1	1	0	0	1	0
0	0	0	1	0	0	0	0	1	0	0	0	0	0	0	0	0	1	0
1	1	0	1	0	0	1	1	1	1	0	0	1	1	1	0	0	1	0
0	1	0	1	0	1	0	0	0	1	0	0	0	1	0	1	0	0	0
1	0	0	1	0	1	0	0	1	1	0	1	1	0	0	0	0	1	0
0	0	0	0	1	1	0	1	0	0	0	0	1	1	1	1	1	0	1
0	1	0	0	0	1	1	1	0	0	1	0	1	0	1	0	1	1	0
1	1	1	0	0	0	0	0	0	1	0	0	0	1	0	0	0	0	0
0	0	0	0	0	0	0	1	0	0	0	0	0	1	1	0	0	1	0
1	0	0	1	0	1	0	1	1	1	0	0	0	1	1	0	0	1	0
1	1	1	1	0	1	1	0	1	0	1	1	1	0	1	0	0	1	0
1	1	0	1	0	1	0	0	1	1	0	1	1	1	0	0	0	1	0
0	0	0	0	0	0	1	0	1	0	0	0	0	0	0	0	0	0	0
0	0	0	0	0	0	0	0	1	1	0	0	0	0	0	0	0	0	0
1	1	0	1	1	1	0	1	0	1	0	1	1	1	1	0	0	0	0
1	0	0	0	0	0	0	0	1	0	0	0	0	0	0	0	0	0	0
DIFF_EDGE
0 0
CHROM_NUMBER
10
EOF
