TYPE : graph_{count}
DIMENSION: 20
EDGE_DATA_FORMAT: EDGE_LIST
EDGE_WEIGHT_TYPE: EXPLICIT
EDGE_WEIGHT_FORMAT: FULL_MATRIX
EDGE_DATA_SECTION
0 2
0 4
0 6
0 7
0 8
0 10
0 17
1 3
1 4
1 5
1 7
1 8
1 17
1 18
2 3
2 6
2 7
2 8
2 10
2 13
2 17
2 18
3 4
3 6
3 9
4 5
4 6
4 10
4 14
5 8
5 11
6 7
6 9
6 10
6 16
7 11
7 12
8 15
10 12
10 15
10 19
12 17
13 17
14 17
15 17
16 17
17 19
-1
EDGE_WEIGHT_SECTION
0	0	1	0	1	0	1	1	1	0	1	0	0	0	0	0	0	1	0	0
0	0	0	1	1	1	0	1	1	0	0	0	0	0	0	0	0	1	1	0
1	0	0	1	0	0	1	1	1	0	1	0	0	1	0	0	0	1	1	0
0	1	1	0	1	0	1	0	0	1	0	0	0	0	0	0	0	0	0	0
1	1	0	1	0	1	1	0	0	0	1	0	0	0	1	0	0	0	0	0
0	1	0	0	1	0	0	0	1	0	0	1	0	0	0	0	0	0	0	0
1	0	1	1	1	0	0	1	0	1	1	0	0	0	0	0	1	0	0	0
1	1	1	0	0	0	1	0	0	0	0	1	1	0	0	0	0	0	0	0
1	1	1	0	0	1	0	0	0	0	0	0	0	0	0	1	0	0	0	0
0	0	0	1	0	0	1	0	0	0	0	0	0	0	0	0	0	0	0	0
1	0	1	0	1	0	1	0	0	0	0	0	1	0	0	1	0	0	0	1
0	0	0	0	0	1	0	1	0	0	0	0	0	0	0	0	0	0	0	0
0	0	0	0	0	0	0	1	0	0	1	0	0	0	0	0	0	1	0	0
0	0	1	0	0	0	0	0	0	0	0	0	0	0	0	0	0	1	0	0
0	0	0	0	1	0	0	0	0	0	0	0	0	0	0	0	0	1	0	0
0	0	0	0	0	0	0	0	1	0	1	0	0	0	0	0	0	1	0	0
0	0	0	0	0	0	1	0	0	0	0	0	0	0	0	0	0	1	0	0
1	1	1	0	0	0	0	0	0	0	0	0	1	1	1	1	1	1	0	1
0	1	1	0	0	0	0	0	0	0	0	0	0	0	0	0	0	0	0	0
0	0	0	0	0	0	0	0	0	0	1	0	0	0	0	0	0	1	0	0
DIFF_EDGE
0 0
CHROM_NUMBER
7
EOF
