TYPE : graph_{count}
DIMENSION: 19
EDGE_DATA_FORMAT: EDGE_LIST
EDGE_WEIGHT_TYPE: EXPLICIT
EDGE_WEIGHT_FORMAT: FULL_MATRIX
EDGE_DATA_SECTION
0 1
0 3
0 4
0 7
0 9
0 10
0 17
0 18
1 4
1 6
1 10
1 12
1 17
2 3
2 6
2 7
2 8
2 10
2 13
2 15
2 17
3 8
3 10
3 16
4 7
4 8
4 9
4 10
4 15
4 17
5 8
5 14
6 7
8 12
8 17
9 10
10 17
11 16
12 17
13 14
-1
EDGE_WEIGHT_SECTION
0	1	0	1	1	0	0	1	0	1	1	0	0	0	0	0	0	1	1
1	0	0	0	1	0	1	0	0	0	1	0	1	0	0	0	0	1	0
0	0	0	1	0	0	1	1	1	0	1	0	0	1	0	1	0	1	0
1	0	1	0	0	0	0	0	1	0	1	0	0	0	0	0	1	0	0
1	1	0	0	0	0	0	1	1	1	1	0	0	0	0	1	0	1	0
0	0	0	0	0	0	0	0	1	0	0	0	0	0	1	0	0	0	0
0	1	1	0	0	0	0	1	0	0	0	0	0	0	0	0	0	0	0
1	0	1	0	1	0	1	0	0	0	0	0	0	0	0	0	0	0	0
0	0	1	1	1	1	0	0	0	0	0	0	1	0	0	0	0	1	0
1	0	0	0	1	0	0	0	0	0	1	0	0	0	0	0	0	0	0
1	1	1	1	1	0	0	0	0	1	0	0	0	0	0	0	0	1	0
0	0	0	0	0	0	0	0	0	0	0	0	0	0	0	0	1	0	0
0	1	0	0	0	0	0	0	1	0	0	0	0	0	0	0	0	1	0
0	0	1	0	0	0	0	0	0	0	0	0	0	0	1	0	0	0	0
0	0	0	0	0	1	0	0	0	0	0	0	0	1	0	0	0	0	0
0	0	1	0	1	0	0	0	0	0	0	0	0	0	0	0	0	0	0
0	0	0	1	0	0	0	0	0	0	0	1	0	0	0	0	0	0	0
1	1	1	0	1	0	0	0	1	0	1	0	1	0	0	0	0	0	0
1	0	0	0	0	0	0	0	0	0	0	0	0	0	0	0	0	0	0
DIFF_EDGE
0 0
CHROM_NUMBER
7
EOF
