TYPE : graph_{count}
DIMENSION: 19
EDGE_DATA_FORMAT: EDGE_LIST
EDGE_WEIGHT_TYPE: EXPLICIT
EDGE_WEIGHT_FORMAT: FULL_MATRIX
EDGE_DATA_SECTION
0 4
0 5
0 10
1 3
1 4
1 6
1 10
1 11
1 12
1 15
1 18
2 3
2 4
2 5
2 7
2 10
2 11
2 12
2 13
3 5
3 9
3 10
4 5
4 6
4 10
4 11
4 12
4 15
4 18
5 8
5 10
5 11
5 12
5 14
5 15
6 8
6 10
6 12
6 18
7 8
7 9
7 10
8 9
8 10
8 11
8 15
9 10
9 12
9 14
10 11
10 15
10 17
11 12
11 15
11 18
12 15
12 16
12 18
13 15
13 18
14 15
14 18
15 18
16 17
16 18
-1
EDGE_WEIGHT_SECTION
0	0	0	0	1	1	0	0	0	0	1	0	0	0	0	0	0	0	0
0	0	0	1	1	0	1	0	0	0	1	1	1	0	0	1	0	0	1
0	0	0	1	1	1	0	1	0	0	1	1	1	1	0	0	0	0	0
0	1	1	0	0	1	0	0	0	1	1	0	0	0	0	0	0	0	0
1	1	1	0	0	1	1	0	0	0	1	1	1	0	0	1	0	0	1
1	0	1	1	1	0	0	0	1	0	1	1	1	0	1	1	0	0	0
0	1	0	0	1	0	0	0	1	0	1	0	1	0	0	0	0	0	1
0	0	1	0	0	0	0	0	1	1	1	0	0	0	0	0	0	0	0
0	0	0	0	0	1	1	1	0	1	1	1	0	0	0	1	0	0	0
0	0	0	1	0	0	0	1	1	0	1	0	1	0	1	0	0	0	0
1	1	1	1	1	1	1	1	1	1	0	1	0	0	0	1	0	1	0
0	1	1	0	1	1	0	0	1	0	1	0	1	0	0	1	0	0	1
0	1	1	0	1	1	1	0	0	1	0	1	0	0	0	1	1	0	1
0	0	1	0	0	0	0	0	0	0	0	0	0	0	0	1	0	0	1
0	0	0	0	0	1	0	0	0	1	0	0	0	0	0	1	0	0	1
0	1	0	0	1	1	0	0	1	0	1	1	1	1	1	0	0	0	1
0	0	0	0	0	0	0	0	0	0	0	0	1	0	0	0	0	1	1
0	0	0	0	0	0	0	0	0	0	1	0	0	0	0	0	1	0	0
0	1	0	0	1	0	1	0	0	0	0	1	1	1	1	1	1	0	0
DIFF_EDGE
0 0
CHROM_NUMBER
10
EOF
