TYPE : graph_{count}
DIMENSION: 18
EDGE_DATA_FORMAT: EDGE_LIST
EDGE_WEIGHT_TYPE: EXPLICIT
EDGE_WEIGHT_FORMAT: FULL_MATRIX
EDGE_DATA_SECTION
0 1
0 5
0 6
0 9
1 3
1 4
1 5
1 6
1 7
1 10
1 13
1 14
2 7
2 9
2 12
2 13
2 14
3 5
3 6
3 7
3 8
3 10
3 12
3 14
4 9
4 10
4 11
4 13
5 6
5 8
5 10
5 13
5 14
6 7
6 8
6 10
6 13
6 14
7 10
8 10
8 14
9 13
9 17
10 13
10 14
11 13
12 13
12 14
13 14
13 15
13 16
14 17
-1
EDGE_WEIGHT_SECTION
0	1	0	0	0	1	1	0	0	1	0	0	0	0	0	0	0	0
1	0	0	1	1	1	1	1	0	0	1	0	0	1	1	0	0	0
0	0	0	0	0	0	0	1	0	1	0	0	1	1	1	0	0	0
0	1	0	0	0	1	1	1	1	0	1	0	1	0	1	0	0	0
0	1	0	0	0	0	0	0	0	1	1	1	0	1	0	0	0	0
1	1	0	1	0	0	1	0	1	0	1	0	0	1	1	0	0	0
1	1	0	1	0	1	0	1	1	0	1	0	0	1	1	0	0	0
0	1	1	1	0	0	1	0	0	0	1	0	0	0	0	0	0	0
0	0	0	1	0	1	1	0	0	0	1	0	0	0	1	0	0	0
1	0	1	0	1	0	0	0	0	0	0	0	0	1	0	0	0	1
0	1	0	1	1	1	1	1	1	0	0	0	0	1	1	0	0	0
0	0	0	0	1	0	0	0	0	0	0	0	0	1	0	0	0	0
0	0	1	1	0	0	0	0	0	0	0	0	0	1	1	0	0	0
0	1	1	0	1	1	1	0	0	1	1	1	1	0	1	1	1	0
0	1	1	1	0	1	1	0	1	0	1	0	1	1	0	0	0	1
0	0	0	0	0	0	0	0	0	0	0	0	0	1	0	0	0	0
0	0	0	0	0	0	0	0	0	0	0	0	0	1	0	0	0	0
0	0	0	0	0	0	0	0	0	1	0	0	0	0	1	0	0	0
DIFF_EDGE
0 0
CHROM_NUMBER
8
EOF
