TYPE : graph_{count}
DIMENSION: 20
EDGE_DATA_FORMAT: EDGE_LIST
EDGE_WEIGHT_TYPE: EXPLICIT
EDGE_WEIGHT_FORMAT: FULL_MATRIX
EDGE_DATA_SECTION
0 4
0 13
0 19
1 2
1 5
1 7
1 8
1 11
2 3
2 4
2 9
2 17
2 18
3 6
3 8
3 10
3 13
4 6
4 8
5 6
5 13
6 7
6 8
6 11
6 13
7 9
7 10
7 12
7 13
8 10
8 13
8 15
8 19
10 14
11 13
16 18
-1
EDGE_WEIGHT_SECTION
0	0	0	0	1	0	0	0	0	0	0	0	0	1	0	0	0	0	0	1
0	0	1	0	0	1	0	1	1	0	0	1	0	0	0	0	0	0	0	0
0	1	0	1	1	0	0	0	0	1	0	0	0	0	0	0	0	1	1	0
0	0	1	0	0	0	1	0	1	0	1	0	0	1	0	0	0	0	0	0
1	0	1	0	0	0	1	0	1	0	0	0	0	0	0	0	0	0	0	0
0	1	0	0	0	0	1	0	0	0	0	0	0	1	0	0	0	0	0	0
0	0	0	1	1	1	0	1	1	0	0	1	0	1	0	0	0	0	0	0
0	1	0	0	0	0	1	0	0	1	1	0	1	1	0	0	0	0	0	0
0	1	0	1	1	0	1	0	0	0	1	0	0	1	0	1	0	0	0	1
0	0	1	0	0	0	0	1	0	0	0	0	0	0	0	0	0	0	0	0
0	0	0	1	0	0	0	1	1	0	0	0	0	0	1	0	0	0	0	0
0	1	0	0	0	0	1	0	0	0	0	0	0	1	0	0	0	0	0	0
0	0	0	0	0	0	0	1	0	0	0	0	0	0	0	0	0	0	0	0
1	0	0	1	0	1	1	1	1	0	0	1	0	0	0	0	0	0	0	0
0	0	0	0	0	0	0	0	0	0	1	0	0	0	0	0	0	0	0	0
0	0	0	0	0	0	0	0	1	0	0	0	0	0	0	0	0	0	0	0
0	0	0	0	0	0	0	0	0	0	0	0	0	0	0	0	0	0	1	0
0	0	1	0	0	0	0	0	0	0	0	0	0	0	0	0	0	0	0	0
0	0	1	0	0	0	0	0	0	0	0	0	0	0	0	0	1	0	0	0
1	0	0	0	0	0	0	0	1	0	0	0	0	0	0	0	0	0	0	0
DIFF_EDGE
0 0
CHROM_NUMBER
6
EOF
