TYPE : graph_{count}
DIMENSION: 17
EDGE_DATA_FORMAT: EDGE_LIST
EDGE_WEIGHT_TYPE: EXPLICIT
EDGE_WEIGHT_FORMAT: FULL_MATRIX
EDGE_DATA_SECTION
0 1
0 2
0 3
0 4
0 7
0 8
0 9
0 11
0 12
0 14
1 3
1 4
1 5
1 8
1 9
1 12
1 14
2 5
2 9
2 14
3 4
3 5
3 6
3 8
3 10
3 12
3 13
3 14
4 8
4 10
4 12
4 14
5 8
5 10
6 12
6 15
7 8
7 9
7 12
7 14
8 9
8 12
8 14
8 15
9 10
9 14
10 12
11 16
12 14
13 14
14 16
-1
EDGE_WEIGHT_SECTION
0	1	1	1	1	0	0	1	1	1	0	1	1	0	1	0	0
1	0	0	1	1	1	0	0	1	1	0	0	1	0	1	0	0
1	0	0	0	0	1	0	0	0	1	0	0	0	0	1	0	0
1	1	0	0	1	1	1	0	1	0	1	0	1	1	1	0	0
1	1	0	1	0	0	0	0	1	0	1	0	1	0	1	0	0
0	1	1	1	0	0	0	0	1	0	1	0	0	0	0	0	0
0	0	0	1	0	0	0	0	0	0	0	0	1	0	0	1	0
1	0	0	0	0	0	0	0	1	1	0	0	1	0	1	0	0
1	1	0	1	1	1	0	1	0	1	0	0	1	0	1	1	0
1	1	1	0	0	0	0	1	1	0	1	0	0	0	1	0	0
0	0	0	1	1	1	0	0	0	1	0	0	1	0	0	0	0
1	0	0	0	0	0	0	0	0	0	0	0	0	0	0	0	1
1	1	0	1	1	0	1	1	1	0	1	0	1	0	1	0	0
0	0	0	1	0	0	0	0	0	0	0	0	0	0	1	0	0
1	1	1	1	1	0	0	1	1	1	0	0	1	1	0	0	1
0	0	0	0	0	0	1	0	1	0	0	0	0	0	0	0	0
0	0	0	0	0	0	0	0	0	0	0	1	0	0	1	0	0
DIFF_EDGE
0 0
CHROM_NUMBER
8
EOF
