TYPE : graph_{count}
DIMENSION: 19
EDGE_DATA_FORMAT: EDGE_LIST
EDGE_WEIGHT_TYPE: EXPLICIT
EDGE_WEIGHT_FORMAT: FULL_MATRIX
EDGE_DATA_SECTION
0 1
0 2
0 3
0 7
0 9
0 10
0 12
0 13
0 15
1 5
1 6
1 7
1 12
1 13
1 15
2 3
2 4
2 6
2 7
2 10
2 12
2 13
2 15
2 17
3 4
3 6
3 7
3 9
3 12
3 13
3 15
4 6
4 7
4 8
4 12
4 13
5 7
5 8
6 8
6 9
6 13
7 9
7 10
7 12
7 13
7 15
7 18
8 9
8 11
8 13
8 15
9 12
9 15
10 14
10 15
11 14
12 13
12 15
13 15
15 16
-1
EDGE_WEIGHT_SECTION
0	1	1	1	0	0	0	1	0	1	1	0	1	1	0	1	0	0	0
1	0	0	0	0	1	1	1	0	0	0	0	1	1	0	1	0	0	0
1	0	0	1	1	0	1	1	0	0	1	0	1	1	0	1	0	1	0
1	0	1	0	1	0	1	1	0	1	0	0	1	1	0	1	0	0	0
0	0	1	1	0	0	1	1	1	0	0	0	1	1	0	0	0	0	0
0	1	0	0	0	0	0	1	1	0	0	0	0	0	0	0	0	0	0
0	1	1	1	1	0	0	0	1	1	0	0	0	1	0	0	0	0	0
1	1	1	1	1	1	0	0	0	1	1	0	1	1	0	1	0	0	1
0	0	0	0	1	1	1	0	0	1	0	1	0	1	0	1	0	0	0
1	0	0	1	0	0	1	1	1	0	0	0	1	0	0	1	0	0	0
1	0	1	0	0	0	0	1	0	0	0	0	0	0	1	1	0	0	0
0	0	0	0	0	0	0	0	1	0	0	0	0	0	1	0	0	0	0
1	1	1	1	1	0	0	1	0	1	0	0	1	1	0	1	0	0	0
1	1	1	1	1	0	1	1	1	0	0	0	1	0	0	1	0	0	0
0	0	0	0	0	0	0	0	0	0	1	1	0	0	0	0	0	0	0
1	1	1	1	0	0	0	1	1	1	1	0	1	1	0	0	1	0	0
0	0	0	0	0	0	0	0	0	0	0	0	0	0	0	1	0	0	0
0	0	1	0	0	0	0	0	0	0	0	0	0	0	0	0	0	0	0
0	0	0	0	0	0	0	1	0	0	0	0	0	0	0	0	0	0	0
DIFF_EDGE
0 0
CHROM_NUMBER
9
EOF
