TYPE : graph_{count}
DIMENSION: 21
EDGE_DATA_FORMAT: EDGE_LIST
EDGE_WEIGHT_TYPE: EXPLICIT
EDGE_WEIGHT_FORMAT: FULL_MATRIX
EDGE_DATA_SECTION
0 1
0 3
0 4
0 6
0 7
0 8
0 13
0 14
0 16
0 20
1 3
1 6
1 7
1 8
1 9
1 10
1 13
1 14
1 16
1 19
2 3
2 4
2 5
2 6
2 11
2 14
2 18
2 20
3 6
3 7
3 9
3 13
3 14
3 16
3 20
4 5
4 7
4 9
4 13
4 16
4 20
5 6
5 13
5 16
6 9
6 10
6 13
6 14
6 16
6 20
7 9
7 10
7 13
7 14
7 16
7 20
8 10
8 11
8 12
9 12
9 14
9 18
10 16
11 14
11 16
12 13
13 14
13 17
13 20
14 16
14 20
15 16
15 17
15 20
16 20
18 20
19 20
-1
EDGE_WEIGHT_SECTION
0	1	0	1	1	0	1	1	1	0	0	0	0	1	1	0	1	0	0	0	1
1	0	0	1	0	0	1	1	1	1	1	0	0	1	1	0	1	0	0	1	0
0	0	0	1	1	1	1	0	0	0	0	1	0	0	1	0	0	0	1	0	1
1	1	1	0	0	0	1	1	0	1	0	0	0	1	1	0	1	0	0	0	1
1	0	1	0	0	1	0	1	0	1	0	0	0	1	0	0	1	0	0	0	1
0	0	1	0	1	0	1	0	0	0	0	0	0	1	0	0	1	0	0	0	0
1	1	1	1	0	1	0	0	0	1	1	0	0	1	1	0	1	0	0	0	1
1	1	0	1	1	0	0	0	0	1	1	0	0	1	1	0	1	0	0	0	1
1	1	0	0	0	0	0	0	0	0	1	1	1	0	0	0	0	0	0	0	0
0	1	0	1	1	0	1	1	0	0	0	0	1	0	1	0	0	0	1	0	0
0	1	0	0	0	0	1	1	1	0	0	0	0	0	0	0	1	0	0	0	0
0	0	1	0	0	0	0	0	1	0	0	0	0	0	1	0	1	0	0	0	0
0	0	0	0	0	0	0	0	1	1	0	0	0	1	0	0	0	0	0	0	0
1	1	0	1	1	1	1	1	0	0	0	0	1	0	1	0	0	1	0	0	1
1	1	1	1	0	0	1	1	0	1	0	1	0	1	0	0	1	0	0	0	1
0	0	0	0	0	0	0	0	0	0	0	0	0	0	0	0	1	1	0	0	1
1	1	0	1	1	1	1	1	0	0	1	1	0	0	1	1	0	0	0	0	1
0	0	0	0	0	0	0	0	0	0	0	0	0	1	0	1	0	0	0	0	0
0	0	1	0	0	0	0	0	0	1	0	0	0	0	0	0	0	0	0	0	1
0	1	0	0	0	0	0	0	0	0	0	0	0	0	0	0	0	0	0	0	1
1	0	1	1	1	0	1	1	0	0	0	0	0	1	1	1	1	0	1	1	1
DIFF_EDGE
0 0
CHROM_NUMBER
11
EOF
