TYPE : graph_{count}
DIMENSION: 19
EDGE_DATA_FORMAT: EDGE_LIST
EDGE_WEIGHT_TYPE: EXPLICIT
EDGE_WEIGHT_FORMAT: FULL_MATRIX
EDGE_DATA_SECTION
0 1
0 3
0 4
0 6
0 8
0 10
0 18
1 6
1 8
1 10
1 11
2 7
2 9
2 12
2 18
3 4
3 5
3 7
3 8
3 17
3 18
4 5
4 8
4 9
4 11
4 18
5 7
5 8
5 10
5 14
5 17
5 18
6 10
6 16
6 18
7 8
7 9
7 18
8 12
8 15
8 16
8 17
9 10
9 13
9 17
9 18
10 17
11 17
11 18
12 18
13 18
14 18
15 17
17 18
-1
EDGE_WEIGHT_SECTION
0	1	0	1	1	0	1	0	1	0	1	0	0	0	0	0	0	0	1
1	0	0	0	0	0	1	0	1	0	1	1	0	0	0	0	0	0	0
0	0	0	0	0	0	0	1	0	1	0	0	1	0	0	0	0	0	1
1	0	0	0	1	1	0	1	1	0	0	0	0	0	0	0	0	1	1
1	0	0	1	0	1	0	0	1	1	0	1	0	0	0	0	0	0	1
0	0	0	1	1	0	0	1	1	0	1	0	0	0	1	0	0	1	1
1	1	0	0	0	0	0	0	0	0	1	0	0	0	0	0	1	0	1
0	0	1	1	0	1	0	0	1	1	0	0	0	0	0	0	0	0	1
1	1	0	1	1	1	0	1	0	0	0	0	1	0	0	1	1	1	0
0	0	1	0	1	0	0	1	0	0	1	0	0	1	0	0	0	1	1
1	1	0	0	0	1	1	0	0	1	0	0	0	0	0	0	0	1	0
0	1	0	0	1	0	0	0	0	0	0	0	0	0	0	0	0	1	1
0	0	1	0	0	0	0	0	1	0	0	0	0	0	0	0	0	0	1
0	0	0	0	0	0	0	0	0	1	0	0	0	0	0	0	0	0	1
0	0	0	0	0	1	0	0	0	0	0	0	0	0	0	0	0	0	1
0	0	0	0	0	0	0	0	1	0	0	0	0	0	0	0	0	1	0
0	0	0	0	0	0	1	0	1	0	0	0	0	0	0	0	0	0	0
0	0	0	1	0	1	0	0	1	1	1	1	0	0	0	1	0	0	1
1	0	1	1	1	1	1	1	0	1	0	1	1	1	1	0	0	1	1
DIFF_EDGE
0 0
CHROM_NUMBER
8
EOF
