TYPE : graph_{count}
DIMENSION: 16
EDGE_DATA_FORMAT: EDGE_LIST
EDGE_WEIGHT_TYPE: EXPLICIT
EDGE_WEIGHT_FORMAT: FULL_MATRIX
EDGE_DATA_SECTION
0 1
0 5
0 8
0 11
0 12
1 3
1 7
1 8
1 9
1 13
1 14
1 15
2 4
2 5
2 6
2 7
2 9
2 13
2 15
3 5
3 7
3 13
4 7
4 9
4 10
4 12
4 13
4 15
5 10
5 15
6 7
6 10
6 13
7 8
7 9
7 13
7 15
9 13
10 11
10 13
10 14
10 15
11 13
13 15
-1
EDGE_WEIGHT_SECTION
0	1	0	0	0	1	0	0	1	0	0	1	1	0	0	0
1	0	0	1	0	0	0	1	1	1	0	0	0	1	1	1
0	0	0	0	1	1	1	1	0	1	0	0	0	1	0	1
0	1	0	0	0	1	0	1	0	0	0	0	0	1	0	0
0	0	1	0	0	0	0	1	0	1	1	0	1	1	0	1
1	0	1	1	0	0	0	0	0	0	1	0	0	0	0	1
0	0	1	0	0	0	0	1	0	0	1	0	0	1	0	0
0	1	1	1	1	0	1	0	1	1	0	0	0	1	0	1
1	1	0	0	0	0	0	1	0	0	0	0	0	0	0	0
0	1	1	0	1	0	0	1	0	0	0	0	0	1	0	0
0	0	0	0	1	1	1	0	0	0	0	1	0	1	1	1
1	0	0	0	0	0	0	0	0	0	1	0	0	1	0	0
1	0	0	0	1	0	0	0	0	0	0	0	0	0	0	0
0	1	1	1	1	0	1	1	0	1	1	1	0	0	0	1
0	1	0	0	0	0	0	0	0	0	1	0	0	0	0	0
0	1	1	0	1	1	0	1	0	0	1	0	0	1	0	1
DIFF_EDGE
0 0
CHROM_NUMBER
8
EOF
