TYPE : graph_{count}
DIMENSION: 20
EDGE_DATA_FORMAT: EDGE_LIST
EDGE_WEIGHT_TYPE: EXPLICIT
EDGE_WEIGHT_FORMAT: FULL_MATRIX
EDGE_DATA_SECTION
0 1
0 2
0 3
0 4
0 7
0 10
0 13
1 2
1 6
1 9
1 14
1 17
2 3
2 4
2 8
2 18
3 6
3 7
3 8
3 18
4 6
4 10
5 6
5 8
5 10
5 13
5 16
5 18
6 7
6 10
6 15
6 17
7 8
7 9
7 10
7 11
7 17
7 18
8 10
8 15
8 17
8 18
9 12
9 16
9 17
9 18
10 12
10 17
10 18
11 14
12 17
12 18
13 17
13 18
14 17
14 18
15 18
16 17
17 18
18 19
-1
EDGE_WEIGHT_SECTION
0	1	1	1	1	0	0	1	0	0	1	0	0	1	0	0	0	0	0	0
1	0	1	0	0	0	1	0	0	1	0	0	0	0	1	0	0	1	0	0
1	1	0	1	1	0	0	0	1	0	0	0	0	0	0	0	0	0	1	0
1	0	1	0	0	0	1	1	1	0	0	0	0	0	0	0	0	0	1	0
1	0	1	0	0	0	1	0	0	0	1	0	0	0	0	0	0	0	0	0
0	0	0	0	0	0	1	0	1	0	1	0	0	1	0	0	1	0	1	0
0	1	0	1	1	1	0	1	0	0	1	0	0	0	0	1	0	1	0	0
1	0	0	1	0	0	1	0	1	1	1	1	0	0	0	0	0	1	1	0
0	0	1	1	0	1	0	1	0	0	1	0	0	0	0	1	0	1	1	0
0	1	0	0	0	0	0	1	0	0	0	0	1	0	0	0	1	1	1	0
1	0	0	0	1	1	1	1	1	0	0	0	1	0	0	0	0	1	1	0
0	0	0	0	0	0	0	1	0	0	0	0	0	0	1	0	0	0	0	0
0	0	0	0	0	0	0	0	0	1	1	0	0	0	0	0	0	1	1	0
1	0	0	0	0	1	0	0	0	0	0	0	0	0	0	0	0	1	1	0
0	1	0	0	0	0	0	0	0	0	0	1	0	0	0	0	0	1	1	0
0	0	0	0	0	0	1	0	1	0	0	0	0	0	0	0	0	0	1	0
0	0	0	0	0	1	0	0	0	1	0	0	0	0	0	0	0	1	0	0
0	1	0	0	0	0	1	1	1	1	1	0	1	1	1	0	1	0	1	0
0	0	1	1	0	1	0	1	1	1	1	0	1	1	1	1	0	1	0	1
0	0	0	0	0	0	0	0	0	0	0	0	0	0	0	0	0	0	1	0
DIFF_EDGE
0 0
CHROM_NUMBER
9
EOF
