TYPE : graph_{count}
DIMENSION: 17
EDGE_DATA_FORMAT: EDGE_LIST
EDGE_WEIGHT_TYPE: EXPLICIT
EDGE_WEIGHT_FORMAT: FULL_MATRIX
EDGE_DATA_SECTION
0 1
0 2
0 5
0 6
0 8
0 9
0 10
0 13
0 16
1 2
1 5
1 6
1 7
1 9
1 10
1 13
1 16
2 5
2 6
2 8
2 10
2 11
3 4
3 5
3 15
3 16
4 9
4 10
4 13
5 6
5 7
5 14
5 16
6 7
6 13
6 16
7 9
7 10
7 11
7 13
7 15
8 16
9 10
9 13
10 16
11 12
12 13
12 16
13 14
13 16
14 16
15 16
-1
EDGE_WEIGHT_SECTION
0	1	1	0	0	1	1	0	1	1	1	0	0	1	0	0	1
1	0	1	0	0	1	1	1	0	1	1	0	0	1	0	0	1
1	1	0	0	0	1	1	0	1	0	1	1	0	0	0	0	0
0	0	0	0	1	1	0	0	0	0	0	0	0	0	0	1	1
0	0	0	1	0	0	0	0	0	1	1	0	0	1	0	0	0
1	1	1	1	0	0	1	1	0	0	0	0	0	0	1	0	1
1	1	1	0	0	1	0	1	0	0	0	0	0	1	0	0	1
0	1	0	0	0	1	1	0	0	1	1	1	0	1	0	1	0
1	0	1	0	0	0	0	0	0	0	0	0	0	0	0	0	1
1	1	0	0	1	0	0	1	0	0	1	0	0	1	0	0	0
1	1	1	0	1	0	0	1	0	1	0	0	0	0	0	0	1
0	0	1	0	0	0	0	1	0	0	0	0	1	0	0	0	0
0	0	0	0	0	0	0	0	0	0	0	1	0	1	0	0	1
1	1	0	0	1	0	1	1	0	1	0	0	1	0	1	0	1
0	0	0	0	0	1	0	0	0	0	0	0	0	1	0	0	1
0	0	0	1	0	0	0	1	0	0	0	0	0	0	0	0	1
1	1	0	1	0	1	1	0	1	0	1	0	1	1	1	1	0
DIFF_EDGE
0 0
CHROM_NUMBER
8
EOF
