TYPE : graph_{count}
DIMENSION: 16
EDGE_DATA_FORMAT: EDGE_LIST
EDGE_WEIGHT_TYPE: EXPLICIT
EDGE_WEIGHT_FORMAT: FULL_MATRIX
EDGE_DATA_SECTION
0 1
0 4
0 5
0 6
0 7
0 9
0 10
0 13
1 3
1 4
1 5
1 8
1 10
1 13
2 4
2 5
2 8
2 10
2 13
3 4
3 5
3 6
3 8
4 5
4 6
4 10
4 11
5 9
5 10
5 13
6 10
6 12
6 13
7 8
7 9
8 9
8 10
8 13
8 15
9 10
9 12
10 13
11 13
12 14
-1
EDGE_WEIGHT_SECTION
0	1	0	0	1	1	1	1	0	1	1	0	0	1	0	0
1	0	0	1	1	1	0	0	1	0	1	0	0	1	0	0
0	0	0	0	1	1	0	0	1	0	1	0	0	1	0	0
0	1	0	0	1	1	1	0	1	0	0	0	0	0	0	0
1	1	1	1	0	1	1	0	0	0	1	1	0	0	0	0
1	1	1	1	1	0	0	0	0	1	1	0	0	1	0	0
1	0	0	1	1	0	0	0	0	0	1	0	1	1	0	0
1	0	0	0	0	0	0	0	1	1	0	0	0	0	0	0
0	1	1	1	0	0	0	1	0	1	1	0	0	1	0	1
1	0	0	0	0	1	0	1	1	0	1	0	1	0	0	0
1	1	1	0	1	1	1	0	1	1	0	0	0	1	0	0
0	0	0	0	1	0	0	0	0	0	0	0	0	1	0	0
0	0	0	0	0	0	1	0	0	1	0	0	0	0	1	0
1	1	1	0	0	1	1	0	1	0	1	1	0	1	0	0
0	0	0	0	0	0	0	0	0	0	0	0	1	0	0	0
0	0	0	0	0	0	0	0	1	0	0	0	0	0	0	0
DIFF_EDGE
0 0
CHROM_NUMBER
8
EOF
