TYPE : graph_{count}
DIMENSION: 18
EDGE_DATA_FORMAT: EDGE_LIST
EDGE_WEIGHT_TYPE: EXPLICIT
EDGE_WEIGHT_FORMAT: FULL_MATRIX
EDGE_DATA_SECTION
0 1
0 2
0 3
0 4
0 6
0 7
0 12
0 16
0 17
1 2
1 5
1 7
1 9
1 10
1 11
1 12
1 13
1 17
2 4
2 7
2 11
2 12
2 17
3 5
3 10
3 12
4 5
4 14
4 15
4 17
5 7
5 10
5 11
5 12
5 17
6 7
6 8
6 14
7 8
7 9
7 11
7 12
7 17
8 13
9 15
11 12
11 16
11 17
12 17
-1
EDGE_WEIGHT_SECTION
0	1	1	1	1	0	1	1	0	0	0	0	1	0	0	0	1	1
1	0	1	0	0	1	0	1	0	1	1	1	1	1	0	0	0	1
1	1	0	0	1	0	0	1	0	0	0	1	1	0	0	0	0	1
1	0	0	0	0	1	0	0	0	0	1	0	1	0	0	0	0	0
1	0	1	0	0	1	0	0	0	0	0	0	0	0	1	1	0	1
0	1	0	1	1	0	0	1	0	0	1	1	1	0	0	0	0	1
1	0	0	0	0	0	0	1	1	0	0	0	0	0	1	0	0	0
1	1	1	0	0	1	1	0	1	1	0	1	1	0	0	0	0	1
0	0	0	0	0	0	1	1	0	0	0	0	0	1	0	0	0	0
0	1	0	0	0	0	0	1	0	0	0	0	0	0	0	1	0	0
0	1	0	1	0	1	0	0	0	0	0	0	0	0	0	0	0	0
0	1	1	0	0	1	0	1	0	0	0	1	1	0	0	0	1	1
1	1	1	1	0	1	0	1	0	0	0	1	0	0	0	0	0	1
0	1	0	0	0	0	0	0	1	0	0	0	0	0	0	0	0	0
0	0	0	0	1	0	1	0	0	0	0	0	0	0	0	0	0	0
0	0	0	0	1	0	0	0	0	1	0	0	0	0	0	0	0	0
1	0	0	0	0	0	0	0	0	0	0	1	0	0	0	0	0	0
1	1	1	0	1	1	0	1	0	0	0	1	1	0	0	0	0	0
DIFF_EDGE
0 0
CHROM_NUMBER
8
EOF
