TYPE : graph_{count}
DIMENSION: 20
EDGE_DATA_FORMAT: EDGE_LIST
EDGE_WEIGHT_TYPE: EXPLICIT
EDGE_WEIGHT_FORMAT: FULL_MATRIX
EDGE_DATA_SECTION
0 1
0 2
0 3
0 6
0 7
0 8
0 12
0 13
0 16
1 3
1 10
1 11
1 12
1 13
1 17
1 19
2 8
2 10
3 8
3 10
3 11
3 12
3 13
3 14
3 17
3 19
4 9
4 10
4 11
5 6
5 7
5 8
6 18
7 8
7 9
7 10
7 11
7 12
7 13
7 14
7 17
7 18
7 19
8 9
8 10
8 11
8 12
8 13
8 17
8 19
9 10
10 11
10 12
11 12
11 13
11 16
11 17
11 19
12 13
12 17
12 19
13 15
13 17
14 19
15 19
16 17
16 19
17 19
18 19
-1
EDGE_WEIGHT_SECTION
0	1	1	1	0	0	1	1	1	0	0	0	1	1	0	0	1	0	0	0
1	0	0	1	0	0	0	0	0	0	1	1	1	1	0	0	0	1	0	1
1	0	0	0	0	0	0	0	1	0	1	0	0	0	0	0	0	0	0	0
1	1	0	0	0	0	0	0	1	0	1	1	1	1	1	0	0	1	0	1
0	0	0	0	0	0	0	0	0	1	1	1	0	0	0	0	0	0	0	0
0	0	0	0	0	0	1	1	1	0	0	0	0	0	0	0	0	0	0	0
1	0	0	0	0	1	0	0	0	0	0	0	0	0	0	0	0	0	1	0
1	0	0	0	0	1	0	0	1	1	1	1	1	1	1	0	0	1	1	1
1	0	1	1	0	1	0	1	0	1	1	1	1	1	0	0	0	1	0	1
0	0	0	0	1	0	0	1	1	0	1	0	0	0	0	0	0	0	0	0
0	1	1	1	1	0	0	1	1	1	0	1	1	0	0	0	0	0	0	0
0	1	0	1	1	0	0	1	1	0	1	0	1	1	0	0	1	1	0	1
1	1	0	1	0	0	0	1	1	0	1	1	1	1	0	0	0	1	0	1
1	1	0	1	0	0	0	1	1	0	0	1	1	0	0	1	0	1	0	0
0	0	0	1	0	0	0	1	0	0	0	0	0	0	0	0	0	0	0	1
0	0	0	0	0	0	0	0	0	0	0	0	0	1	0	0	0	0	0	1
1	0	0	0	0	0	0	0	0	0	0	1	0	0	0	0	0	1	0	1
0	1	0	1	0	0	0	1	1	0	0	1	1	1	0	0	1	0	0	1
0	0	0	0	0	0	1	1	0	0	0	0	0	0	0	0	0	0	0	1
0	1	0	1	0	0	0	1	1	0	0	1	1	0	1	1	1	1	1	0
DIFF_EDGE
0 0
CHROM_NUMBER
10
EOF
