TYPE : graph_{count}
DIMENSION: 19
EDGE_DATA_FORMAT: EDGE_LIST
EDGE_WEIGHT_TYPE: EXPLICIT
EDGE_WEIGHT_FORMAT: FULL_MATRIX
EDGE_DATA_SECTION
0 2
0 3
0 5
0 6
0 7
0 9
0 13
0 14
0 15
0 18
1 5
1 6
1 7
1 8
1 9
1 14
1 15
1 18
2 5
2 10
3 4
3 5
3 8
3 9
3 10
3 13
3 14
3 15
3 18
4 5
4 6
4 7
4 13
4 15
5 6
5 12
5 14
5 15
6 8
6 10
6 14
6 15
6 18
7 8
7 9
7 13
7 14
7 17
7 18
8 10
8 13
8 15
9 13
10 15
10 18
11 12
11 13
11 15
12 13
12 15
12 18
13 14
13 15
13 16
13 18
14 15
14 18
15 18
-1
EDGE_WEIGHT_SECTION
0	0	1	1	0	1	1	1	0	1	0	0	0	1	1	1	0	0	1
0	0	0	0	0	1	1	1	1	1	0	0	0	0	1	1	0	0	1
1	0	0	0	0	1	0	0	0	0	1	0	0	0	0	0	0	0	0
1	0	0	0	1	1	0	0	1	1	1	0	0	1	1	1	0	0	1
0	0	0	1	0	1	1	1	0	0	0	0	0	1	0	1	0	0	0
1	1	1	1	1	0	1	0	0	0	0	0	1	0	1	1	0	0	0
1	1	0	0	1	1	0	0	1	0	1	0	0	0	1	1	0	0	1
1	1	0	0	1	0	0	0	1	1	0	0	0	1	1	0	0	1	1
0	1	0	1	0	0	1	1	0	0	1	0	0	1	0	1	0	0	0
1	1	0	1	0	0	0	1	0	0	0	0	0	1	0	0	0	0	0
0	0	1	1	0	0	1	0	1	0	0	0	0	0	0	1	0	0	1
0	0	0	0	0	0	0	0	0	0	0	0	1	1	0	1	0	0	0
0	0	0	0	0	1	0	0	0	0	0	1	0	1	0	1	0	0	1
1	0	0	1	1	0	0	1	1	1	0	1	1	0	1	1	1	0	1
1	1	0	1	0	1	1	1	0	0	0	0	0	1	0	1	0	0	1
1	1	0	1	1	1	1	0	1	0	1	1	1	1	1	0	0	0	1
0	0	0	0	0	0	0	0	0	0	0	0	0	1	0	0	0	0	0
0	0	0	0	0	0	0	1	0	0	0	0	0	0	0	0	0	0	0
1	1	0	1	0	0	1	1	0	0	1	0	1	1	1	1	0	0	0
DIFF_EDGE
0 0
CHROM_NUMBER
10
EOF
