TYPE : graph_{count}
DIMENSION: 18
EDGE_DATA_FORMAT: EDGE_LIST
EDGE_WEIGHT_TYPE: EXPLICIT
EDGE_WEIGHT_FORMAT: FULL_MATRIX
EDGE_DATA_SECTION
0 2
0 4
0 8
0 11
0 13
1 6
1 7
2 4
2 5
2 7
2 8
2 9
2 11
2 15
3 6
3 7
3 10
3 16
4 6
4 7
4 9
4 12
5 6
5 9
5 12
5 16
6 8
6 10
6 11
6 15
7 8
7 10
7 11
8 9
8 11
8 15
9 10
9 11
9 13
9 14
9 15
10 11
10 15
10 17
11 15
13 15
-1
EDGE_WEIGHT_SECTION
0	0	1	0	1	0	0	0	1	0	0	1	0	1	0	0	0	0
0	0	0	0	0	0	1	1	0	0	0	0	0	0	0	0	0	0
1	0	0	0	1	1	0	1	1	1	0	1	0	0	0	1	0	0
0	0	0	0	0	0	1	1	0	0	1	0	0	0	0	0	1	0
1	0	1	0	0	0	1	1	0	1	0	0	1	0	0	0	0	0
0	0	1	0	0	0	1	0	0	1	0	0	1	0	0	0	1	0
0	1	0	1	1	1	0	0	1	0	1	1	0	0	0	1	0	0
0	1	1	1	1	0	0	0	1	0	1	1	0	0	0	0	0	0
1	0	1	0	0	0	1	1	0	1	0	1	0	0	0	1	0	0
0	0	1	0	1	1	0	0	1	0	1	1	0	1	1	1	0	0
0	0	0	1	0	0	1	1	0	1	0	1	0	0	0	1	0	1
1	0	1	0	0	0	1	1	1	1	1	0	0	0	0	1	0	0
0	0	0	0	1	1	0	0	0	0	0	0	0	0	0	0	0	0
1	0	0	0	0	0	0	0	0	1	0	0	0	0	0	1	0	0
0	0	0	0	0	0	0	0	0	1	0	0	0	0	0	0	0	0
0	0	1	0	0	0	1	0	1	1	1	1	0	1	0	0	0	0
0	0	0	1	0	1	0	0	0	0	0	0	0	0	0	0	0	0
0	0	0	0	0	0	0	0	0	0	1	0	0	0	0	0	0	0
DIFF_EDGE
0 0
CHROM_NUMBER
8
EOF
