TYPE : graph_{count}
DIMENSION: 19
EDGE_DATA_FORMAT: EDGE_LIST
EDGE_WEIGHT_TYPE: EXPLICIT
EDGE_WEIGHT_FORMAT: FULL_MATRIX
EDGE_DATA_SECTION
0 1
0 3
0 4
0 5
0 7
0 8
0 9
0 11
0 14
0 17
1 3
1 5
1 6
1 8
1 10
1 14
1 15
1 17
2 3
2 5
2 9
2 10
2 14
3 4
3 6
3 10
3 14
3 15
3 17
3 18
4 7
4 8
4 9
4 14
4 15
5 10
5 15
5 17
6 7
6 8
6 11
6 13
6 14
6 15
6 17
7 8
7 9
7 10
7 14
7 17
8 10
8 12
8 14
9 10
10 15
11 14
11 15
12 14
12 17
13 17
14 15
14 17
15 16
15 17
-1
EDGE_WEIGHT_SECTION
0	1	0	1	1	1	0	1	1	1	0	1	0	0	1	0	0	1	0
1	0	0	1	0	1	1	0	1	0	1	0	0	0	1	1	0	1	0
0	0	0	1	0	1	0	0	0	1	1	0	0	0	1	0	0	0	0
1	1	1	0	1	0	1	0	0	0	1	0	0	0	1	1	0	1	1
1	0	0	1	0	0	0	1	1	1	0	0	0	0	1	1	0	0	0
1	1	1	0	0	0	0	0	0	0	1	0	0	0	0	1	0	1	0
0	1	0	1	0	0	0	1	1	0	0	1	0	1	1	1	0	1	0
1	0	0	0	1	0	1	0	1	1	1	0	0	0	1	0	0	1	0
1	1	0	0	1	0	1	1	0	0	1	0	1	0	1	0	0	0	0
1	0	1	0	1	0	0	1	0	0	1	0	0	0	0	0	0	0	0
0	1	1	1	0	1	0	1	1	1	0	0	0	0	0	1	0	0	0
1	0	0	0	0	0	1	0	0	0	0	0	0	0	1	1	0	0	0
0	0	0	0	0	0	0	0	1	0	0	0	0	0	1	0	0	1	0
0	0	0	0	0	0	1	0	0	0	0	0	0	0	0	0	0	1	0
1	1	1	1	1	0	1	1	1	0	0	1	1	0	0	1	0	1	0
0	1	0	1	1	1	1	0	0	0	1	1	0	0	1	0	1	1	0
0	0	0	0	0	0	0	0	0	0	0	0	0	0	0	1	0	0	0
1	1	0	1	0	1	1	1	0	0	0	0	1	1	1	1	0	0	0
0	0	0	1	0	0	0	0	0	0	0	0	0	0	0	0	0	0	0
DIFF_EDGE
0 0
CHROM_NUMBER
9
EOF
