TYPE : graph_{count}
DIMENSION: 20
EDGE_DATA_FORMAT: EDGE_LIST
EDGE_WEIGHT_TYPE: EXPLICIT
EDGE_WEIGHT_FORMAT: FULL_MATRIX
EDGE_DATA_SECTION
0 1
0 3
0 9
0 10
0 11
0 12
0 15
0 19
1 4
1 5
1 8
1 9
1 11
1 12
1 19
2 4
2 6
2 8
2 10
2 14
3 4
3 6
3 7
3 10
3 11
3 12
3 13
3 19
4 6
4 10
4 17
5 7
5 8
6 7
6 10
6 12
7 8
7 9
7 11
7 12
7 18
8 9
8 11
8 18
8 19
9 10
9 14
9 18
9 19
10 11
10 12
10 18
10 19
11 12
11 18
11 19
12 18
12 19
13 16
13 18
13 19
15 18
15 19
16 19
17 18
17 19
18 19
-1
EDGE_WEIGHT_SECTION
0	1	0	1	0	0	0	0	0	1	1	1	1	0	0	1	0	0	0	1
1	0	0	0	1	1	0	0	1	1	0	1	1	0	0	0	0	0	0	1
0	0	0	0	1	0	1	0	1	0	1	0	0	0	1	0	0	0	0	0
1	0	0	0	1	0	1	1	0	0	1	1	1	1	0	0	0	0	0	1
0	1	1	1	0	0	1	0	0	0	1	0	0	0	0	0	0	1	0	0
0	1	0	0	0	0	0	1	1	0	0	0	0	0	0	0	0	0	0	0
0	0	1	1	1	0	0	1	0	0	1	0	1	0	0	0	0	0	0	0
0	0	0	1	0	1	1	0	1	1	0	1	1	0	0	0	0	0	1	0
0	1	1	0	0	1	0	1	0	1	0	1	0	0	0	0	0	0	1	1
1	1	0	0	0	0	0	1	1	0	1	0	0	0	1	0	0	0	1	1
1	0	1	1	1	0	1	0	0	1	0	1	1	0	0	0	0	0	1	1
1	1	0	1	0	0	0	1	1	0	1	0	1	0	0	0	0	0	1	1
1	1	0	1	0	0	1	1	0	0	1	1	0	0	0	0	0	0	1	1
0	0	0	1	0	0	0	0	0	0	0	0	0	0	0	0	1	0	1	1
0	0	1	0	0	0	0	0	0	1	0	0	0	0	0	0	0	0	0	0
1	0	0	0	0	0	0	0	0	0	0	0	0	0	0	0	0	0	1	1
0	0	0	0	0	0	0	0	0	0	0	0	0	1	0	0	0	0	0	1
0	0	0	0	1	0	0	0	0	0	0	0	0	0	0	0	0	0	1	1
0	0	0	0	0	0	0	1	1	1	1	1	1	1	0	1	0	1	0	1
1	1	0	1	0	0	0	0	1	1	1	1	1	1	0	1	1	1	1	0
DIFF_EDGE
0 0
CHROM_NUMBER
9
EOF
