TYPE : graph_{count}
DIMENSION: 15
EDGE_DATA_FORMAT: EDGE_LIST
EDGE_WEIGHT_TYPE: EXPLICIT
EDGE_WEIGHT_FORMAT: FULL_MATRIX
EDGE_DATA_SECTION
0 1
0 2
0 3
0 4
0 5
0 7
0 9
0 10
0 12
0 13
1 4
1 8
1 10
1 11
1 13
2 3
2 5
2 8
3 4
3 6
3 9
3 12
3 13
4 5
4 6
4 9
4 12
4 13
5 6
5 10
5 12
5 13
6 10
7 8
7 9
8 9
8 12
10 12
10 13
11 12
12 13
13 14
-1
EDGE_WEIGHT_SECTION
0	1	1	1	1	1	0	1	0	1	1	0	1	1	0
1	0	0	0	1	0	0	0	1	0	1	1	0	1	0
1	0	0	1	0	1	0	0	1	0	0	0	0	0	0
1	0	1	0	1	0	1	0	0	1	0	0	1	1	0
1	1	0	1	0	1	1	0	0	1	0	0	1	1	0
1	0	1	0	1	0	1	0	0	0	1	0	1	1	0
0	0	0	1	1	1	0	0	0	0	1	0	0	0	0
1	0	0	0	0	0	0	0	1	1	0	0	0	0	0
0	1	1	0	0	0	0	1	0	1	0	0	1	0	0
1	0	0	1	1	0	0	1	1	0	0	0	0	0	0
1	1	0	0	0	1	1	0	0	0	0	0	1	1	0
0	1	0	0	0	0	0	0	0	0	0	0	1	0	0
1	0	0	1	1	1	0	0	1	0	1	1	0	1	0
1	1	0	1	1	1	0	0	0	0	1	0	1	0	1
0	0	0	0	0	0	0	0	0	0	0	0	0	1	0
DIFF_EDGE
0 0
CHROM_NUMBER
8
EOF
