TYPE : graph_{count}
DIMENSION: 17
EDGE_DATA_FORMAT: EDGE_LIST
EDGE_WEIGHT_TYPE: EXPLICIT
EDGE_WEIGHT_FORMAT: FULL_MATRIX
EDGE_DATA_SECTION
0 5
0 9
0 10
0 13
0 14
1 2
1 3
1 7
1 8
1 9
1 10
1 13
1 15
1 16
2 4
2 7
2 8
2 9
2 12
2 13
2 16
3 13
4 9
4 10
4 13
4 14
4 16
5 6
5 9
5 10
5 11
5 13
6 7
6 8
6 12
6 13
7 8
7 10
7 11
7 16
8 10
8 13
8 16
9 10
9 16
11 13
12 13
13 16
-1
EDGE_WEIGHT_SECTION
0	0	0	0	0	1	0	0	0	1	1	0	0	1	1	0	0
0	0	1	1	0	0	0	1	1	1	1	0	0	1	0	1	1
0	1	0	0	1	0	0	1	1	1	0	0	1	1	0	0	1
0	1	0	0	0	0	0	0	0	0	0	0	0	1	0	0	0
0	0	1	0	0	0	0	0	0	1	1	0	0	1	1	0	1
1	0	0	0	0	0	1	0	0	1	1	1	0	1	0	0	0
0	0	0	0	0	1	0	1	1	0	0	0	1	1	0	0	0
0	1	1	0	0	0	1	0	1	0	1	1	0	0	0	0	1
0	1	1	0	0	0	1	1	0	0	1	0	0	1	0	0	1
1	1	1	0	1	1	0	0	0	0	1	0	0	0	0	0	1
1	1	0	0	1	1	0	1	1	1	0	0	0	0	0	0	0
0	0	0	0	0	1	0	1	0	0	0	0	0	1	0	0	0
0	0	1	0	0	0	1	0	0	0	0	0	0	1	0	0	0
1	1	1	1	1	1	1	0	1	0	0	1	1	0	0	0	1
1	0	0	0	1	0	0	0	0	0	0	0	0	0	0	0	0
0	1	0	0	0	0	0	0	0	0	0	0	0	0	0	0	0
0	1	1	0	1	0	0	1	1	1	0	0	0	1	0	0	0
DIFF_EDGE
0 0
CHROM_NUMBER
8
EOF
