TYPE : graph_{count}
DIMENSION: 20
EDGE_DATA_FORMAT: EDGE_LIST
EDGE_WEIGHT_TYPE: EXPLICIT
EDGE_WEIGHT_FORMAT: FULL_MATRIX
EDGE_DATA_SECTION
0 3
0 10
1 2
1 3
1 4
1 7
1 8
1 9
1 14
2 3
2 4
2 6
2 8
2 13
2 18
3 5
3 10
3 17
3 19
4 7
4 9
4 16
5 6
5 11
7 9
7 10
7 11
7 18
8 19
9 17
12 14
14 15
-1
EDGE_WEIGHT_SECTION
0	0	0	1	0	0	0	0	0	0	1	0	0	0	0	0	0	0	0	0
0	0	1	1	1	0	0	1	1	1	0	0	0	0	1	0	0	0	0	0
0	1	0	1	1	0	1	0	1	0	0	0	0	1	0	0	0	0	1	0
1	1	1	0	0	1	0	0	0	0	1	0	0	0	0	0	0	1	0	1
0	1	1	0	0	0	0	1	0	1	0	0	0	0	0	0	1	0	0	0
0	0	0	1	0	0	1	0	0	0	0	1	0	0	0	0	0	0	0	0
0	0	1	0	0	1	0	0	0	0	0	0	0	0	0	0	0	0	0	0
0	1	0	0	1	0	0	0	0	1	1	1	0	0	0	0	0	0	1	0
0	1	1	0	0	0	0	0	0	0	0	0	0	0	0	0	0	0	0	1
0	1	0	0	1	0	0	1	0	0	0	0	0	0	0	0	0	1	0	0
1	0	0	1	0	0	0	1	0	0	0	0	0	0	0	0	0	0	0	0
0	0	0	0	0	1	0	1	0	0	0	0	0	0	0	0	0	0	0	0
0	0	0	0	0	0	0	0	0	0	0	0	0	0	1	0	0	0	0	0
0	0	1	0	0	0	0	0	0	0	0	0	0	0	0	0	0	0	0	0
0	1	0	0	0	0	0	0	0	0	0	0	1	0	0	1	0	0	0	0
0	0	0	0	0	0	0	0	0	0	0	0	0	0	1	0	0	0	0	0
0	0	0	0	1	0	0	0	0	0	0	0	0	0	0	0	0	0	0	0
0	0	0	1	0	0	0	0	0	1	0	0	0	0	0	0	0	0	0	0
0	0	1	0	0	0	0	1	0	0	0	0	0	0	0	0	0	0	0	0
0	0	0	1	0	0	0	0	1	0	0	0	0	0	0	0	0	0	0	0
DIFF_EDGE
0 0
CHROM_NUMBER
5
EOF
