TYPE : graph_{count}
DIMENSION: 20
EDGE_DATA_FORMAT: EDGE_LIST
EDGE_WEIGHT_TYPE: EXPLICIT
EDGE_WEIGHT_FORMAT: FULL_MATRIX
EDGE_DATA_SECTION
0 2
0 3
0 5
0 6
0 8
0 9
0 10
0 14
0 17
1 4
1 5
1 6
1 16
2 3
2 6
2 9
2 12
2 14
2 16
2 17
3 6
3 8
3 9
3 13
3 14
4 6
4 7
4 8
5 7
5 9
5 10
5 12
5 15
5 17
6 7
6 9
6 11
6 14
7 10
8 10
9 10
9 14
9 17
9 18
10 17
11 17
12 17
13 14
13 17
14 15
14 17
16 17
18 19
-1
EDGE_WEIGHT_SECTION
0	0	1	1	0	1	1	0	1	1	1	0	0	0	1	0	0	1	0	0
0	0	0	0	1	1	1	0	0	0	0	0	0	0	0	0	1	0	0	0
1	0	0	1	0	0	1	0	0	1	0	0	1	0	1	0	1	1	0	0
1	0	1	0	0	0	1	0	1	1	0	0	0	1	1	0	0	0	0	0
0	1	0	0	0	0	1	1	1	0	0	0	0	0	0	0	0	0	0	0
1	1	0	0	0	0	0	1	0	1	1	0	1	0	0	1	0	1	0	0
1	1	1	1	1	0	0	1	0	1	0	1	0	0	1	0	0	0	0	0
0	0	0	0	1	1	1	0	0	0	1	0	0	0	0	0	0	0	0	0
1	0	0	1	1	0	0	0	0	0	1	0	0	0	0	0	0	0	0	0
1	0	1	1	0	1	1	0	0	0	1	0	0	0	1	0	0	1	1	0
1	0	0	0	0	1	0	1	1	1	0	0	0	0	0	0	0	1	0	0
0	0	0	0	0	0	1	0	0	0	0	0	0	0	0	0	0	1	0	0
0	0	1	0	0	1	0	0	0	0	0	0	0	0	0	0	0	1	0	0
0	0	0	1	0	0	0	0	0	0	0	0	0	0	1	0	0	1	0	0
1	0	1	1	0	0	1	0	0	1	0	0	0	1	0	1	0	1	0	0
0	0	0	0	0	1	0	0	0	0	0	0	0	0	1	0	0	0	0	0
0	1	1	0	0	0	0	0	0	0	0	0	0	0	0	0	0	1	0	0
1	0	1	0	0	1	0	0	0	1	1	1	1	1	1	0	1	1	0	0
0	0	0	0	0	0	0	0	0	1	0	0	0	0	0	0	0	0	0	1
0	0	0	0	0	0	0	0	0	0	0	0	0	0	0	0	0	0	1	0
DIFF_EDGE
0 0
CHROM_NUMBER
8
EOF
