TYPE : graph_{count}
DIMENSION: 19
EDGE_DATA_FORMAT: EDGE_LIST
EDGE_WEIGHT_TYPE: EXPLICIT
EDGE_WEIGHT_FORMAT: FULL_MATRIX
EDGE_DATA_SECTION
0 1
0 2
0 3
0 10
1 6
1 9
1 10
2 3
2 4
2 6
2 7
2 10
2 13
2 16
3 4
3 7
3 9
3 10
3 12
3 18
4 6
4 7
4 8
4 10
4 11
4 15
5 6
5 7
5 8
5 13
5 15
6 7
6 8
6 9
6 15
7 8
7 15
7 17
8 18
9 16
11 15
12 15
13 14
14 15
-1
EDGE_WEIGHT_SECTION
0	1	1	1	0	0	0	0	0	0	1	0	0	0	0	0	0	0	0
1	0	0	0	0	0	1	0	0	1	1	0	0	0	0	0	0	0	0
1	0	0	1	1	0	1	1	0	0	1	0	0	1	0	0	1	0	0
1	0	1	0	1	0	0	1	0	1	1	0	1	0	0	0	0	0	1
0	0	1	1	0	0	1	1	1	0	1	1	0	0	0	1	0	0	0
0	0	0	0	0	0	1	1	1	0	0	0	0	1	0	1	0	0	0
0	1	1	0	1	1	0	1	1	1	0	0	0	0	0	1	0	0	0
0	0	1	1	1	1	1	0	1	0	0	0	0	0	0	1	0	1	0
0	0	0	0	1	1	1	1	0	0	0	0	0	0	0	0	0	0	1
0	1	0	1	0	0	1	0	0	0	0	0	0	0	0	0	1	0	0
1	1	1	1	1	0	0	0	0	0	0	0	0	0	0	0	0	0	0
0	0	0	0	1	0	0	0	0	0	0	0	0	0	0	1	0	0	0
0	0	0	1	0	0	0	0	0	0	0	0	0	0	0	1	0	0	0
0	0	1	0	0	1	0	0	0	0	0	0	0	0	1	0	0	0	0
0	0	0	0	0	0	0	0	0	0	0	0	0	1	0	1	0	0	0
0	0	0	0	1	1	1	1	0	0	0	1	1	0	1	0	0	0	0
0	0	1	0	0	0	0	0	0	1	0	0	0	0	0	0	0	0	0
0	0	0	0	0	0	0	1	0	0	0	0	0	0	0	0	0	0	0
0	0	0	1	0	0	0	0	1	0	0	0	0	0	0	0	0	0	0
DIFF_EDGE
0 0
CHROM_NUMBER
7
EOF
