TYPE : graph_{count}
DIMENSION: 16
EDGE_DATA_FORMAT: EDGE_LIST
EDGE_WEIGHT_TYPE: EXPLICIT
EDGE_WEIGHT_FORMAT: FULL_MATRIX
EDGE_DATA_SECTION
0 2
0 10
1 2
1 3
1 6
1 7
2 3
2 10
2 13
3 4
3 5
3 9
3 11
4 6
4 7
5 7
5 10
6 7
6 8
7 8
7 10
7 12
8 9
8 13
9 15
10 11
10 15
11 14
-1
EDGE_WEIGHT_SECTION
0	0	1	0	0	0	0	0	0	0	1	0	0	0	0	0
0	0	1	1	0	0	1	1	0	0	0	0	0	0	0	0
1	1	0	1	0	0	0	0	0	0	1	0	0	1	0	0
0	1	1	0	1	1	0	0	0	1	0	1	0	0	0	0
0	0	0	1	0	0	1	1	0	0	0	0	0	0	0	0
0	0	0	1	0	0	0	1	0	0	1	0	0	0	0	0
0	1	0	0	1	0	0	1	1	0	0	0	0	0	0	0
0	1	0	0	1	1	1	0	1	0	1	0	1	0	0	0
0	0	0	0	0	0	1	1	0	1	0	0	0	1	0	0
0	0	0	1	0	0	0	0	1	0	0	0	0	0	0	1
1	0	1	0	0	1	0	1	0	0	0	1	0	0	0	1
0	0	0	1	0	0	0	0	0	0	1	0	0	0	1	0
0	0	0	0	0	0	0	1	0	0	0	0	0	0	0	0
0	0	1	0	0	0	0	0	1	0	0	0	0	0	0	0
0	0	0	0	0	0	0	0	0	0	0	1	0	0	0	0
0	0	0	0	0	0	0	0	0	1	1	0	0	0	0	0
DIFF_EDGE
0 0
CHROM_NUMBER
5
EOF
