TYPE : graph_{count}
DIMENSION: 19
EDGE_DATA_FORMAT: EDGE_LIST
EDGE_WEIGHT_TYPE: EXPLICIT
EDGE_WEIGHT_FORMAT: FULL_MATRIX
EDGE_DATA_SECTION
0 3
0 4
0 7
0 10
0 14
1 7
2 4
2 5
2 7
2 8
2 9
3 5
3 6
3 7
3 15
4 6
4 7
4 17
5 7
5 10
6 10
6 12
7 8
7 11
8 9
8 12
10 17
13 18
14 18
15 16
-1
EDGE_WEIGHT_SECTION
0	0	0	1	1	0	0	1	0	0	1	0	0	0	1	0	0	0	0
0	0	0	0	0	0	0	1	0	0	0	0	0	0	0	0	0	0	0
0	0	0	0	1	1	0	1	1	1	0	0	0	0	0	0	0	0	0
1	0	0	0	0	1	1	1	0	0	0	0	0	0	0	1	0	0	0
1	0	1	0	0	0	1	1	0	0	0	0	0	0	0	0	0	1	0
0	0	1	1	0	0	0	1	0	0	1	0	0	0	0	0	0	0	0
0	0	0	1	1	0	0	0	0	0	1	0	1	0	0	0	0	0	0
1	1	1	1	1	1	0	0	1	0	0	1	0	0	0	0	0	0	0
0	0	1	0	0	0	0	1	0	1	0	0	1	0	0	0	0	0	0
0	0	1	0	0	0	0	0	1	0	0	0	0	0	0	0	0	0	0
1	0	0	0	0	1	1	0	0	0	0	0	0	0	0	0	0	1	0
0	0	0	0	0	0	0	1	0	0	0	0	0	0	0	0	0	0	0
0	0	0	0	0	0	1	0	1	0	0	0	0	0	0	0	0	0	0
0	0	0	0	0	0	0	0	0	0	0	0	0	0	0	0	0	0	1
1	0	0	0	0	0	0	0	0	0	0	0	0	0	0	0	0	0	1
0	0	0	1	0	0	0	0	0	0	0	0	0	0	0	0	1	0	0
0	0	0	0	0	0	0	0	0	0	0	0	0	0	0	1	0	0	0
0	0	0	0	1	0	0	0	0	0	1	0	0	0	0	0	0	0	0
0	0	0	0	0	0	0	0	0	0	0	0	0	1	1	0	0	0	0
DIFF_EDGE
0 0
CHROM_NUMBER
5
EOF
