TYPE : graph_{count}
DIMENSION: 20
EDGE_DATA_FORMAT: EDGE_LIST
EDGE_WEIGHT_TYPE: EXPLICIT
EDGE_WEIGHT_FORMAT: FULL_MATRIX
EDGE_DATA_SECTION
0 1
0 2
0 3
0 4
0 5
0 10
0 11
0 14
0 17
1 2
1 5
1 14
1 15
1 17
2 3
2 4
2 5
2 11
2 12
2 17
3 6
3 7
3 8
3 10
3 11
3 14
4 5
4 6
4 7
4 8
4 9
4 11
4 14
4 16
4 17
5 7
5 10
5 11
5 14
5 17
5 18
6 8
6 9
6 10
6 19
7 9
7 17
7 19
8 11
8 17
9 10
9 11
9 14
9 15
11 13
11 14
11 17
12 14
14 17
-1
EDGE_WEIGHT_SECTION
0	1	1	1	1	1	0	0	0	0	1	1	0	0	1	0	0	1	0	0
1	0	1	0	0	1	0	0	0	0	0	0	0	0	1	1	0	1	0	0
1	1	0	1	1	1	0	0	0	0	0	1	1	0	0	0	0	1	0	0
1	0	1	0	0	0	1	1	1	0	1	1	0	0	1	0	0	0	0	0
1	0	1	0	0	1	1	1	1	1	0	1	0	0	1	0	1	1	0	0
1	1	1	0	1	0	0	1	0	0	1	1	0	0	1	0	0	1	1	0
0	0	0	1	1	0	0	0	1	1	1	0	0	0	0	0	0	0	0	1
0	0	0	1	1	1	0	0	0	1	0	0	0	0	0	0	0	1	0	1
0	0	0	1	1	0	1	0	0	0	0	1	0	0	0	0	0	1	0	0
0	0	0	0	1	0	1	1	0	0	1	1	0	0	1	1	0	0	0	0
1	0	0	1	0	1	1	0	0	1	0	0	0	0	0	0	0	0	0	0
1	0	1	1	1	1	0	0	1	1	0	0	0	1	1	0	0	1	0	0
0	0	1	0	0	0	0	0	0	0	0	0	0	0	1	0	0	0	0	0
0	0	0	0	0	0	0	0	0	0	0	1	0	0	0	0	0	0	0	0
1	1	0	1	1	1	0	0	0	1	0	1	1	0	1	0	0	1	0	0
0	1	0	0	0	0	0	0	0	1	0	0	0	0	0	0	0	0	0	0
0	0	0	0	1	0	0	0	0	0	0	0	0	0	0	0	0	0	0	0
1	1	1	0	1	1	0	1	1	0	0	1	0	0	1	0	0	1	0	0
0	0	0	0	0	1	0	0	0	0	0	0	0	0	0	0	0	0	0	0
0	0	0	0	0	0	1	1	0	0	0	0	0	0	0	0	0	0	0	0
DIFF_EDGE
0 0
CHROM_NUMBER
9
EOF
