TYPE : graph_{count}
DIMENSION: 19
EDGE_DATA_FORMAT: EDGE_LIST
EDGE_WEIGHT_TYPE: EXPLICIT
EDGE_WEIGHT_FORMAT: FULL_MATRIX
EDGE_DATA_SECTION
0 1
0 3
0 4
0 6
0 10
0 12
1 4
1 5
1 6
1 7
1 8
1 10
1 12
1 14
2 5
2 6
2 10
2 12
2 13
3 4
3 7
3 12
3 13
4 6
4 7
4 8
4 10
4 11
5 6
5 8
5 9
6 7
6 8
7 8
7 9
7 12
8 9
8 10
8 12
9 10
9 12
9 14
11 15
12 15
12 16
14 17
16 18
-1
EDGE_WEIGHT_SECTION
0	1	0	1	1	0	1	0	0	0	1	0	1	0	0	0	0	0	0
1	0	0	0	1	1	1	1	1	0	1	0	1	0	1	0	0	0	0
0	0	0	0	0	1	1	0	0	0	1	0	1	1	0	0	0	0	0
1	0	0	0	1	0	0	1	0	0	0	0	1	1	0	0	0	0	0
1	1	0	1	0	0	1	1	1	0	1	1	0	0	0	0	0	0	0
0	1	1	0	0	0	1	0	1	1	0	0	0	0	0	0	0	0	0
1	1	1	0	1	1	0	1	1	0	0	0	0	0	0	0	0	0	0
0	1	0	1	1	0	1	0	1	1	0	0	1	0	0	0	0	0	0
0	1	0	0	1	1	1	1	0	1	1	0	1	0	0	0	0	0	0
0	0	0	0	0	1	0	1	1	0	1	0	1	0	1	0	0	0	0
1	1	1	0	1	0	0	0	1	1	0	0	0	0	0	0	0	0	0
0	0	0	0	1	0	0	0	0	0	0	0	0	0	0	1	0	0	0
1	1	1	1	0	0	0	1	1	1	0	0	0	0	0	1	1	0	0
0	0	1	1	0	0	0	0	0	0	0	0	0	0	0	0	0	0	0
0	1	0	0	0	0	0	0	0	1	0	0	0	0	0	0	0	1	0
0	0	0	0	0	0	0	0	0	0	0	1	1	0	0	0	0	0	0
0	0	0	0	0	0	0	0	0	0	0	0	1	0	0	0	0	0	1
0	0	0	0	0	0	0	0	0	0	0	0	0	0	1	0	0	0	0
0	0	0	0	0	0	0	0	0	0	0	0	0	0	0	0	1	0	0
DIFF_EDGE
0 0
CHROM_NUMBER
8
EOF
