TYPE : graph_{count}
DIMENSION: 20
EDGE_DATA_FORMAT: EDGE_LIST
EDGE_WEIGHT_TYPE: EXPLICIT
EDGE_WEIGHT_FORMAT: FULL_MATRIX
EDGE_DATA_SECTION
0 1
0 3
0 4
0 5
0 6
0 7
0 8
0 13
0 14
0 15
0 18
0 19
1 2
1 3
1 4
1 7
1 13
1 14
1 19
2 6
2 7
2 12
3 13
3 19
4 8
4 10
4 18
5 6
5 7
5 8
5 9
5 12
5 14
5 17
5 19
6 10
6 13
6 14
7 9
7 13
7 14
7 18
7 19
8 9
8 13
8 14
8 16
8 18
8 19
9 13
9 14
9 15
9 18
9 19
10 14
11 17
11 18
12 13
12 19
13 14
13 18
13 19
14 18
14 19
15 19
18 19
-1
EDGE_WEIGHT_SECTION
0	1	0	1	1	1	1	1	1	0	0	0	0	1	1	1	0	0	1	1
1	0	1	1	1	0	0	1	0	0	0	0	0	1	1	0	0	0	0	1
0	1	0	0	0	0	1	1	0	0	0	0	1	0	0	0	0	0	0	0
1	1	0	0	0	0	0	0	0	0	0	0	0	1	0	0	0	0	0	1
1	1	0	0	0	0	0	0	1	0	1	0	0	0	0	0	0	0	1	0
1	0	0	0	0	0	1	1	1	1	0	0	1	0	1	0	0	1	0	1
1	0	1	0	0	1	0	0	0	0	1	0	0	1	1	0	0	0	0	0
1	1	1	0	0	1	0	0	0	1	0	0	0	1	1	0	0	0	1	1
1	0	0	0	1	1	0	0	0	1	0	0	0	1	1	0	1	0	1	1
0	0	0	0	0	1	0	1	1	0	0	0	0	1	1	1	0	0	1	1
0	0	0	0	1	0	1	0	0	0	0	0	0	0	1	0	0	0	0	0
0	0	0	0	0	0	0	0	0	0	0	0	0	0	0	0	0	1	1	0
0	0	1	0	0	1	0	0	0	0	0	0	0	1	0	0	0	0	0	1
1	1	0	1	0	0	1	1	1	1	0	0	1	0	1	0	0	0	1	1
1	1	0	0	0	1	1	1	1	1	1	0	0	1	0	0	0	0	1	1
1	0	0	0	0	0	0	0	0	1	0	0	0	0	0	0	0	0	0	1
0	0	0	0	0	0	0	0	1	0	0	0	0	0	0	0	0	0	0	0
0	0	0	0	0	1	0	0	0	0	0	1	0	0	0	0	0	0	0	0
1	0	0	0	1	0	0	1	1	1	0	1	0	1	1	0	0	0	1	1
1	1	0	1	0	1	0	1	1	1	0	0	1	1	1	1	0	0	1	1
DIFF_EDGE
0 0
CHROM_NUMBER
9
EOF
