TYPE : graph_{count}
DIMENSION: 18
EDGE_DATA_FORMAT: EDGE_LIST
EDGE_WEIGHT_TYPE: EXPLICIT
EDGE_WEIGHT_FORMAT: FULL_MATRIX
EDGE_DATA_SECTION
0 1
0 4
0 5
0 7
0 8
0 12
0 14
1 6
1 7
1 11
1 13
1 14
1 16
2 5
2 12
2 14
2 16
3 5
3 6
3 7
3 8
3 10
3 14
4 7
4 10
4 15
5 7
5 8
5 9
5 13
5 14
5 16
6 7
6 10
6 16
7 9
7 14
7 16
8 9
8 10
8 14
8 16
8 17
9 14
9 15
9 16
10 11
10 14
12 14
12 16
13 14
14 16
15 16
-1
EDGE_WEIGHT_SECTION
0	1	0	0	1	1	0	1	1	0	0	0	1	0	1	0	0	0
1	0	0	0	0	0	1	1	0	0	0	1	0	1	1	0	1	0
0	0	0	0	0	1	0	0	0	0	0	0	1	0	1	0	1	0
0	0	0	0	0	1	1	1	1	0	1	0	0	0	1	0	0	0
1	0	0	0	0	0	0	1	0	0	1	0	0	0	0	1	0	0
1	0	1	1	0	0	0	1	1	1	0	0	0	1	1	0	1	0
0	1	0	1	0	0	0	1	0	0	1	0	0	0	0	0	1	0
1	1	0	1	1	1	1	0	0	1	0	0	0	0	1	0	1	0
1	0	0	1	0	1	0	0	0	1	1	0	0	0	1	0	1	1
0	0	0	0	0	1	0	1	1	0	0	0	0	0	1	1	1	0
0	0	0	1	1	0	1	0	1	0	0	1	0	0	1	0	0	0
0	1	0	0	0	0	0	0	0	0	1	0	0	0	0	0	0	0
1	0	1	0	0	0	0	0	0	0	0	0	0	0	1	0	1	0
0	1	0	0	0	1	0	0	0	0	0	0	0	0	1	0	0	0
1	1	1	1	0	1	0	1	1	1	1	0	1	1	0	0	1	0
0	0	0	0	1	0	0	0	0	1	0	0	0	0	0	0	1	0
0	1	1	0	0	1	1	1	1	1	0	0	1	0	1	1	0	0
0	0	0	0	0	0	0	0	1	0	0	0	0	0	0	0	0	0
DIFF_EDGE
0 0
CHROM_NUMBER
8
EOF
