TYPE : graph_{count}
DIMENSION: 20
EDGE_DATA_FORMAT: EDGE_LIST
EDGE_WEIGHT_TYPE: EXPLICIT
EDGE_WEIGHT_FORMAT: FULL_MATRIX
EDGE_DATA_SECTION
0 2
0 8
0 10
0 11
0 15
0 18
1 3
1 4
1 5
1 6
1 8
1 15
1 18
2 5
2 8
2 9
2 10
2 15
2 18
3 9
3 10
4 5
4 6
4 7
4 8
4 9
4 10
4 15
4 16
4 18
5 7
5 8
5 10
5 14
5 15
5 18
6 7
6 18
7 10
7 11
8 9
8 15
9 12
10 13
10 15
11 17
11 18
12 18
12 19
13 18
15 18
16 18
17 18
-1
EDGE_WEIGHT_SECTION
0	0	1	0	0	0	0	0	1	0	1	1	0	0	0	1	0	0	1	0
0	0	0	1	1	1	1	0	1	0	0	0	0	0	0	1	0	0	1	0
1	0	0	0	0	1	0	0	1	1	1	0	0	0	0	1	0	0	1	0
0	1	0	0	0	0	0	0	0	1	1	0	0	0	0	0	0	0	0	0
0	1	0	0	0	1	1	1	1	1	1	0	0	0	0	1	1	0	1	0
0	1	1	0	1	0	0	1	1	0	1	0	0	0	1	1	0	0	1	0
0	1	0	0	1	0	0	1	0	0	0	0	0	0	0	0	0	0	1	0
0	0	0	0	1	1	1	0	0	0	1	1	0	0	0	0	0	0	0	0
1	1	1	0	1	1	0	0	0	1	0	0	0	0	0	1	0	0	0	0
0	0	1	1	1	0	0	0	1	0	0	0	1	0	0	0	0	0	0	0
1	0	1	1	1	1	0	1	0	0	0	0	0	1	0	1	0	0	0	0
1	0	0	0	0	0	0	1	0	0	0	0	0	0	0	0	0	1	1	0
0	0	0	0	0	0	0	0	0	1	0	0	0	0	0	0	0	0	1	1
0	0	0	0	0	0	0	0	0	0	1	0	0	0	0	0	0	0	1	0
0	0	0	0	0	1	0	0	0	0	0	0	0	0	0	0	0	0	0	0
1	1	1	0	1	1	0	0	1	0	1	0	0	0	0	1	0	0	1	0
0	0	0	0	1	0	0	0	0	0	0	0	0	0	0	0	0	0	1	0
0	0	0	0	0	0	0	0	0	0	0	1	0	0	0	0	0	0	1	0
1	1	1	0	1	1	1	0	0	0	0	1	1	1	0	1	1	1	1	0
0	0	0	0	0	0	0	0	0	0	0	0	1	0	0	0	0	0	0	0
DIFF_EDGE
0 0
CHROM_NUMBER
8
EOF
