TYPE : graph_{count}
DIMENSION: 20
EDGE_DATA_FORMAT: EDGE_LIST
EDGE_WEIGHT_TYPE: EXPLICIT
EDGE_WEIGHT_FORMAT: FULL_MATRIX
EDGE_DATA_SECTION
0 2
0 4
0 7
0 8
0 10
0 12
0 14
0 15
0 19
1 4
1 6
1 9
1 14
1 17
1 19
2 9
2 11
2 14
2 18
3 6
3 9
3 19
4 6
4 10
5 8
5 10
5 12
6 8
6 13
7 10
7 13
8 11
9 15
9 18
9 19
10 14
10 19
11 19
13 16
13 19
14 16
14 19
15 19
16 19
18 19
-1
EDGE_WEIGHT_SECTION
0	0	1	0	1	0	0	1	1	0	1	0	1	0	1	1	0	0	0	1
0	0	0	0	1	0	1	0	0	1	0	0	0	0	1	0	0	1	0	1
1	0	0	0	0	0	0	0	0	1	0	1	0	0	1	0	0	0	1	0
0	0	0	0	0	0	1	0	0	1	0	0	0	0	0	0	0	0	0	1
1	1	0	0	0	0	1	0	0	0	1	0	0	0	0	0	0	0	0	0
0	0	0	0	0	0	0	0	1	0	1	0	1	0	0	0	0	0	0	0
0	1	0	1	1	0	0	0	1	0	0	0	0	1	0	0	0	0	0	0
1	0	0	0	0	0	0	0	0	0	1	0	0	1	0	0	0	0	0	0
1	0	0	0	0	1	1	0	0	0	0	1	0	0	0	0	0	0	0	0
0	1	1	1	0	0	0	0	0	0	0	0	0	0	0	1	0	0	1	1
1	0	0	0	1	1	0	1	0	0	0	0	0	0	1	0	0	0	0	1
0	0	1	0	0	0	0	0	1	0	0	0	0	0	0	0	0	0	0	1
1	0	0	0	0	1	0	0	0	0	0	0	0	0	0	0	0	0	0	0
0	0	0	0	0	0	1	1	0	0	0	0	0	0	0	0	1	0	0	1
1	1	1	0	0	0	0	0	0	0	1	0	0	0	0	0	1	0	0	1
1	0	0	0	0	0	0	0	0	1	0	0	0	0	0	0	0	0	0	1
0	0	0	0	0	0	0	0	0	0	0	0	0	1	1	0	0	0	0	1
0	1	0	0	0	0	0	0	0	0	0	0	0	0	0	0	0	0	0	0
0	0	1	0	0	0	0	0	0	1	0	0	0	0	0	0	0	0	0	1
1	1	0	1	0	0	0	0	0	1	1	1	0	1	1	1	1	0	1	0
DIFF_EDGE
0 0
CHROM_NUMBER
7
EOF
