TYPE : graph_{count}
DIMENSION: 17
EDGE_DATA_FORMAT: EDGE_LIST
EDGE_WEIGHT_TYPE: EXPLICIT
EDGE_WEIGHT_FORMAT: FULL_MATRIX
EDGE_DATA_SECTION
0 3
0 4
0 6
1 2
1 3
1 5
1 6
1 12
1 16
2 3
2 5
2 8
2 9
2 11
2 15
3 7
3 8
3 9
3 10
3 11
4 7
4 9
4 10
5 9
5 13
6 7
6 8
6 9
7 8
7 10
8 11
8 12
8 13
9 11
11 16
12 14
-1
EDGE_WEIGHT_SECTION
0	0	0	1	1	0	1	0	0	0	0	0	0	0	0	0	0
0	0	1	1	0	1	1	0	0	0	0	0	1	0	0	0	1
0	1	0	1	0	1	0	0	1	1	0	1	0	0	0	1	0
1	1	1	0	0	0	0	1	1	1	1	1	0	0	0	0	0
1	0	0	0	0	0	0	1	0	1	1	0	0	0	0	0	0
0	1	1	0	0	0	0	0	0	1	0	0	0	1	0	0	0
1	1	0	0	0	0	0	1	1	1	0	0	0	0	0	0	0
0	0	0	1	1	0	1	0	1	0	1	0	0	0	0	0	0
0	0	1	1	0	0	1	1	0	0	0	1	1	1	0	0	0
0	0	1	1	1	1	1	0	0	0	0	1	0	0	0	0	0
0	0	0	1	1	0	0	1	0	0	0	0	0	0	0	0	0
0	0	1	1	0	0	0	0	1	1	0	0	0	0	0	0	1
0	1	0	0	0	0	0	0	1	0	0	0	0	0	1	0	0
0	0	0	0	0	1	0	0	1	0	0	0	0	0	0	0	0
0	0	0	0	0	0	0	0	0	0	0	0	1	0	0	0	0
0	0	1	0	0	0	0	0	0	0	0	0	0	0	0	0	0
0	1	0	0	0	0	0	0	0	0	0	1	0	0	0	0	0
DIFF_EDGE
0 0
CHROM_NUMBER
6
EOF
