TYPE : graph_{count}
DIMENSION: 17
EDGE_DATA_FORMAT: EDGE_LIST
EDGE_WEIGHT_TYPE: EXPLICIT
EDGE_WEIGHT_FORMAT: FULL_MATRIX
EDGE_DATA_SECTION
0 4
0 5
0 6
0 8
0 9
0 10
0 11
0 13
0 15
1 7
1 8
1 9
1 14
2 3
2 5
2 6
2 7
2 11
3 5
3 6
3 7
3 9
3 11
3 12
3 13
3 14
3 15
4 5
4 6
4 9
4 10
5 7
5 10
5 13
5 14
6 7
6 8
6 9
6 10
6 11
6 13
6 14
6 15
7 8
7 9
7 10
7 11
7 13
7 14
7 15
8 11
8 12
8 13
8 14
8 15
9 11
9 13
9 14
9 15
10 13
11 13
11 14
11 15
12 14
13 14
13 15
14 15
14 16
-1
EDGE_WEIGHT_SECTION
0	0	0	0	1	1	1	0	1	1	1	1	0	1	0	1	0
0	0	0	0	0	0	0	1	1	1	0	0	0	0	1	0	0
0	0	0	1	0	1	1	1	0	0	0	1	0	0	0	0	0
0	0	1	0	0	1	1	1	0	1	0	1	1	1	1	1	0
1	0	0	0	0	1	1	0	0	1	1	0	0	0	0	0	0
1	0	1	1	1	0	0	1	0	0	1	0	0	1	1	0	0
1	0	1	1	1	0	0	1	1	1	1	1	0	1	1	1	0
0	1	1	1	0	1	1	0	1	1	1	1	0	1	1	1	0
1	1	0	0	0	0	1	1	0	0	0	1	1	1	1	1	0
1	1	0	1	1	0	1	1	0	0	0	1	0	1	1	1	0
1	0	0	0	1	1	1	1	0	0	0	0	0	1	0	0	0
1	0	1	1	0	0	1	1	1	1	0	0	0	1	1	1	0
0	0	0	1	0	0	0	0	1	0	0	0	0	0	1	0	0
1	0	0	1	0	1	1	1	1	1	1	1	0	0	1	1	0
0	1	0	1	0	1	1	1	1	1	0	1	1	1	1	1	1
1	0	0	1	0	0	1	1	1	1	0	1	0	1	1	0	0
0	0	0	0	0	0	0	0	0	0	0	0	0	0	1	0	0
DIFF_EDGE
0 0
CHROM_NUMBER
10
EOF
