TYPE : graph_{count}
DIMENSION: 19
EDGE_DATA_FORMAT: EDGE_LIST
EDGE_WEIGHT_TYPE: EXPLICIT
EDGE_WEIGHT_FORMAT: FULL_MATRIX
EDGE_DATA_SECTION
0 1
0 2
0 3
0 4
0 8
1 2
1 4
1 5
1 7
1 8
1 13
1 15
1 18
2 3
2 5
2 9
2 14
3 4
3 7
3 8
3 9
3 10
3 12
3 15
3 17
3 18
4 5
4 6
4 7
4 10
4 14
4 15
4 17
4 18
5 7
5 9
5 10
5 14
5 15
5 17
5 18
6 8
6 9
6 15
7 10
7 11
7 14
7 18
8 10
8 14
8 16
8 17
8 18
9 10
9 17
10 14
10 15
10 18
11 14
11 15
11 17
11 18
13 14
13 15
13 17
14 15
14 17
14 18
15 16
15 17
15 18
17 18
-1
EDGE_WEIGHT_SECTION
0	1	1	1	1	0	0	0	1	0	0	0	0	0	0	0	0	0	0
1	0	1	0	1	1	0	1	1	0	0	0	0	1	0	1	0	0	1
1	1	0	1	0	1	0	0	0	1	0	0	0	0	1	0	0	0	0
1	0	1	0	1	0	0	1	1	1	1	0	1	0	0	1	0	1	1
1	1	0	1	0	1	1	1	0	0	1	0	0	0	1	1	0	1	1
0	1	1	0	1	0	0	1	0	1	1	0	0	0	1	1	0	1	1
0	0	0	0	1	0	0	0	1	1	0	0	0	0	0	1	0	0	0
0	1	0	1	1	1	0	0	0	0	1	1	0	0	1	0	0	0	1
1	1	0	1	0	0	1	0	0	0	1	0	0	0	1	0	1	1	1
0	0	1	1	0	1	1	0	0	0	1	0	0	0	0	0	0	1	0
0	0	0	1	1	1	0	1	1	1	0	0	0	0	1	1	0	0	1
0	0	0	0	0	0	0	1	0	0	0	0	0	0	1	1	0	1	1
0	0	0	1	0	0	0	0	0	0	0	0	0	0	0	0	0	0	0
0	1	0	0	0	0	0	0	0	0	0	0	0	0	1	1	0	1	0
0	0	1	0	1	1	0	1	1	0	1	1	0	1	1	1	0	1	1
0	1	0	1	1	1	1	0	0	0	1	1	0	1	1	1	1	1	1
0	0	0	0	0	0	0	0	1	0	0	0	0	0	0	1	0	0	0
0	0	0	1	1	1	0	0	1	1	0	1	0	1	1	1	0	0	1
0	1	0	1	1	1	0	1	1	0	1	1	0	0	1	1	0	1	1
DIFF_EDGE
0 0
CHROM_NUMBER
10
EOF
