TYPE : graph_{count}
DIMENSION: 19
EDGE_DATA_FORMAT: EDGE_LIST
EDGE_WEIGHT_TYPE: EXPLICIT
EDGE_WEIGHT_FORMAT: FULL_MATRIX
EDGE_DATA_SECTION
0 5
0 6
0 9
0 10
0 12
0 13
0 17
1 4
1 5
1 6
1 8
1 10
1 12
1 14
1 16
1 17
2 4
2 8
2 9
2 14
3 4
3 9
3 11
3 14
4 5
4 8
4 9
4 10
4 14
4 15
5 7
5 17
6 7
6 8
6 14
6 15
6 17
7 9
7 14
7 17
8 11
8 17
9 14
9 17
10 14
10 17
11 14
11 17
12 14
12 17
14 17
15 17
16 18
-1
EDGE_WEIGHT_SECTION
0	0	0	0	0	1	1	0	0	1	1	0	1	1	0	0	0	1	0
0	0	0	0	1	1	1	0	1	0	1	0	1	0	1	0	1	1	0
0	0	0	0	1	0	0	0	1	1	0	0	0	0	1	0	0	0	0
0	0	0	0	1	0	0	0	0	1	0	1	0	0	1	0	0	0	0
0	1	1	1	0	1	0	0	1	1	1	0	0	0	1	1	0	0	0
1	1	0	0	1	0	0	1	0	0	0	0	0	0	0	0	0	1	0
1	1	0	0	0	0	0	1	1	0	0	0	0	0	1	1	0	1	0
0	0	0	0	0	1	1	0	0	1	0	0	0	0	1	0	0	1	0
0	1	1	0	1	0	1	0	0	0	0	1	0	0	0	0	0	1	0
1	0	1	1	1	0	0	1	0	0	0	0	0	0	1	0	0	1	0
1	1	0	0	1	0	0	0	0	0	0	0	0	0	1	0	0	1	0
0	0	0	1	0	0	0	0	1	0	0	0	0	0	1	0	0	1	0
1	1	0	0	0	0	0	0	0	0	0	0	0	0	1	0	0	1	0
1	0	0	0	0	0	0	0	0	0	0	0	0	0	0	0	0	0	0
0	1	1	1	1	0	1	1	0	1	1	1	1	0	0	0	0	1	0
0	0	0	0	1	0	1	0	0	0	0	0	0	0	0	0	0	1	0
0	1	0	0	0	0	0	0	0	0	0	0	0	0	0	0	0	0	1
1	1	0	0	0	1	1	1	1	1	1	1	1	0	1	1	0	0	0
0	0	0	0	0	0	0	0	0	0	0	0	0	0	0	0	1	0	0
DIFF_EDGE
0 0
CHROM_NUMBER
8
EOF
