TYPE : graph_{count}
DIMENSION: 17
EDGE_DATA_FORMAT: EDGE_LIST
EDGE_WEIGHT_TYPE: EXPLICIT
EDGE_WEIGHT_FORMAT: FULL_MATRIX
EDGE_DATA_SECTION
0 1
0 2
0 6
0 9
0 12
1 2
1 3
1 5
1 7
1 9
1 12
2 8
2 9
2 11
2 12
3 4
3 6
3 8
3 9
3 12
3 15
4 5
4 7
4 8
4 9
4 10
4 11
5 7
5 12
5 13
5 16
6 16
7 8
7 9
8 10
9 10
9 12
12 14
-1
EDGE_WEIGHT_SECTION
0	1	1	0	0	0	1	0	0	1	0	0	1	0	0	0	0
1	0	1	1	0	1	0	1	0	1	0	0	1	0	0	0	0
1	1	0	0	0	0	0	0	1	1	0	1	1	0	0	0	0
0	1	0	0	1	0	1	0	1	1	0	0	1	0	0	1	0
0	0	0	1	0	1	0	1	1	1	1	1	0	0	0	0	0
0	1	0	0	1	0	0	1	0	0	0	0	1	1	0	0	1
1	0	0	1	0	0	0	0	0	0	0	0	0	0	0	0	1
0	1	0	0	1	1	0	0	1	1	0	0	0	0	0	0	0
0	0	1	1	1	0	0	1	0	0	1	0	0	0	0	0	0
1	1	1	1	1	0	0	1	0	0	1	0	1	0	0	0	0
0	0	0	0	1	0	0	0	1	1	0	0	0	0	0	0	0
0	0	1	0	1	0	0	0	0	0	0	0	0	0	0	0	0
1	1	1	1	0	1	0	0	0	1	0	0	0	0	1	0	0
0	0	0	0	0	1	0	0	0	0	0	0	0	0	0	0	0
0	0	0	0	0	0	0	0	0	0	0	0	1	0	0	0	0
0	0	0	1	0	0	0	0	0	0	0	0	0	0	0	0	0
0	0	0	0	0	1	1	0	0	0	0	0	0	0	0	0	0
DIFF_EDGE
0 0
CHROM_NUMBER
7
EOF
