TYPE : graph_{count}
DIMENSION: 16
EDGE_DATA_FORMAT: EDGE_LIST
EDGE_WEIGHT_TYPE: EXPLICIT
EDGE_WEIGHT_FORMAT: FULL_MATRIX
EDGE_DATA_SECTION
0 1
0 2
0 4
0 7
0 8
0 9
0 12
0 13
1 2
1 3
1 4
1 9
1 12
1 15
2 4
2 5
2 7
2 8
2 12
2 15
3 5
3 8
3 12
4 5
4 12
4 15
5 7
5 10
5 11
5 12
5 14
6 10
6 15
7 12
8 10
8 12
9 10
9 11
9 12
9 15
11 12
12 15
13 15
-1
EDGE_WEIGHT_SECTION
0	1	1	0	1	0	0	1	1	1	0	0	1	1	0	0
1	0	1	1	1	0	0	0	0	1	0	0	1	0	0	1
1	1	0	0	1	1	0	1	1	0	0	0	1	0	0	1
0	1	0	0	0	1	0	0	1	0	0	0	1	0	0	0
1	1	1	0	0	1	0	0	0	0	0	0	1	0	0	1
0	0	1	1	1	0	0	1	0	0	1	1	1	0	1	0
0	0	0	0	0	0	0	0	0	0	1	0	0	0	0	1
1	0	1	0	0	1	0	0	0	0	0	0	1	0	0	0
1	0	1	1	0	0	0	0	0	0	1	0	1	0	0	0
1	1	0	0	0	0	0	0	0	0	1	1	1	0	0	1
0	0	0	0	0	1	1	0	1	1	0	0	0	0	0	0
0	0	0	0	0	1	0	0	0	1	0	0	1	0	0	0
1	1	1	1	1	1	0	1	1	1	0	1	1	0	0	1
1	0	0	0	0	0	0	0	0	0	0	0	0	0	0	1
0	0	0	0	0	1	0	0	0	0	0	0	0	0	0	0
0	1	1	0	1	0	1	0	0	1	0	0	1	1	0	0
DIFF_EDGE
0 0
CHROM_NUMBER
7
EOF
