TYPE : graph_{count}
DIMENSION: 19
EDGE_DATA_FORMAT: EDGE_LIST
EDGE_WEIGHT_TYPE: EXPLICIT
EDGE_WEIGHT_FORMAT: FULL_MATRIX
EDGE_DATA_SECTION
0 1
0 5
0 10
0 12
0 16
1 6
1 9
1 10
1 16
2 3
2 4
2 5
2 7
2 9
2 10
2 14
2 16
2 18
3 5
3 6
3 8
3 9
3 10
3 14
3 16
3 17
4 6
4 8
5 10
5 11
5 14
5 16
6 12
6 16
7 9
7 15
8 9
9 10
9 13
10 14
10 15
10 16
12 14
12 16
13 14
13 16
14 16
-1
EDGE_WEIGHT_SECTION
0	1	0	0	0	1	0	0	0	0	1	0	1	0	0	0	1	0	0
1	0	0	0	0	0	1	0	0	1	1	0	0	0	0	0	1	0	0
0	0	0	1	1	1	0	1	0	1	1	0	0	0	1	0	1	0	1
0	0	1	0	0	1	1	0	1	1	1	0	0	0	1	0	1	1	0
0	0	1	0	0	0	1	0	1	0	0	0	0	0	0	0	0	0	0
1	0	1	1	0	0	0	0	0	0	1	1	0	0	1	0	1	0	0
0	1	0	1	1	0	0	0	0	0	0	0	1	0	0	0	1	0	0
0	0	1	0	0	0	0	0	0	1	0	0	0	0	0	1	0	0	0
0	0	0	1	1	0	0	0	0	1	0	0	0	0	0	0	0	0	0
0	1	1	1	0	0	0	1	1	0	1	0	0	1	0	0	0	0	0
1	1	1	1	0	1	0	0	0	1	0	0	0	0	1	1	1	0	0
0	0	0	0	0	1	0	0	0	0	0	0	0	0	0	0	0	0	0
1	0	0	0	0	0	1	0	0	0	0	0	0	0	1	0	1	0	0
0	0	0	0	0	0	0	0	0	1	0	0	0	0	1	0	1	0	0
0	0	1	1	0	1	0	0	0	0	1	0	1	1	1	0	1	0	0
0	0	0	0	0	0	0	1	0	0	1	0	0	0	0	0	0	0	0
1	1	1	1	0	1	1	0	0	0	1	0	1	1	1	0	0	0	0
0	0	0	1	0	0	0	0	0	0	0	0	0	0	0	0	0	0	0
0	0	1	0	0	0	0	0	0	0	0	0	0	0	0	0	0	0	0
DIFF_EDGE
0 0
CHROM_NUMBER
7
EOF
