TYPE : graph_{count}
DIMENSION: 21
EDGE_DATA_FORMAT: EDGE_LIST
EDGE_WEIGHT_TYPE: EXPLICIT
EDGE_WEIGHT_FORMAT: FULL_MATRIX
EDGE_DATA_SECTION
0 3
0 5
0 9
0 10
0 17
0 20
1 15
2 4
2 8
2 9
2 14
3 6
3 9
3 10
4 5
4 7
4 8
4 10
4 14
4 17
4 18
4 19
5 6
5 7
5 8
5 14
5 18
6 10
6 11
6 14
7 8
7 12
7 14
8 11
8 14
8 15
9 10
9 13
9 17
9 18
11 17
11 18
12 13
12 17
12 18
14 16
14 17
14 18
16 18
17 18
18 20
-1
EDGE_WEIGHT_SECTION
0	0	0	1	0	1	0	0	0	1	1	0	0	0	0	0	0	1	0	0	1
0	0	0	0	0	0	0	0	0	0	0	0	0	0	0	1	0	0	0	0	0
0	0	0	0	1	0	0	0	1	1	0	0	0	0	1	0	0	0	0	0	0
1	0	0	0	0	0	1	0	0	1	1	0	0	0	0	0	0	0	0	0	0
0	0	1	0	0	1	0	1	1	0	1	0	0	0	1	0	0	1	1	1	0
1	0	0	0	1	0	1	1	1	0	0	0	0	0	1	0	0	0	1	0	0
0	0	0	1	0	1	0	0	0	0	1	1	0	0	1	0	0	0	0	0	0
0	0	0	0	1	1	0	0	1	0	0	0	1	0	1	0	0	0	0	0	0
0	0	1	0	1	1	0	1	0	0	0	1	0	0	1	1	0	0	0	0	0
1	0	1	1	0	0	0	0	0	0	1	0	0	1	0	0	0	1	1	0	0
1	0	0	1	1	0	1	0	0	1	0	0	0	0	0	0	0	0	0	0	0
0	0	0	0	0	0	1	0	1	0	0	0	0	0	0	0	0	1	1	0	0
0	0	0	0	0	0	0	1	0	0	0	0	0	1	0	0	0	1	1	0	0
0	0	0	0	0	0	0	0	0	1	0	0	1	0	0	0	0	0	0	0	0
0	0	1	0	1	1	1	1	1	0	0	0	0	0	0	0	1	1	1	0	0
0	1	0	0	0	0	0	0	1	0	0	0	0	0	0	0	0	0	0	0	0
0	0	0	0	0	0	0	0	0	0	0	0	0	0	1	0	0	0	1	0	0
1	0	0	0	1	0	0	0	0	1	0	1	1	0	1	0	0	0	1	0	0
0	0	0	0	1	1	0	0	0	1	0	1	1	0	1	0	1	1	1	0	1
0	0	0	0	1	0	0	0	0	0	0	0	0	0	0	0	0	0	0	0	0
1	0	0	0	0	0	0	0	0	0	0	0	0	0	0	0	0	0	1	0	0
DIFF_EDGE
0 0
CHROM_NUMBER
8
EOF
