TYPE : graph_{count}
DIMENSION: 19
EDGE_DATA_FORMAT: EDGE_LIST
EDGE_WEIGHT_TYPE: EXPLICIT
EDGE_WEIGHT_FORMAT: FULL_MATRIX
EDGE_DATA_SECTION
0 2
0 4
0 5
0 17
1 3
1 6
1 8
1 9
1 10
1 17
1 18
2 8
2 13
3 4
3 5
3 7
3 9
3 10
3 15
3 18
4 10
4 17
5 6
5 7
5 9
5 13
5 17
5 18
6 9
6 11
6 17
6 18
7 9
7 10
7 17
7 18
8 10
8 17
8 18
9 10
9 12
9 17
10 11
10 14
10 18
11 17
11 18
12 16
12 17
12 18
14 17
14 18
15 17
15 18
17 18
-1
EDGE_WEIGHT_SECTION
0	0	1	0	1	1	0	0	0	0	0	0	0	0	0	0	0	1	0
0	0	0	1	0	0	1	0	1	1	1	0	0	0	0	0	0	1	1
1	0	0	0	0	0	0	0	1	0	0	0	0	1	0	0	0	0	0
0	1	0	0	1	1	0	1	0	1	1	0	0	0	0	1	0	0	1
1	0	0	1	0	0	0	0	0	0	1	0	0	0	0	0	0	1	0
1	0	0	1	0	0	1	1	0	1	0	0	0	1	0	0	0	1	1
0	1	0	0	0	1	0	0	0	1	0	1	0	0	0	0	0	1	1
0	0	0	1	0	1	0	0	0	1	1	0	0	0	0	0	0	1	1
0	1	1	0	0	0	0	0	0	0	1	0	0	0	0	0	0	1	1
0	1	0	1	0	1	1	1	0	0	1	0	1	0	0	0	0	1	0
0	1	0	1	1	0	0	1	1	1	0	1	0	0	1	0	0	0	1
0	0	0	0	0	0	1	0	0	0	1	0	0	0	0	0	0	1	1
0	0	0	0	0	0	0	0	0	1	0	0	0	0	0	0	1	1	1
0	0	1	0	0	1	0	0	0	0	0	0	0	0	0	0	0	0	0
0	0	0	0	0	0	0	0	0	0	1	0	0	0	0	0	0	1	1
0	0	0	1	0	0	0	0	0	0	0	0	0	0	0	0	0	1	1
0	0	0	0	0	0	0	0	0	0	0	0	1	0	0	0	0	0	0
1	1	0	0	1	1	1	1	1	1	0	1	1	0	1	1	0	0	1
0	1	0	1	0	1	1	1	1	0	1	1	1	0	1	1	0	1	0
DIFF_EDGE
0 0
CHROM_NUMBER
7
EOF
