TYPE : graph_{count}
DIMENSION: 17
EDGE_DATA_FORMAT: EDGE_LIST
EDGE_WEIGHT_TYPE: EXPLICIT
EDGE_WEIGHT_FORMAT: FULL_MATRIX
EDGE_DATA_SECTION
0 3
0 4
0 5
0 6
0 7
0 9
0 11
1 3
1 4
1 7
1 8
1 10
1 11
1 13
1 14
2 3
2 4
2 5
2 6
2 8
2 9
2 11
3 5
3 9
3 11
3 13
4 7
4 8
4 13
4 14
5 6
5 7
5 11
5 14
6 7
6 8
6 9
6 10
6 11
6 13
6 14
7 8
7 9
7 10
7 11
7 13
7 14
8 12
8 14
8 16
9 10
9 11
9 13
9 14
10 12
10 13
11 14
11 15
13 14
13 15
13 16
-1
EDGE_WEIGHT_SECTION
0	0	0	1	1	1	1	1	0	1	0	1	0	0	0	0	0
0	0	0	1	1	0	0	1	1	0	1	1	0	1	1	0	0
0	0	0	1	1	1	1	0	1	1	0	1	0	0	0	0	0
1	1	1	0	0	1	0	0	0	1	0	1	0	1	0	0	0
1	1	1	0	0	0	0	1	1	0	0	0	0	1	1	0	0
1	0	1	1	0	0	1	1	0	0	0	1	0	0	1	0	0
1	0	1	0	0	1	0	1	1	1	1	1	0	1	1	0	0
1	1	0	0	1	1	1	0	1	1	1	1	0	1	1	0	0
0	1	1	0	1	0	1	1	0	0	0	0	1	0	1	0	1
1	0	1	1	0	0	1	1	0	0	1	1	0	1	1	0	0
0	1	0	0	0	0	1	1	0	1	0	0	1	1	0	0	0
1	1	1	1	0	1	1	1	0	1	0	0	0	0	1	1	0
0	0	0	0	0	0	0	0	1	0	1	0	0	0	0	0	0
0	1	0	1	1	0	1	1	0	1	1	0	0	0	1	1	1
0	1	0	0	1	1	1	1	1	1	0	1	0	1	0	0	0
0	0	0	0	0	0	0	0	0	0	0	1	0	1	0	0	0
0	0	0	0	0	0	0	0	1	0	0	0	0	1	0	0	0
DIFF_EDGE
0 0
CHROM_NUMBER
10
EOF
