TYPE : graph_{count}
DIMENSION: 18
EDGE_DATA_FORMAT: EDGE_LIST
EDGE_WEIGHT_TYPE: EXPLICIT
EDGE_WEIGHT_FORMAT: FULL_MATRIX
EDGE_DATA_SECTION
0 1
0 7
0 9
0 10
0 15
0 16
1 4
1 5
1 6
1 9
1 15
2 3
2 4
2 6
2 7
2 8
2 15
2 16
3 5
3 6
3 8
3 15
4 5
4 7
4 8
4 10
4 11
4 15
4 16
5 6
5 8
5 9
5 15
6 8
6 9
6 14
6 15
7 10
7 14
8 15
8 16
9 10
9 12
9 13
9 16
9 17
10 15
12 15
14 15
14 16
15 16
15 17
-1
EDGE_WEIGHT_SECTION
0	1	0	0	0	0	0	1	0	1	1	0	0	0	0	1	1	0
1	0	0	0	1	1	1	0	0	1	0	0	0	0	0	1	0	0
0	0	0	1	1	0	1	1	1	0	0	0	0	0	0	1	1	0
0	0	1	0	0	1	1	0	1	0	0	0	0	0	0	1	0	0
0	1	1	0	0	1	0	1	1	0	1	1	0	0	0	1	1	0
0	1	0	1	1	0	1	0	1	1	0	0	0	0	0	1	0	0
0	1	1	1	0	1	0	0	1	1	0	0	0	0	1	1	0	0
1	0	1	0	1	0	0	0	0	0	1	0	0	0	1	0	0	0
0	0	1	1	1	1	1	0	0	0	0	0	0	0	0	1	1	0
1	1	0	0	0	1	1	0	0	0	1	0	1	1	0	0	1	1
1	0	0	0	1	0	0	1	0	1	0	0	0	0	0	1	0	0
0	0	0	0	1	0	0	0	0	0	0	0	0	0	0	0	0	0
0	0	0	0	0	0	0	0	0	1	0	0	0	0	0	1	0	0
0	0	0	0	0	0	0	0	0	1	0	0	0	0	0	0	0	0
0	0	0	0	0	0	1	1	0	0	0	0	0	0	0	1	1	0
1	1	1	1	1	1	1	0	1	0	1	0	1	0	1	1	1	1
1	0	1	0	1	0	0	0	1	1	0	0	0	0	1	1	0	0
0	0	0	0	0	0	0	0	0	1	0	0	0	0	0	1	0	0
DIFF_EDGE
0 0
CHROM_NUMBER
8
EOF
