TYPE : graph_{count}
DIMENSION: 18
EDGE_DATA_FORMAT: EDGE_LIST
EDGE_WEIGHT_TYPE: EXPLICIT
EDGE_WEIGHT_FORMAT: FULL_MATRIX
EDGE_DATA_SECTION
0 3
0 4
0 5
0 6
0 13
0 14
1 2
1 4
1 7
1 10
1 11
1 13
1 16
2 3
2 4
2 8
2 9
2 10
2 13
2 14
2 17
3 4
3 9
3 11
3 14
3 17
4 5
4 7
4 8
4 9
4 10
4 11
4 13
4 14
4 17
5 7
5 8
5 10
5 13
6 8
6 9
6 10
6 13
7 8
7 10
7 11
7 13
7 14
7 15
8 9
8 10
8 11
8 13
8 14
8 17
10 11
10 13
10 14
10 17
11 12
11 13
11 17
12 13
12 14
13 14
13 17
14 17
15 17
16 17
-1
EDGE_WEIGHT_SECTION
0	0	0	1	1	1	1	0	0	0	0	0	0	1	1	0	0	0
0	0	1	0	1	0	0	1	0	0	1	1	0	1	0	0	1	0
0	1	0	1	1	0	0	0	1	1	1	0	0	1	1	0	0	1
1	0	1	0	1	0	0	0	0	1	0	1	0	0	1	0	0	1
1	1	1	1	0	1	0	1	1	1	1	1	0	1	1	0	0	1
1	0	0	0	1	0	0	1	1	0	1	0	0	1	0	0	0	0
1	0	0	0	0	0	0	0	1	1	1	0	0	1	0	0	0	0
0	1	0	0	1	1	0	0	1	0	1	1	0	1	1	1	0	0
0	0	1	0	1	1	1	1	0	1	1	1	0	1	1	0	0	1
0	0	1	1	1	0	1	0	1	0	0	0	0	0	0	0	0	0
0	1	1	0	1	1	1	1	1	0	0	1	0	1	1	0	0	1
0	1	0	1	1	0	0	1	1	0	1	0	1	1	0	0	0	1
0	0	0	0	0	0	0	0	0	0	0	1	0	1	1	0	0	0
1	1	1	0	1	1	1	1	1	0	1	1	1	0	1	0	0	1
1	0	1	1	1	0	0	1	1	0	1	0	1	1	0	0	0	1
0	0	0	0	0	0	0	1	0	0	0	0	0	0	0	0	0	1
0	1	0	0	0	0	0	0	0	0	0	0	0	0	0	0	0	1
0	0	1	1	1	0	0	0	1	0	1	1	0	1	1	1	1	0
DIFF_EDGE
0 0
CHROM_NUMBER
10
EOF
