TYPE : graph_{count}
DIMENSION: 16
EDGE_DATA_FORMAT: EDGE_LIST
EDGE_WEIGHT_TYPE: EXPLICIT
EDGE_WEIGHT_FORMAT: FULL_MATRIX
EDGE_DATA_SECTION
0 1
0 2
0 3
0 5
0 13
1 2
1 4
1 7
1 9
1 12
2 3
2 6
2 10
3 4
3 5
3 6
3 7
3 8
3 9
3 11
3 12
4 5
4 7
4 9
4 10
4 13
5 6
5 7
5 8
5 9
5 13
5 14
6 7
6 13
7 9
7 13
8 9
9 13
11 13
12 13
13 15
-1
EDGE_WEIGHT_SECTION
0	1	1	1	0	1	0	0	0	0	0	0	0	1	0	0
1	0	1	0	1	0	0	1	0	1	0	0	1	0	0	0
1	1	0	1	0	0	1	0	0	0	1	0	0	0	0	0
1	0	1	0	1	1	1	1	1	1	0	1	1	0	0	0
0	1	0	1	0	1	0	1	0	1	1	0	0	1	0	0
1	0	0	1	1	0	1	1	1	1	0	0	0	1	1	0
0	0	1	1	0	1	0	1	0	0	0	0	0	1	0	0
0	1	0	1	1	1	1	0	0	1	0	0	0	1	0	0
0	0	0	1	0	1	0	0	0	1	0	0	0	0	0	0
0	1	0	1	1	1	0	1	1	0	0	0	0	1	0	0
0	0	1	0	1	0	0	0	0	0	0	0	0	0	0	0
0	0	0	1	0	0	0	0	0	0	0	0	0	1	0	0
0	1	0	1	0	0	0	0	0	0	0	0	0	1	0	0
1	0	0	0	1	1	1	1	0	1	0	1	1	0	0	1
0	0	0	0	0	1	0	0	0	0	0	0	0	0	0	0
0	0	0	0	0	0	0	0	0	0	0	0	0	1	0	0
DIFF_EDGE
0 0
CHROM_NUMBER
7
EOF
