TYPE : graph_{count}
DIMENSION: 21
EDGE_DATA_FORMAT: EDGE_LIST
EDGE_WEIGHT_TYPE: EXPLICIT
EDGE_WEIGHT_FORMAT: FULL_MATRIX
EDGE_DATA_SECTION
0 2
0 5
0 8
0 12
1 4
1 5
1 7
1 8
1 10
2 5
2 7
2 8
2 9
2 10
2 11
2 13
3 4
3 5
3 8
3 9
3 10
3 19
4 5
4 7
4 9
4 16
5 6
5 8
5 10
5 17
6 8
6 9
6 10
6 11
6 12
6 13
6 18
7 8
8 9
8 10
8 11
8 13
9 10
9 11
9 13
9 15
10 11
10 13
10 16
11 13
11 17
12 13
13 19
13 20
14 20
-1
EDGE_WEIGHT_SECTION
0	0	1	0	0	1	0	0	1	0	0	0	1	0	0	0	0	0	0	0	0
0	0	0	0	1	1	0	1	1	0	1	0	0	0	0	0	0	0	0	0	0
1	0	0	0	0	1	0	1	1	1	1	1	0	1	0	0	0	0	0	0	0
0	0	0	0	1	1	0	0	1	1	1	0	0	0	0	0	0	0	0	1	0
0	1	0	1	0	1	0	1	0	1	0	0	0	0	0	0	1	0	0	0	0
1	1	1	1	1	0	1	0	1	0	1	0	0	0	0	0	0	1	0	0	0
0	0	0	0	0	1	0	0	1	1	1	1	1	1	0	0	0	0	1	0	0
0	1	1	0	1	0	0	0	1	0	0	0	0	0	0	0	0	0	0	0	0
1	1	1	1	0	1	1	1	0	1	1	1	0	1	0	0	0	0	0	0	0
0	0	1	1	1	0	1	0	1	0	1	1	0	1	0	1	0	0	0	0	0
0	1	1	1	0	1	1	0	1	1	0	1	0	1	0	0	1	0	0	0	0
0	0	1	0	0	0	1	0	1	1	1	0	0	1	0	0	0	1	0	0	0
1	0	0	0	0	0	1	0	0	0	0	0	0	1	0	0	0	0	0	0	0
0	0	1	0	0	0	1	0	1	1	1	1	1	0	0	0	0	0	0	1	1
0	0	0	0	0	0	0	0	0	0	0	0	0	0	0	0	0	0	0	0	1
0	0	0	0	0	0	0	0	0	1	0	0	0	0	0	0	0	0	0	0	0
0	0	0	0	1	0	0	0	0	0	1	0	0	0	0	0	0	0	0	0	0
0	0	0	0	0	1	0	0	0	0	0	1	0	0	0	0	0	0	0	0	0
0	0	0	0	0	0	1	0	0	0	0	0	0	0	0	0	0	0	0	0	0
0	0	0	1	0	0	0	0	0	0	0	0	0	1	0	0	0	0	0	0	0
0	0	0	0	0	0	0	0	0	0	0	0	0	1	1	0	0	0	0	0	0
DIFF_EDGE
0 0
CHROM_NUMBER
8
EOF
