TYPE : graph_{count}
DIMENSION: 21
EDGE_DATA_FORMAT: EDGE_LIST
EDGE_WEIGHT_TYPE: EXPLICIT
EDGE_WEIGHT_FORMAT: FULL_MATRIX
EDGE_DATA_SECTION
0 1
0 3
0 5
0 6
0 8
0 9
0 10
0 11
0 13
0 20
1 2
1 3
1 4
1 5
1 7
1 8
1 9
1 13
1 20
2 5
2 6
2 7
2 10
2 13
3 4
3 5
3 6
3 8
3 17
4 7
5 6
5 7
5 9
5 13
5 18
6 7
6 9
7 8
7 9
7 10
7 12
7 14
8 9
9 10
9 13
9 20
10 15
10 20
11 20
12 13
12 16
12 20
13 14
13 15
13 17
13 20
15 20
16 20
17 19
17 20
18 20
-1
EDGE_WEIGHT_SECTION
0	1	0	1	0	1	1	0	1	1	1	1	0	1	0	0	0	0	0	0	1
1	0	1	1	1	1	0	1	1	1	0	0	0	1	0	0	0	0	0	0	1
0	1	0	0	0	1	1	1	0	0	1	0	0	1	0	0	0	0	0	0	0
1	1	0	0	1	1	1	0	1	0	0	0	0	0	0	0	0	1	0	0	0
0	1	0	1	0	0	0	1	0	0	0	0	0	0	0	0	0	0	0	0	0
1	1	1	1	0	0	1	1	0	1	0	0	0	1	0	0	0	0	1	0	0
1	0	1	1	0	1	0	1	0	1	0	0	0	0	0	0	0	0	0	0	0
0	1	1	0	1	1	1	0	1	1	1	0	1	0	1	0	0	0	0	0	0
1	1	0	1	0	0	0	1	0	1	0	0	0	0	0	0	0	0	0	0	0
1	1	0	0	0	1	1	1	1	0	1	0	0	1	0	0	0	0	0	0	1
1	0	1	0	0	0	0	1	0	1	0	0	0	0	0	1	0	0	0	0	1
1	0	0	0	0	0	0	0	0	0	0	0	0	0	0	0	0	0	0	0	1
0	0	0	0	0	0	0	1	0	0	0	0	0	1	0	0	1	0	0	0	1
1	1	1	0	0	1	0	0	0	1	0	0	1	0	1	1	0	1	0	0	1
0	0	0	0	0	0	0	1	0	0	0	0	0	1	0	0	0	0	0	0	0
0	0	0	0	0	0	0	0	0	0	1	0	0	1	0	0	0	0	0	0	1
0	0	0	0	0	0	0	0	0	0	0	0	1	0	0	0	0	0	0	0	1
0	0	0	1	0	0	0	0	0	0	0	0	0	1	0	0	0	0	0	1	1
0	0	0	0	0	1	0	0	0	0	0	0	0	0	0	0	0	0	0	0	1
0	0	0	0	0	0	0	0	0	0	0	0	0	0	0	0	0	1	0	0	0
1	1	0	0	0	0	0	0	0	1	1	1	1	1	0	1	1	1	1	0	0
DIFF_EDGE
0 0
CHROM_NUMBER
9
EOF
