TYPE : graph_{count}
DIMENSION: 14
EDGE_DATA_FORMAT: EDGE_LIST
EDGE_WEIGHT_TYPE: EXPLICIT
EDGE_WEIGHT_FORMAT: FULL_MATRIX
EDGE_DATA_SECTION
0 1
0 2
0 3
0 5
0 7
0 10
0 11
0 12
0 13
1 2
1 3
1 5
1 9
1 11
1 12
1 13
2 3
2 6
2 7
2 11
2 12
2 13
3 5
3 9
3 10
3 11
3 12
3 13
4 7
5 6
5 7
5 8
5 10
5 11
6 7
6 10
6 12
6 13
7 8
7 9
7 11
8 10
8 11
8 13
9 11
9 12
9 13
10 11
11 12
11 13
12 13
-1
EDGE_WEIGHT_SECTION
0	1	1	1	0	1	0	1	0	0	1	1	1	1
1	0	1	1	0	1	0	0	0	1	0	1	1	1
1	1	0	1	0	0	1	1	0	0	0	1	1	1
1	1	1	0	0	1	0	0	0	1	1	1	1	1
0	0	0	0	0	0	0	1	0	0	0	0	0	0
1	1	0	1	0	0	1	1	1	0	1	1	0	0
0	0	1	0	0	1	0	1	0	0	1	0	1	1
1	0	1	0	1	1	1	0	1	1	0	1	0	0
0	0	0	0	0	1	0	1	0	0	1	1	0	1
0	1	0	1	0	0	0	1	0	0	0	1	1	1
1	0	0	1	0	1	1	0	1	0	0	1	0	0
1	1	1	1	0	1	0	1	1	1	1	1	1	1
1	1	1	1	0	0	1	0	0	1	0	1	0	1
1	1	1	1	0	0	1	0	1	1	0	1	1	0
DIFF_EDGE
0 0
CHROM_NUMBER
9
EOF
