TYPE : graph_{count}
DIMENSION: 18
EDGE_DATA_FORMAT: EDGE_LIST
EDGE_WEIGHT_TYPE: EXPLICIT
EDGE_WEIGHT_FORMAT: FULL_MATRIX
EDGE_DATA_SECTION
0 2
0 4
0 5
0 9
0 11
1 3
1 4
1 5
1 6
1 7
1 11
1 12
1 13
2 3
2 7
2 10
3 5
3 7
3 8
3 9
3 10
3 11
3 17
4 6
4 7
4 11
4 17
5 9
5 10
5 11
6 7
6 9
6 10
6 15
6 16
7 9
9 11
9 13
10 11
10 12
10 14
10 16
11 15
-1
EDGE_WEIGHT_SECTION
0	0	1	0	1	1	0	0	0	1	0	1	0	0	0	0	0	0
0	0	0	1	1	1	1	1	0	0	0	1	1	1	0	0	0	0
1	0	0	1	0	0	0	1	0	0	1	0	0	0	0	0	0	0
0	1	1	0	0	1	0	1	1	1	1	1	0	0	0	0	0	1
1	1	0	0	0	0	1	1	0	0	0	1	0	0	0	0	0	1
1	1	0	1	0	0	0	0	0	1	1	1	0	0	0	0	0	0
0	1	0	0	1	0	0	1	0	1	1	0	0	0	0	1	1	0
0	1	1	1	1	0	1	0	0	1	0	0	0	0	0	0	0	0
0	0	0	1	0	0	0	0	0	0	0	0	0	0	0	0	0	0
1	0	0	1	0	1	1	1	0	0	0	1	0	1	0	0	0	0
0	0	1	1	0	1	1	0	0	0	0	1	1	0	1	0	1	0
1	1	0	1	1	1	0	0	0	1	1	0	0	0	0	1	0	0
0	1	0	0	0	0	0	0	0	0	1	0	0	0	0	0	0	0
0	1	0	0	0	0	0	0	0	1	0	0	0	0	0	0	0	0
0	0	0	0	0	0	0	0	0	0	1	0	0	0	0	0	0	0
0	0	0	0	0	0	1	0	0	0	0	1	0	0	0	0	0	0
0	0	0	0	0	0	1	0	0	0	1	0	0	0	0	0	0	0
0	0	0	1	1	0	0	0	0	0	0	0	0	0	0	0	0	0
DIFF_EDGE
0 0
CHROM_NUMBER
7
EOF
