TYPE : graph_{count}
DIMENSION: 21
EDGE_DATA_FORMAT: EDGE_LIST
EDGE_WEIGHT_TYPE: EXPLICIT
EDGE_WEIGHT_FORMAT: FULL_MATRIX
EDGE_DATA_SECTION
0 1
0 5
0 6
0 7
0 8
0 10
0 18
1 2
1 7
1 9
1 13
1 16
2 3
2 5
2 6
2 13
2 14
2 18
3 6
3 16
3 19
4 9
4 13
4 19
5 6
5 9
5 10
5 13
5 16
5 18
6 7
6 8
6 9
6 13
6 16
6 18
7 8
7 10
7 12
7 17
7 18
8 10
8 13
8 18
9 15
9 16
9 18
9 20
10 11
10 13
10 14
10 16
11 13
11 18
11 20
12 13
13 16
13 18
14 16
14 18
16 18
17 18
-1
EDGE_WEIGHT_SECTION
0	1	0	0	0	1	1	1	1	0	1	0	0	0	0	0	0	0	1	0	0
1	0	1	0	0	0	0	1	0	1	0	0	0	1	0	0	1	0	0	0	0
0	1	0	1	0	1	1	0	0	0	0	0	0	1	1	0	0	0	1	0	0
0	0	1	0	0	0	1	0	0	0	0	0	0	0	0	0	1	0	0	1	0
0	0	0	0	0	0	0	0	0	1	0	0	0	1	0	0	0	0	0	1	0
1	0	1	0	0	0	1	0	0	1	1	0	0	1	0	0	1	0	1	0	0
1	0	1	1	0	1	0	1	1	1	0	0	0	1	0	0	1	0	1	0	0
1	1	0	0	0	0	1	0	1	0	1	0	1	0	0	0	0	1	1	0	0
1	0	0	0	0	0	1	1	0	0	1	0	0	1	0	0	0	0	1	0	0
0	1	0	0	1	1	1	0	0	0	0	0	0	0	0	1	1	0	1	0	1
1	0	0	0	0	1	0	1	1	0	0	1	0	1	1	0	1	0	0	0	0
0	0	0	0	0	0	0	0	0	0	1	0	0	1	0	0	0	0	1	0	1
0	0	0	0	0	0	0	1	0	0	0	0	0	1	0	0	0	0	0	0	0
0	1	1	0	1	1	1	0	1	0	1	1	1	1	0	0	1	0	1	0	0
0	0	1	0	0	0	0	0	0	0	1	0	0	0	0	0	1	0	1	0	0
0	0	0	0	0	0	0	0	0	1	0	0	0	0	0	0	0	0	0	0	0
0	1	0	1	0	1	1	0	0	1	1	0	0	1	1	0	0	0	1	0	0
0	0	0	0	0	0	0	1	0	0	0	0	0	0	0	0	0	0	1	0	0
1	0	1	0	0	1	1	1	1	1	0	1	0	1	1	0	1	1	0	0	0
0	0	0	1	1	0	0	0	0	0	0	0	0	0	0	0	0	0	0	0	0
0	0	0	0	0	0	0	0	0	1	0	1	0	0	0	0	0	0	0	0	0
DIFF_EDGE
0 0
CHROM_NUMBER
9
EOF
