TYPE : graph_{count}
DIMENSION: 18
EDGE_DATA_FORMAT: EDGE_LIST
EDGE_WEIGHT_TYPE: EXPLICIT
EDGE_WEIGHT_FORMAT: FULL_MATRIX
EDGE_DATA_SECTION
0 1
0 4
0 10
0 11
1 2
1 3
1 4
1 7
1 9
1 13
2 3
2 5
2 9
2 10
2 11
3 5
3 7
3 8
3 9
4 5
4 7
4 8
4 10
4 17
5 6
5 7
5 8
5 9
5 13
5 14
6 7
6 8
6 10
7 8
7 10
7 13
8 10
8 13
8 15
11 13
12 13
12 17
13 16
-1
EDGE_WEIGHT_SECTION
0	1	0	0	1	0	0	0	0	0	1	1	0	0	0	0	0	0
1	0	1	1	1	0	0	1	0	1	0	0	0	1	0	0	0	0
0	1	0	1	0	1	0	0	0	1	1	1	0	0	0	0	0	0
0	1	1	0	0	1	0	1	1	1	0	0	0	0	0	0	0	0
1	1	0	0	0	1	0	1	1	0	1	0	0	0	0	0	0	1
0	0	1	1	1	0	1	1	1	1	0	0	0	1	1	0	0	0
0	0	0	0	0	1	0	1	1	0	1	0	0	0	0	0	0	0
0	1	0	1	1	1	1	0	1	0	1	0	0	1	0	0	0	0
0	0	0	1	1	1	1	1	0	0	1	0	0	1	0	1	0	0
0	1	1	1	0	1	0	0	0	0	0	0	0	0	0	0	0	0
1	0	1	0	1	0	1	1	1	0	0	0	0	0	0	0	0	0
1	0	1	0	0	0	0	0	0	0	0	0	0	1	0	0	0	0
0	0	0	0	0	0	0	0	0	0	0	0	0	1	0	0	0	1
0	1	0	0	0	1	0	1	1	0	0	1	1	0	0	0	1	0
0	0	0	0	0	1	0	0	0	0	0	0	0	0	0	0	0	0
0	0	0	0	0	0	0	0	1	0	0	0	0	0	0	0	0	0
0	0	0	0	0	0	0	0	0	0	0	0	0	1	0	0	0	0
0	0	0	0	1	0	0	0	0	0	0	0	1	0	0	0	0	0
DIFF_EDGE
0 0
CHROM_NUMBER
7
EOF
