TYPE : graph_{count}
DIMENSION: 20
EDGE_DATA_FORMAT: EDGE_LIST
EDGE_WEIGHT_TYPE: EXPLICIT
EDGE_WEIGHT_FORMAT: FULL_MATRIX
EDGE_DATA_SECTION
0 1
0 3
0 7
0 8
0 9
0 10
0 18
0 19
1 2
1 3
1 5
1 13
1 16
1 18
2 4
2 5
2 9
2 17
3 7
3 8
4 5
4 9
4 14
5 10
5 15
6 8
6 10
6 14
7 10
8 9
8 11
8 16
8 18
9 12
9 13
10 11
12 18
15 18
-1
EDGE_WEIGHT_SECTION
0	1	0	1	0	0	0	1	1	1	1	0	0	0	0	0	0	0	1	1
1	0	1	1	0	1	0	0	0	0	0	0	0	1	0	0	1	0	1	0
0	1	0	0	1	1	0	0	0	1	0	0	0	0	0	0	0	1	0	0
1	1	0	0	0	0	0	1	1	0	0	0	0	0	0	0	0	0	0	0
0	0	1	0	0	1	0	0	0	1	0	0	0	0	1	0	0	0	0	0
0	1	1	0	1	0	0	0	0	0	1	0	0	0	0	1	0	0	0	0
0	0	0	0	0	0	0	0	1	0	1	0	0	0	1	0	0	0	0	0
1	0	0	1	0	0	0	0	0	0	1	0	0	0	0	0	0	0	0	0
1	0	0	1	0	0	1	0	0	1	0	1	0	0	0	0	1	0	1	0
1	0	1	0	1	0	0	0	1	0	0	0	1	1	0	0	0	0	0	0
1	0	0	0	0	1	1	1	0	0	0	1	0	0	0	0	0	0	0	0
0	0	0	0	0	0	0	0	1	0	1	0	0	0	0	0	0	0	0	0
0	0	0	0	0	0	0	0	0	1	0	0	0	0	0	0	0	0	1	0
0	1	0	0	0	0	0	0	0	1	0	0	0	0	0	0	0	0	0	0
0	0	0	0	1	0	1	0	0	0	0	0	0	0	0	0	0	0	0	0
0	0	0	0	0	1	0	0	0	0	0	0	0	0	0	0	0	0	1	0
0	1	0	0	0	0	0	0	1	0	0	0	0	0	0	0	0	0	0	0
0	0	1	0	0	0	0	0	0	0	0	0	0	0	0	0	0	0	0	0
1	1	0	0	0	0	0	0	1	0	0	0	1	0	0	1	0	0	0	0
1	0	0	0	0	0	0	0	0	0	0	0	0	0	0	0	0	0	0	0
DIFF_EDGE
0 0
CHROM_NUMBER
6
EOF
