TYPE : graph_{count}
DIMENSION: 21
EDGE_DATA_FORMAT: EDGE_LIST
EDGE_WEIGHT_TYPE: EXPLICIT
EDGE_WEIGHT_FORMAT: FULL_MATRIX
EDGE_DATA_SECTION
0 4
0 6
0 7
0 9
0 10
0 11
0 15
0 16
0 17
0 18
1 3
1 4
1 7
1 9
1 11
1 16
2 5
2 7
2 8
2 9
2 10
2 11
2 15
3 6
3 9
3 10
3 11
3 12
3 13
3 16
4 6
4 7
4 9
4 10
4 11
4 15
4 16
4 17
4 18
5 6
5 7
5 8
5 10
5 11
6 7
6 8
6 9
6 10
6 11
6 15
6 16
6 17
6 18
7 8
7 9
7 10
7 11
7 13
7 15
7 16
8 10
8 12
8 15
8 18
9 14
9 15
9 16
9 18
10 11
10 15
10 16
10 17
10 18
11 14
11 15
11 16
11 17
11 18
12 16
13 17
13 18
14 15
14 16
14 17
15 16
15 17
15 18
15 20
16 17
16 18
16 19
17 18
-1
EDGE_WEIGHT_SECTION
0	0	0	0	1	0	1	1	0	1	1	1	0	0	0	1	1	1	1	0	0
0	0	0	1	1	0	0	1	0	1	0	1	0	0	0	0	1	0	0	0	0
0	0	0	0	0	1	0	1	1	1	1	1	0	0	0	1	0	0	0	0	0
0	1	0	0	0	0	1	0	0	1	1	1	1	1	0	0	1	0	0	0	0
1	1	0	0	0	0	1	1	0	1	1	1	0	0	0	1	1	1	1	0	0
0	0	1	0	0	0	1	1	1	0	1	1	0	0	0	0	0	0	0	0	0
1	0	0	1	1	1	0	1	1	1	1	1	0	0	0	1	1	1	1	0	0
1	1	1	0	1	1	1	0	1	1	1	1	0	1	0	1	1	0	0	0	0
0	0	1	0	0	1	1	1	0	0	1	0	1	0	0	1	0	0	1	0	0
1	1	1	1	1	0	1	1	0	0	0	0	0	0	1	1	1	0	1	0	0
1	0	1	1	1	1	1	1	1	0	0	1	0	0	0	1	1	1	1	0	0
1	1	1	1	1	1	1	1	0	0	1	0	0	0	1	1	1	1	1	0	0
0	0	0	1	0	0	0	0	1	0	0	0	0	0	0	0	1	0	0	0	0
0	0	0	1	0	0	0	1	0	0	0	0	0	0	0	0	0	1	1	0	0
0	0	0	0	0	0	0	0	0	1	0	1	0	0	0	1	1	1	0	0	0
1	0	1	0	1	0	1	1	1	1	1	1	0	0	1	0	1	1	1	0	1
1	1	0	1	1	0	1	1	0	1	1	1	1	0	1	1	0	1	1	1	0
1	0	0	0	1	0	1	0	0	0	1	1	0	1	1	1	1	0	1	0	0
1	0	0	0	1	0	1	0	1	1	1	1	0	1	0	1	1	1	0	0	0
0	0	0	0	0	0	0	0	0	0	0	0	0	0	0	0	1	0	0	0	0
0	0	0	0	0	0	0	0	0	0	0	0	0	0	0	1	0	0	0	0	0
DIFF_EDGE
0 0
CHROM_NUMBER
11
EOF
