TYPE : graph_{count}
DIMENSION: 20
EDGE_DATA_FORMAT: EDGE_LIST
EDGE_WEIGHT_TYPE: EXPLICIT
EDGE_WEIGHT_FORMAT: FULL_MATRIX
EDGE_DATA_SECTION
0 2
0 4
0 6
0 7
0 10
0 11
0 12
0 14
0 15
0 18
1 2
1 3
1 4
1 5
1 6
1 8
1 10
1 12
1 14
1 15
1 18
2 4
2 5
2 6
2 7
2 10
2 11
2 12
2 14
2 15
2 18
3 14
3 16
4 6
4 11
4 12
5 9
5 14
6 10
6 11
6 12
6 14
6 17
7 8
7 9
7 11
8 14
10 11
10 14
10 15
10 18
10 19
11 12
11 14
11 15
11 18
12 13
12 15
12 18
12 19
13 14
13 16
14 15
14 18
15 17
15 18
17 18
-1
EDGE_WEIGHT_SECTION
0	0	1	0	1	0	1	1	0	0	1	1	1	0	1	1	0	0	1	0
0	0	1	1	1	1	1	0	1	0	1	0	1	0	1	1	0	0	1	0
1	1	0	0	1	1	1	1	0	0	1	1	1	0	1	1	0	0	1	0
0	1	0	0	0	0	0	0	0	0	0	0	0	0	1	0	1	0	0	0
1	1	1	0	0	0	1	0	0	0	0	1	1	0	0	0	0	0	0	0
0	1	1	0	0	0	0	0	0	1	0	0	0	0	1	0	0	0	0	0
1	1	1	0	1	0	0	0	0	0	1	1	1	0	1	0	0	1	0	0
1	0	1	0	0	0	0	0	1	1	0	1	0	0	0	0	0	0	0	0
0	1	0	0	0	0	0	1	0	0	0	0	0	0	1	0	0	0	0	0
0	0	0	0	0	1	0	1	0	0	0	0	0	0	0	0	0	0	0	0
1	1	1	0	0	0	1	0	0	0	0	1	0	0	1	1	0	0	1	1
1	0	1	0	1	0	1	1	0	0	1	1	1	0	1	1	0	0	1	0
1	1	1	0	1	0	1	0	0	0	0	1	0	1	0	1	0	0	1	1
0	0	0	0	0	0	0	0	0	0	0	0	1	0	1	0	1	0	0	0
1	1	1	1	0	1	1	0	1	0	1	1	0	1	0	1	0	0	1	0
1	1	1	0	0	0	0	0	0	0	1	1	1	0	1	0	0	1	1	0
0	0	0	1	0	0	0	0	0	0	0	0	0	1	0	0	0	0	0	0
0	0	0	0	0	0	1	0	0	0	0	0	0	0	0	1	0	0	1	0
1	1	1	0	0	0	0	0	0	0	1	1	1	0	1	1	0	1	0	0
0	0	0	0	0	0	0	0	0	0	1	0	1	0	0	0	0	0	0	0
DIFF_EDGE
0 0
CHROM_NUMBER
10
EOF
