TYPE : graph_{count}
DIMENSION: 21
EDGE_DATA_FORMAT: EDGE_LIST
EDGE_WEIGHT_TYPE: EXPLICIT
EDGE_WEIGHT_FORMAT: FULL_MATRIX
EDGE_DATA_SECTION
0 1
0 7
0 8
0 12
0 14
0 15
0 18
1 4
1 5
1 6
1 10
2 3
2 5
2 6
2 7
2 8
2 9
2 10
2 11
2 12
2 18
3 7
3 8
3 10
3 12
3 14
4 6
4 7
4 8
4 12
5 7
5 8
5 13
5 15
5 17
5 20
6 8
6 12
7 8
7 10
7 12
7 15
7 16
7 18
8 12
8 15
8 18
9 10
9 12
9 15
11 12
11 15
11 18
12 15
12 17
12 18
13 18
15 18
15 19
17 18
-1
EDGE_WEIGHT_SECTION
0	1	0	0	0	0	0	1	1	0	0	0	1	0	1	1	0	0	1	0	0
1	0	0	0	1	1	1	0	0	0	1	0	0	0	0	0	0	0	0	0	0
0	0	0	1	0	1	1	1	1	1	1	1	1	0	0	0	0	0	1	0	0
0	0	1	0	0	0	0	1	1	0	1	0	1	0	1	0	0	0	0	0	0
0	1	0	0	0	0	1	1	1	0	0	0	1	0	0	0	0	0	0	0	0
0	1	1	0	0	0	0	1	1	0	0	0	0	1	0	1	0	1	0	0	1
0	1	1	0	1	0	0	0	1	0	0	0	1	0	0	0	0	0	0	0	0
1	0	1	1	1	1	0	0	1	0	1	0	1	0	0	1	1	0	1	0	0
1	0	1	1	1	1	1	1	0	0	0	0	1	0	0	1	0	0	1	0	0
0	0	1	0	0	0	0	0	0	0	1	0	1	0	0	1	0	0	0	0	0
0	1	1	1	0	0	0	1	0	1	0	0	0	0	0	0	0	0	0	0	0
0	0	1	0	0	0	0	0	0	0	0	0	1	0	0	1	0	0	1	0	0
1	0	1	1	1	0	1	1	1	1	0	1	0	0	0	1	0	1	1	0	0
0	0	0	0	0	1	0	0	0	0	0	0	0	0	0	0	0	0	1	0	0
1	0	0	1	0	0	0	0	0	0	0	0	0	0	0	0	0	0	0	0	0
1	0	0	0	0	1	0	1	1	1	0	1	1	0	0	1	0	0	1	1	0
0	0	0	0	0	0	0	1	0	0	0	0	0	0	0	0	0	0	0	0	0
0	0	0	0	0	1	0	0	0	0	0	0	1	0	0	0	0	0	1	0	0
1	0	1	0	0	0	0	1	1	0	0	1	1	1	0	1	0	1	0	0	0
0	0	0	0	0	0	0	0	0	0	0	0	0	0	0	1	0	0	0	0	0
0	0	0	0	0	1	0	0	0	0	0	0	0	0	0	0	0	0	0	0	0
DIFF_EDGE
0 0
CHROM_NUMBER
8
EOF
