TYPE : graph_{count}
DIMENSION: 16
EDGE_DATA_FORMAT: EDGE_LIST
EDGE_WEIGHT_TYPE: EXPLICIT
EDGE_WEIGHT_FORMAT: FULL_MATRIX
EDGE_DATA_SECTION
0 2
0 5
0 6
0 7
0 8
0 9
0 10
0 12
1 3
1 4
1 5
1 10
1 15
2 3
2 5
2 8
2 9
2 13
2 14
3 6
3 9
4 6
4 8
4 9
5 7
5 8
5 9
5 11
6 8
6 9
6 10
6 15
7 9
8 15
9 10
9 15
10 11
12 15
14 15
-1
EDGE_WEIGHT_SECTION
0	0	1	0	0	1	1	1	1	1	1	0	1	0	0	0
0	0	0	1	1	1	0	0	0	0	1	0	0	0	0	1
1	0	0	1	0	1	0	0	1	1	0	0	0	1	1	0
0	1	1	0	0	0	1	0	0	1	0	0	0	0	0	0
0	1	0	0	0	0	1	0	1	1	0	0	0	0	0	0
1	1	1	0	0	0	0	1	1	1	0	1	0	0	0	0
1	0	0	1	1	0	0	0	1	1	1	0	0	0	0	1
1	0	0	0	0	1	0	0	0	1	0	0	0	0	0	0
1	0	1	0	1	1	1	0	0	0	0	0	0	0	0	1
1	0	1	1	1	1	1	1	0	0	1	0	0	0	0	1
1	1	0	0	0	0	1	0	0	1	0	1	0	0	0	0
0	0	0	0	0	1	0	0	0	0	1	0	0	0	0	0
1	0	0	0	0	0	0	0	0	0	0	0	0	0	0	1
0	0	1	0	0	0	0	0	0	0	0	0	0	0	0	0
0	0	1	0	0	0	0	0	0	0	0	0	0	0	0	1
0	1	0	0	0	0	1	0	1	1	0	0	1	0	1	0
DIFF_EDGE
0 0
CHROM_NUMBER
7
EOF
