TYPE : graph_{count}
DIMENSION: 18
EDGE_DATA_FORMAT: EDGE_LIST
EDGE_WEIGHT_TYPE: EXPLICIT
EDGE_WEIGHT_FORMAT: FULL_MATRIX
EDGE_DATA_SECTION
0 1
0 2
0 3
0 11
1 5
1 12
1 13
2 3
2 4
2 5
2 6
2 7
2 9
2 10
2 11
2 16
3 4
3 11
3 15
3 16
4 5
4 11
4 12
4 16
5 7
5 16
6 7
6 9
7 9
7 11
7 13
8 9
8 15
9 16
10 11
10 16
11 16
13 14
14 16
16 17
-1
EDGE_WEIGHT_SECTION
0	1	1	1	0	0	0	0	0	0	0	1	0	0	0	0	0	0
1	0	0	0	0	1	0	0	0	0	0	0	1	1	0	0	0	0
1	0	0	1	1	1	1	1	0	1	1	1	0	0	0	0	1	0
1	0	1	0	1	0	0	0	0	0	0	1	0	0	0	1	1	0
0	0	1	1	0	1	0	0	0	0	0	1	1	0	0	0	1	0
0	1	1	0	1	0	0	1	0	0	0	0	0	0	0	0	1	0
0	0	1	0	0	0	0	1	0	1	0	0	0	0	0	0	0	0
0	0	1	0	0	1	1	0	0	1	0	1	0	1	0	0	0	0
0	0	0	0	0	0	0	0	0	1	0	0	0	0	0	1	0	0
0	0	1	0	0	0	1	1	1	0	0	0	0	0	0	0	1	0
0	0	1	0	0	0	0	0	0	0	0	1	0	0	0	0	1	0
1	0	1	1	1	0	0	1	0	0	1	0	0	0	0	0	1	0
0	1	0	0	1	0	0	0	0	0	0	0	0	0	0	0	0	0
0	1	0	0	0	0	0	1	0	0	0	0	0	0	1	0	0	0
0	0	0	0	0	0	0	0	0	0	0	0	0	1	0	0	1	0
0	0	0	1	0	0	0	0	1	0	0	0	0	0	0	0	0	0
0	0	1	1	1	1	0	0	0	1	1	1	0	0	1	0	0	1
0	0	0	0	0	0	0	0	0	0	0	0	0	0	0	0	1	0
DIFF_EDGE
0 0
CHROM_NUMBER
7
EOF
