TYPE : graph_{count}
DIMENSION: 20
EDGE_DATA_FORMAT: EDGE_LIST
EDGE_WEIGHT_TYPE: EXPLICIT
EDGE_WEIGHT_FORMAT: FULL_MATRIX
EDGE_DATA_SECTION
0 1
0 5
0 6
0 7
0 8
0 9
0 10
0 12
0 16
0 19
1 3
1 4
1 6
1 8
1 9
1 10
1 12
1 15
2 4
2 9
2 16
3 5
3 7
3 8
3 10
3 11
3 12
3 15
4 6
4 9
4 12
5 6
5 7
5 8
5 9
5 10
5 12
6 9
6 10
6 12
6 14
6 18
7 8
7 10
8 9
9 10
9 11
9 12
9 15
10 12
10 13
10 17
11 12
11 15
12 15
13 15
14 15
15 19
-1
EDGE_WEIGHT_SECTION
0	1	0	0	0	1	1	1	1	1	1	0	1	0	0	0	1	0	0	1
1	0	0	1	1	0	1	0	1	1	1	0	1	0	0	1	0	0	0	0
0	0	0	0	1	0	0	0	0	1	0	0	0	0	0	0	1	0	0	0
0	1	0	0	0	1	0	1	1	0	1	1	1	0	0	1	0	0	0	0
0	1	1	0	0	0	1	0	0	1	0	0	1	0	0	0	0	0	0	0
1	0	0	1	0	0	1	1	1	1	1	0	1	0	0	0	0	0	0	0
1	1	0	0	1	1	0	0	0	1	1	0	1	0	1	0	0	0	1	0
1	0	0	1	0	1	0	0	1	0	1	0	0	0	0	0	0	0	0	0
1	1	0	1	0	1	0	1	0	1	0	0	0	0	0	0	0	0	0	0
1	1	1	0	1	1	1	0	1	0	1	1	1	0	0	1	0	0	0	0
1	1	0	1	0	1	1	1	0	1	0	0	1	1	0	0	0	1	0	0
0	0	0	1	0	0	0	0	0	1	0	0	1	0	0	1	0	0	0	0
1	1	0	1	1	1	1	0	0	1	1	1	0	0	0	1	0	0	0	0
0	0	0	0	0	0	0	0	0	0	1	0	0	0	0	1	0	0	0	0
0	0	0	0	0	0	1	0	0	0	0	0	0	0	0	1	0	0	0	0
0	1	0	1	0	0	0	0	0	1	0	1	1	1	1	0	0	0	0	1
1	0	1	0	0	0	0	0	0	0	0	0	0	0	0	0	0	0	0	0
0	0	0	0	0	0	0	0	0	0	1	0	0	0	0	0	0	0	0	0
0	0	0	0	0	0	1	0	0	0	0	0	0	0	0	0	0	0	0	0
1	0	0	0	0	0	0	0	0	0	0	0	0	0	0	1	0	0	0	0
DIFF_EDGE
0 0
CHROM_NUMBER
8
EOF
