TYPE : graph_{count}
DIMENSION: 17
EDGE_DATA_FORMAT: EDGE_LIST
EDGE_WEIGHT_TYPE: EXPLICIT
EDGE_WEIGHT_FORMAT: FULL_MATRIX
EDGE_DATA_SECTION
0 1
0 3
0 4
0 5
0 6
0 9
0 14
0 16
1 4
1 5
1 8
1 9
1 10
1 14
1 16
2 5
2 7
2 8
2 14
3 10
3 11
3 12
3 14
4 6
4 7
4 10
4 14
4 15
5 7
5 9
5 10
5 14
5 16
6 9
6 10
6 14
7 8
7 9
7 10
7 16
8 10
8 14
9 10
9 12
9 16
10 14
10 16
11 16
12 14
12 16
13 14
13 15
13 16
14 16
-1
EDGE_WEIGHT_SECTION
0	1	0	1	1	1	1	0	0	1	0	0	0	0	1	0	1
1	0	0	0	1	1	0	0	1	1	1	0	0	0	1	0	1
0	0	0	0	0	1	0	1	1	0	0	0	0	0	1	0	0
1	0	0	0	0	0	0	0	0	0	1	1	1	0	1	0	0
1	1	0	0	0	0	1	1	0	0	1	0	0	0	1	1	0
1	1	1	0	0	0	0	1	0	1	1	0	0	0	1	0	1
1	0	0	0	1	0	0	0	0	1	1	0	0	0	1	0	0
0	0	1	0	1	1	0	0	1	1	1	0	0	0	0	0	1
0	1	1	0	0	0	0	1	0	0	1	0	0	0	1	0	0
1	1	0	0	0	1	1	1	0	0	1	0	1	0	0	0	1
0	1	0	1	1	1	1	1	1	1	0	0	0	0	1	0	1
0	0	0	1	0	0	0	0	0	0	0	0	0	0	0	0	1
0	0	0	1	0	0	0	0	0	1	0	0	0	0	1	0	1
0	0	0	0	0	0	0	0	0	0	0	0	0	0	1	1	1
1	1	1	1	1	1	1	0	1	0	1	0	1	1	0	0	1
0	0	0	0	1	0	0	0	0	0	0	0	0	1	0	0	0
1	1	0	0	0	1	0	1	0	1	1	1	1	1	1	0	0
DIFF_EDGE
0 0
CHROM_NUMBER
8
EOF
