TYPE : graph_{count}
DIMENSION: 19
EDGE_DATA_FORMAT: EDGE_LIST
EDGE_WEIGHT_TYPE: EXPLICIT
EDGE_WEIGHT_FORMAT: FULL_MATRIX
EDGE_DATA_SECTION
0 1
0 4
0 6
0 7
0 9
0 10
0 13
0 17
1 4
1 5
1 8
1 9
1 15
1 17
2 3
2 6
2 11
2 17
3 4
3 5
3 6
4 6
4 9
4 12
4 14
4 17
5 6
5 7
5 8
5 9
5 17
6 7
6 8
6 10
7 16
7 17
8 10
8 17
8 18
9 10
10 11
10 17
11 17
12 17
13 17
13 18
14 17
15 17
-1
EDGE_WEIGHT_SECTION
0	1	0	0	1	0	1	1	0	1	1	0	0	1	0	0	0	1	0
1	0	0	0	1	1	0	0	1	1	0	0	0	0	0	1	0	1	0
0	0	0	1	0	0	1	0	0	0	0	1	0	0	0	0	0	1	0
0	0	1	0	1	1	1	0	0	0	0	0	0	0	0	0	0	0	0
1	1	0	1	0	0	1	0	0	1	0	0	1	0	1	0	0	1	0
0	1	0	1	0	0	1	1	1	1	0	0	0	0	0	0	0	1	0
1	0	1	1	1	1	0	1	1	0	1	0	0	0	0	0	0	0	0
1	0	0	0	0	1	1	0	0	0	0	0	0	0	0	0	1	1	0
0	1	0	0	0	1	1	0	0	0	1	0	0	0	0	0	0	1	1
1	1	0	0	1	1	0	0	0	0	1	0	0	0	0	0	0	0	0
1	0	0	0	0	0	1	0	1	1	0	1	0	0	0	0	0	1	0
0	0	1	0	0	0	0	0	0	0	1	0	0	0	0	0	0	1	0
0	0	0	0	1	0	0	0	0	0	0	0	0	0	0	0	0	1	0
1	0	0	0	0	0	0	0	0	0	0	0	0	0	0	0	0	1	1
0	0	0	0	1	0	0	0	0	0	0	0	0	0	0	0	0	1	0
0	1	0	0	0	0	0	0	0	0	0	0	0	0	0	0	0	1	0
0	0	0	0	0	0	0	1	0	0	0	0	0	0	0	0	0	0	0
1	1	1	0	1	1	0	1	1	0	1	1	1	1	1	1	0	0	0
0	0	0	0	0	0	0	0	1	0	0	0	0	1	0	0	0	0	0
DIFF_EDGE
0 0
CHROM_NUMBER
7
EOF
