TYPE : graph_{count}
DIMENSION: 18
EDGE_DATA_FORMAT: EDGE_LIST
EDGE_WEIGHT_TYPE: EXPLICIT
EDGE_WEIGHT_FORMAT: FULL_MATRIX
EDGE_DATA_SECTION
0 3
0 6
0 9
1 2
1 4
1 6
1 7
1 9
1 10
1 12
1 14
2 7
2 8
2 9
2 10
2 13
3 4
3 5
3 6
3 10
4 5
4 6
4 9
4 10
4 12
4 13
5 6
5 7
5 10
5 13
6 11
6 12
6 16
7 9
7 12
8 13
9 10
9 12
9 13
9 17
10 11
10 12
10 13
11 12
11 13
12 13
12 15
13 14
-1
EDGE_WEIGHT_SECTION
0	0	0	1	0	0	1	0	0	1	0	0	0	0	0	0	0	0
0	0	1	0	1	0	1	1	0	1	1	0	1	0	1	0	0	0
0	1	0	0	0	0	0	1	1	1	1	0	0	1	0	0	0	0
1	0	0	0	1	1	1	0	0	0	1	0	0	0	0	0	0	0
0	1	0	1	0	1	1	0	0	1	1	0	1	1	0	0	0	0
0	0	0	1	1	0	1	1	0	0	1	0	0	1	0	0	0	0
1	1	0	1	1	1	0	0	0	0	0	1	1	0	0	0	1	0
0	1	1	0	0	1	0	0	0	1	0	0	1	0	0	0	0	0
0	0	1	0	0	0	0	0	0	0	0	0	0	1	0	0	0	0
1	1	1	0	1	0	0	1	0	0	1	0	1	1	0	0	0	1
0	1	1	1	1	1	0	0	0	1	0	1	1	1	0	0	0	0
0	0	0	0	0	0	1	0	0	0	1	0	1	1	0	0	0	0
0	1	0	0	1	0	1	1	0	1	1	1	1	1	0	1	0	0
0	0	1	0	1	1	0	0	1	1	1	1	1	1	1	0	0	0
0	1	0	0	0	0	0	0	0	0	0	0	0	1	0	0	0	0
0	0	0	0	0	0	0	0	0	0	0	0	1	0	0	0	0	0
0	0	0	0	0	0	1	0	0	0	0	0	0	0	0	0	0	0
0	0	0	0	0	0	0	0	0	1	0	0	0	0	0	0	0	0
DIFF_EDGE
0 0
CHROM_NUMBER
8
EOF
