TYPE : graph_{count}
DIMENSION: 17
EDGE_DATA_FORMAT: EDGE_LIST
EDGE_WEIGHT_TYPE: EXPLICIT
EDGE_WEIGHT_FORMAT: FULL_MATRIX
EDGE_DATA_SECTION
0 3
0 5
0 6
0 8
0 10
0 11
0 13
0 15
0 16
1 2
1 5
1 6
1 7
1 11
2 3
2 4
2 7
2 8
2 9
2 11
2 16
3 4
3 5
3 10
3 11
3 12
3 16
4 5
4 6
4 7
4 10
4 11
4 16
5 9
5 16
6 9
6 11
6 14
7 8
7 9
7 11
7 12
7 16
8 14
9 16
11 16
12 16
13 15
13 16
14 16
15 16
-1
EDGE_WEIGHT_SECTION
0	0	0	1	0	1	1	0	1	0	1	1	0	1	0	1	1
0	0	1	0	0	1	1	1	0	0	0	1	0	0	0	0	0
0	1	0	1	1	0	0	1	1	1	0	1	0	0	0	0	1
1	0	1	0	1	1	0	0	0	0	1	1	1	0	0	0	1
0	0	1	1	0	1	1	1	0	0	1	1	0	0	0	0	1
1	1	0	1	1	0	0	0	0	1	0	0	0	0	0	0	1
1	1	0	0	1	0	0	0	0	1	0	1	0	0	1	0	0
0	1	1	0	1	0	0	0	1	1	0	1	1	0	0	0	1
1	0	1	0	0	0	0	1	0	0	0	0	0	0	1	0	0
0	0	1	0	0	1	1	1	0	0	0	0	0	0	0	0	1
1	0	0	1	1	0	0	0	0	0	0	0	0	0	0	0	0
1	1	1	1	1	0	1	1	0	0	0	1	0	0	0	0	1
0	0	0	1	0	0	0	1	0	0	0	0	0	0	0	0	1
1	0	0	0	0	0	0	0	0	0	0	0	0	0	0	1	1
0	0	0	0	0	0	1	0	1	0	0	0	0	0	0	0	1
1	0	0	0	0	0	0	0	0	0	0	0	0	1	0	0	1
1	0	1	1	1	1	0	1	0	1	0	1	1	1	1	1	0
DIFF_EDGE
0 0
CHROM_NUMBER
8
EOF
