TYPE : graph_{count}
DIMENSION: 17
EDGE_DATA_FORMAT: EDGE_LIST
EDGE_WEIGHT_TYPE: EXPLICIT
EDGE_WEIGHT_FORMAT: FULL_MATRIX
EDGE_DATA_SECTION
0 3
0 4
0 5
0 7
0 8
0 9
0 12
1 5
1 6
1 8
1 14
2 3
2 7
2 8
2 9
2 10
2 11
2 12
2 14
3 10
5 6
5 8
5 9
5 10
5 12
5 15
6 7
6 9
6 10
6 12
6 16
7 10
7 12
7 14
7 16
8 12
8 13
8 14
8 16
9 12
9 13
9 14
9 16
10 16
11 14
12 14
12 16
13 14
14 15
14 16
15 16
-1
EDGE_WEIGHT_SECTION
0	0	0	1	1	1	0	1	1	1	0	0	1	0	0	0	0
0	0	0	0	0	1	1	0	1	0	0	0	0	0	1	0	0
0	0	0	1	0	0	0	1	1	1	1	1	1	0	1	0	0
1	0	1	0	0	0	0	0	0	0	1	0	0	0	0	0	0
1	0	0	0	0	0	0	0	0	0	0	0	0	0	0	0	0
1	1	0	0	0	0	1	0	1	1	1	0	1	0	0	1	0
0	1	0	0	0	1	0	1	0	1	1	0	1	0	0	0	1
1	0	1	0	0	0	1	0	0	0	1	0	1	0	1	0	1
1	1	1	0	0	1	0	0	0	0	0	0	1	1	1	0	1
1	0	1	0	0	1	1	0	0	0	0	0	1	1	1	0	1
0	0	1	1	0	1	1	1	0	0	0	0	0	0	0	0	1
0	0	1	0	0	0	0	0	0	0	0	0	0	0	1	0	0
1	0	1	0	0	1	1	1	1	1	0	0	0	0	1	0	1
0	0	0	0	0	0	0	0	1	1	0	0	0	0	1	0	0
0	1	1	0	0	0	0	1	1	1	0	1	1	1	0	1	1
0	0	0	0	0	1	0	0	0	0	0	0	0	0	1	0	1
0	0	0	0	0	0	1	1	1	1	1	0	1	0	1	1	0
DIFF_EDGE
0 0
CHROM_NUMBER
9
EOF
