TYPE : graph_{count}
DIMENSION: 16
EDGE_DATA_FORMAT: EDGE_LIST
EDGE_WEIGHT_TYPE: EXPLICIT
EDGE_WEIGHT_FORMAT: FULL_MATRIX
EDGE_DATA_SECTION
0 5
0 10
0 15
1 3
1 6
2 4
2 5
2 6
2 7
3 4
3 5
3 10
3 15
4 10
4 12
5 8
5 15
6 7
6 9
6 12
6 15
7 8
7 9
7 15
8 9
8 10
8 15
9 10
9 15
10 11
11 13
11 15
12 15
13 14
14 15
-1
EDGE_WEIGHT_SECTION
0	0	0	0	0	1	0	0	0	0	1	0	0	0	0	1
0	0	0	1	0	0	1	0	0	0	0	0	0	0	0	0
0	0	0	0	1	1	1	1	0	0	0	0	0	0	0	0
0	1	0	0	1	1	0	0	0	0	1	0	0	0	0	1
0	0	1	1	0	0	0	0	0	0	1	0	1	0	0	0
1	0	1	1	0	0	0	0	1	0	0	0	0	0	0	1
0	1	1	0	0	0	0	1	0	1	0	0	1	0	0	1
0	0	1	0	0	0	1	0	1	1	0	0	0	0	0	1
0	0	0	0	0	1	0	1	0	1	1	0	0	0	0	1
0	0	0	0	0	0	1	1	1	0	1	0	0	0	0	1
1	0	0	1	1	0	0	0	1	1	0	1	0	0	0	0
0	0	0	0	0	0	0	0	0	0	1	0	0	1	0	1
0	0	0	0	1	0	1	0	0	0	0	0	0	0	0	1
0	0	0	0	0	0	0	0	0	0	0	1	0	0	1	0
0	0	0	0	0	0	0	0	0	0	0	0	0	1	0	1
1	0	0	1	0	1	1	1	1	1	0	1	1	0	1	0
DIFF_EDGE
0 0
CHROM_NUMBER
6
EOF
