TYPE : graph_{count}
DIMENSION: 19
EDGE_DATA_FORMAT: EDGE_LIST
EDGE_WEIGHT_TYPE: EXPLICIT
EDGE_WEIGHT_FORMAT: FULL_MATRIX
EDGE_DATA_SECTION
0 4
0 5
0 9
0 10
0 11
0 16
0 17
1 2
1 9
1 10
1 14
2 3
2 4
2 6
2 9
2 12
2 18
3 5
3 7
3 8
3 9
3 10
3 11
3 12
3 14
3 17
4 5
4 6
4 10
4 13
5 7
5 10
5 12
5 17
5 18
7 8
7 9
7 10
7 12
7 17
8 10
8 13
9 10
9 18
10 12
10 17
10 18
11 17
11 18
12 16
12 17
12 18
13 15
13 17
14 18
17 18
-1
EDGE_WEIGHT_SECTION
0	0	0	0	1	1	0	0	0	1	1	1	0	0	0	0	1	1	0
0	0	1	0	0	0	0	0	0	1	1	0	0	0	1	0	0	0	0
0	1	0	1	1	0	1	0	0	1	0	0	1	0	0	0	0	0	1
0	0	1	0	0	1	0	1	1	1	1	1	1	0	1	0	0	1	0
1	0	1	0	0	1	1	0	0	0	1	0	0	1	0	0	0	0	0
1	0	0	1	1	0	0	1	0	0	1	0	1	0	0	0	0	1	1
0	0	1	0	1	0	0	0	0	0	0	0	0	0	0	0	0	0	0
0	0	0	1	0	1	0	0	1	1	1	0	1	0	0	0	0	1	0
0	0	0	1	0	0	0	1	0	0	1	0	0	1	0	0	0	0	0
1	1	1	1	0	0	0	1	0	0	1	0	0	0	0	0	0	0	1
1	1	0	1	1	1	0	1	1	1	0	0	1	0	0	0	0	1	1
1	0	0	1	0	0	0	0	0	0	0	0	0	0	0	0	0	1	1
0	0	1	1	0	1	0	1	0	0	1	0	1	0	0	0	1	1	1
0	0	0	0	1	0	0	0	1	0	0	0	0	0	0	1	0	1	0
0	1	0	1	0	0	0	0	0	0	0	0	0	0	0	0	0	0	1
0	0	0	0	0	0	0	0	0	0	0	0	0	1	0	0	0	0	0
1	0	0	0	0	0	0	0	0	0	0	0	1	0	0	0	0	0	0
1	0	0	1	0	1	0	1	0	0	1	1	1	1	0	0	0	0	1
0	0	1	0	0	1	0	0	0	1	1	1	1	0	1	0	0	1	0
DIFF_EDGE
0 0
CHROM_NUMBER
9
EOF
