TYPE : graph_{count}
DIMENSION: 17
EDGE_DATA_FORMAT: EDGE_LIST
EDGE_WEIGHT_TYPE: EXPLICIT
EDGE_WEIGHT_FORMAT: FULL_MATRIX
EDGE_DATA_SECTION
0 1
0 2
0 8
0 9
1 2
1 3
1 7
1 8
1 9
1 10
1 12
1 13
1 16
2 4
2 5
2 6
2 10
2 13
3 4
3 5
3 8
3 9
3 10
3 12
3 13
3 15
4 6
4 7
4 10
4 13
5 6
5 8
5 10
5 14
6 7
6 9
6 10
6 12
7 8
7 9
7 12
8 10
8 12
8 13
9 10
9 11
9 12
10 12
10 13
11 13
12 13
12 14
-1
EDGE_WEIGHT_SECTION
0	1	1	0	0	0	0	0	1	1	0	0	0	0	0	0	0
1	0	1	1	0	0	0	1	1	1	1	0	1	1	0	0	1
1	1	0	0	1	1	1	0	0	0	1	0	0	1	0	0	0
0	1	0	0	1	1	0	0	1	1	1	0	1	1	0	1	0
0	0	1	1	0	0	1	1	0	0	1	0	0	1	0	0	0
0	0	1	1	0	0	1	0	1	0	1	0	0	0	1	0	0
0	0	1	0	1	1	0	1	0	1	1	0	1	0	0	0	0
0	1	0	0	1	0	1	0	1	1	0	0	1	0	0	0	0
1	1	0	1	0	1	0	1	0	0	1	0	1	1	0	0	0
1	1	0	1	0	0	1	1	0	0	1	1	1	0	0	0	0
0	1	1	1	1	1	1	0	1	1	0	0	1	1	0	0	0
0	0	0	0	0	0	0	0	0	1	0	0	0	1	0	0	0
0	1	0	1	0	0	1	1	1	1	1	0	0	1	1	0	0
0	1	1	1	1	0	0	0	1	0	1	1	1	0	0	0	0
0	0	0	0	0	1	0	0	0	0	0	0	1	0	0	0	0
0	0	0	1	0	0	0	0	0	0	0	0	0	0	0	0	0
0	1	0	0	0	0	0	0	0	0	0	0	0	0	0	0	0
DIFF_EDGE
0 0
CHROM_NUMBER
9
EOF
