TYPE : graph_{count}
DIMENSION: 21
EDGE_DATA_FORMAT: EDGE_LIST
EDGE_WEIGHT_TYPE: EXPLICIT
EDGE_WEIGHT_FORMAT: FULL_MATRIX
EDGE_DATA_SECTION
0 1
0 2
0 3
0 5
0 9
0 12
0 14
0 17
0 19
1 3
1 7
1 9
2 5
2 7
2 8
2 10
2 12
2 19
3 6
3 7
3 9
3 19
4 5
4 6
4 9
4 11
5 6
5 7
5 9
5 10
5 12
5 16
5 18
5 19
6 10
6 19
7 8
7 9
7 10
7 11
7 19
7 20
8 9
9 15
10 12
10 17
10 19
11 12
11 19
12 15
12 19
13 18
14 20
16 19
17 19
18 19
-1
EDGE_WEIGHT_SECTION
0	1	1	1	0	1	0	0	0	1	0	0	1	0	1	0	0	1	0	1	0
1	0	0	1	0	0	0	1	0	1	0	0	0	0	0	0	0	0	0	0	0
1	0	0	0	0	1	0	1	1	0	1	0	1	0	0	0	0	0	0	1	0
1	1	0	0	0	0	1	1	0	1	0	0	0	0	0	0	0	0	0	1	0
0	0	0	0	0	1	1	0	0	1	0	1	0	0	0	0	0	0	0	0	0
1	0	1	0	1	0	1	1	0	1	1	0	1	0	0	0	1	0	1	1	0
0	0	0	1	1	1	0	0	0	0	1	0	0	0	0	0	0	0	0	1	0
0	1	1	1	0	1	0	0	1	1	1	1	0	0	0	0	0	0	0	1	1
0	0	1	0	0	0	0	1	0	1	0	0	0	0	0	0	0	0	0	0	0
1	1	0	1	1	1	0	1	1	0	0	0	0	0	0	1	0	0	0	0	0
0	0	1	0	0	1	1	1	0	0	0	0	1	0	0	0	0	1	0	1	0
0	0	0	0	1	0	0	1	0	0	0	0	1	0	0	0	0	0	0	1	0
1	0	1	0	0	1	0	0	0	0	1	1	0	0	0	1	0	0	0	1	0
0	0	0	0	0	0	0	0	0	0	0	0	0	0	0	0	0	0	1	0	0
1	0	0	0	0	0	0	0	0	0	0	0	0	0	0	0	0	0	0	0	1
0	0	0	0	0	0	0	0	0	1	0	0	1	0	0	0	0	0	0	0	0
0	0	0	0	0	1	0	0	0	0	0	0	0	0	0	0	0	0	0	1	0
1	0	0	0	0	0	0	0	0	0	1	0	0	0	0	0	0	0	0	1	0
0	0	0	0	0	1	0	0	0	0	0	0	0	1	0	0	0	0	0	1	0
1	0	1	1	0	1	1	1	0	0	1	1	1	0	0	0	1	1	1	0	0
0	0	0	0	0	0	0	1	0	0	0	0	0	0	1	0	0	0	0	0	0
DIFF_EDGE
0 0
CHROM_NUMBER
8
EOF
