TYPE : graph_{count}
DIMENSION: 20
EDGE_DATA_FORMAT: EDGE_LIST
EDGE_WEIGHT_TYPE: EXPLICIT
EDGE_WEIGHT_FORMAT: FULL_MATRIX
EDGE_DATA_SECTION
0 2
0 3
0 4
0 13
1 2
1 8
1 13
2 3
2 5
2 6
2 7
2 9
2 10
2 13
2 14
2 15
2 16
3 7
4 5
4 8
4 11
5 7
5 9
6 7
6 8
6 9
6 17
6 19
7 9
7 10
7 13
7 15
8 10
9 10
9 13
9 15
9 18
10 12
10 13
10 15
11 13
11 15
12 13
12 19
13 15
14 15
15 17
-1
EDGE_WEIGHT_SECTION
0	0	1	1	1	0	0	0	0	0	0	0	0	1	0	0	0	0	0	0
0	0	1	0	0	0	0	0	1	0	0	0	0	1	0	0	0	0	0	0
1	1	0	1	0	1	1	1	0	1	1	0	0	1	1	1	1	0	0	0
1	0	1	0	0	0	0	1	0	0	0	0	0	0	0	0	0	0	0	0
1	0	0	0	0	1	0	0	1	0	0	1	0	0	0	0	0	0	0	0
0	0	1	0	1	0	0	1	0	1	0	0	0	0	0	0	0	0	0	0
0	0	1	0	0	0	0	1	1	1	0	0	0	0	0	0	0	1	0	1
0	0	1	1	0	1	1	0	0	1	1	0	0	1	0	1	0	0	0	0
0	1	0	0	1	0	1	0	0	0	1	0	0	0	0	0	0	0	0	0
0	0	1	0	0	1	1	1	0	0	1	0	0	1	0	1	0	0	1	0
0	0	1	0	0	0	0	1	1	1	0	0	1	1	0	1	0	0	0	0
0	0	0	0	1	0	0	0	0	0	0	0	0	1	0	1	0	0	0	0
0	0	0	0	0	0	0	0	0	0	1	0	0	1	0	0	0	0	0	1
1	1	1	0	0	0	0	1	0	1	1	1	1	0	0	1	0	0	0	0
0	0	1	0	0	0	0	0	0	0	0	0	0	0	0	1	0	0	0	0
0	0	1	0	0	0	0	1	0	1	1	1	0	1	1	1	0	1	0	0
0	0	1	0	0	0	0	0	0	0	0	0	0	0	0	0	0	0	0	0
0	0	0	0	0	0	1	0	0	0	0	0	0	0	0	1	0	0	0	0
0	0	0	0	0	0	0	0	0	1	0	0	0	0	0	0	0	0	0	0
0	0	0	0	0	0	1	0	0	0	0	0	1	0	0	0	0	0	0	0
DIFF_EDGE
0 0
CHROM_NUMBER
8
EOF
