TYPE : graph_{count}
DIMENSION: 20
EDGE_DATA_FORMAT: EDGE_LIST
EDGE_WEIGHT_TYPE: EXPLICIT
EDGE_WEIGHT_FORMAT: FULL_MATRIX
EDGE_DATA_SECTION
0 2
0 3
0 4
0 5
0 9
0 10
0 12
1 2
1 3
1 5
1 6
1 8
1 9
1 12
1 16
2 5
2 7
2 9
2 10
2 12
2 17
3 7
4 5
4 6
4 13
6 8
7 9
7 12
7 14
7 18
7 19
8 9
8 10
8 14
9 10
9 11
10 12
10 15
11 12
12 13
15 18
16 19
-1
EDGE_WEIGHT_SECTION
0	0	1	1	1	1	0	0	0	1	1	0	1	0	0	0	0	0	0	0
0	0	1	1	0	1	1	0	1	1	0	0	1	0	0	0	1	0	0	0
1	1	0	0	0	1	0	1	0	1	1	0	1	0	0	0	0	1	0	0
1	1	0	0	0	0	0	1	0	0	0	0	0	0	0	0	0	0	0	0
1	0	0	0	0	1	1	0	0	0	0	0	0	1	0	0	0	0	0	0
1	1	1	0	1	0	0	0	0	0	0	0	0	0	0	0	0	0	0	0
0	1	0	0	1	0	0	0	1	0	0	0	0	0	0	0	0	0	0	0
0	0	1	1	0	0	0	0	0	1	0	0	1	0	1	0	0	0	1	1
0	1	0	0	0	0	1	0	0	1	1	0	0	0	1	0	0	0	0	0
1	1	1	0	0	0	0	1	1	0	1	1	0	0	0	0	0	0	0	0
1	0	1	0	0	0	0	0	1	1	0	0	1	0	0	1	0	0	0	0
0	0	0	0	0	0	0	0	0	1	0	0	1	0	0	0	0	0	0	0
1	1	1	0	0	0	0	1	0	0	1	1	0	1	0	0	0	0	0	0
0	0	0	0	1	0	0	0	0	0	0	0	1	0	0	0	0	0	0	0
0	0	0	0	0	0	0	1	1	0	0	0	0	0	0	0	0	0	0	0
0	0	0	0	0	0	0	0	0	0	1	0	0	0	0	0	0	0	1	0
0	1	0	0	0	0	0	0	0	0	0	0	0	0	0	0	0	0	0	1
0	0	1	0	0	0	0	0	0	0	0	0	0	0	0	0	0	0	0	0
0	0	0	0	0	0	0	1	0	0	0	0	0	0	0	1	0	0	0	0
0	0	0	0	0	0	0	1	0	0	0	0	0	0	0	0	1	0	0	0
DIFF_EDGE
0 0
CHROM_NUMBER
7
EOF
