TYPE : graph_{count}
DIMENSION: 17
EDGE_DATA_FORMAT: EDGE_LIST
EDGE_WEIGHT_TYPE: EXPLICIT
EDGE_WEIGHT_FORMAT: FULL_MATRIX
EDGE_DATA_SECTION
0 1
0 4
0 8
0 9
0 10
0 13
1 2
1 4
1 6
1 7
1 10
1 12
1 13
1 16
2 4
2 6
2 7
2 8
2 13
2 15
3 6
3 7
3 10
3 13
3 16
4 5
4 7
4 8
4 10
4 13
4 14
5 7
5 9
7 8
7 11
8 9
8 13
9 13
11 13
12 13
-1
EDGE_WEIGHT_SECTION
0	1	0	0	1	0	0	0	1	1	1	0	0	1	0	0	0
1	0	1	0	1	0	1	1	0	0	1	0	1	1	0	0	1
0	1	0	0	1	0	1	1	1	0	0	0	0	1	0	1	0
0	0	0	0	0	0	1	1	0	0	1	0	0	1	0	0	1
1	1	1	0	0	1	0	1	1	0	1	0	0	1	1	0	0
0	0	0	0	1	0	0	1	0	1	0	0	0	0	0	0	0
0	1	1	1	0	0	0	0	0	0	0	0	0	0	0	0	0
0	1	1	1	1	1	0	0	1	0	0	1	0	0	0	0	0
1	0	1	0	1	0	0	1	0	1	0	0	0	1	0	0	0
1	0	0	0	0	1	0	0	1	0	0	0	0	1	0	0	0
1	1	0	1	1	0	0	0	0	0	0	0	0	0	0	0	0
0	0	0	0	0	0	0	1	0	0	0	0	0	1	0	0	0
0	1	0	0	0	0	0	0	0	0	0	0	0	1	0	0	0
1	1	1	1	1	0	0	0	1	1	0	1	1	0	0	0	0
0	0	0	0	1	0	0	0	0	0	0	0	0	0	0	0	0
0	0	1	0	0	0	0	0	0	0	0	0	0	0	0	0	0
0	1	0	1	0	0	0	0	0	0	0	0	0	0	0	0	0
DIFF_EDGE
0 0
CHROM_NUMBER
7
EOF
