TYPE : graph_{count}
DIMENSION: 18
EDGE_DATA_FORMAT: EDGE_LIST
EDGE_WEIGHT_TYPE: EXPLICIT
EDGE_WEIGHT_FORMAT: FULL_MATRIX
EDGE_DATA_SECTION
0 3
0 6
0 7
0 8
0 11
0 15
0 17
1 5
1 8
1 9
1 10
1 11
2 4
2 5
2 6
2 8
2 9
3 4
3 6
3 8
3 9
3 11
3 12
3 13
3 15
3 17
4 6
4 7
4 8
4 9
4 10
4 11
4 12
4 13
4 15
4 17
5 6
5 7
5 9
5 13
5 17
6 8
6 10
6 11
6 12
6 13
6 15
6 17
7 12
7 13
8 9
8 11
8 12
8 13
8 15
8 17
9 11
9 12
9 14
9 15
9 17
10 14
10 17
11 12
11 13
11 15
11 17
12 13
12 15
12 16
12 17
13 15
13 17
15 17
-1
EDGE_WEIGHT_SECTION
0	0	0	1	0	0	1	1	1	0	0	1	0	0	0	1	0	1
0	0	0	0	0	1	0	0	1	1	1	1	0	0	0	0	0	0
0	0	0	0	1	1	1	0	1	1	0	0	0	0	0	0	0	0
1	0	0	0	1	0	1	0	1	1	0	1	1	1	0	1	0	1
0	0	1	1	0	0	1	1	1	1	1	1	1	1	0	1	0	1
0	1	1	0	0	0	1	1	0	1	0	0	0	1	0	0	0	1
1	0	1	1	1	1	0	0	1	0	1	1	1	1	0	1	0	1
1	0	0	0	1	1	0	0	0	0	0	0	1	1	0	0	0	0
1	1	1	1	1	0	1	0	0	1	0	1	1	1	0	1	0	1
0	1	1	1	1	1	0	0	1	0	0	1	1	0	1	1	0	1
0	1	0	0	1	0	1	0	0	0	0	0	0	0	1	0	0	1
1	1	0	1	1	0	1	0	1	1	0	0	1	1	0	1	0	1
0	0	0	1	1	0	1	1	1	1	0	1	1	1	0	1	1	1
0	0	0	1	1	1	1	1	1	0	0	1	1	1	0	1	0	1
0	0	0	0	0	0	0	0	0	1	1	0	0	0	0	0	0	0
1	0	0	1	1	0	1	0	1	1	0	1	1	1	0	0	0	1
0	0	0	0	0	0	0	0	0	0	0	0	1	0	0	0	0	0
1	0	0	1	1	1	1	0	1	1	1	1	1	1	0	1	0	0
DIFF_EDGE
0 0
CHROM_NUMBER
11
EOF
