TYPE : graph_{count}
DIMENSION: 21
EDGE_DATA_FORMAT: EDGE_LIST
EDGE_WEIGHT_TYPE: EXPLICIT
EDGE_WEIGHT_FORMAT: FULL_MATRIX
EDGE_DATA_SECTION
0 3
0 5
0 8
0 17
1 2
1 3
1 4
1 6
1 8
1 15
2 4
2 7
2 8
2 9
2 10
2 17
3 5
3 6
3 9
3 10
3 16
4 5
4 8
4 10
4 11
4 12
4 16
4 17
4 19
5 7
5 13
5 15
6 9
7 8
7 10
7 12
8 9
8 10
8 18
9 11
9 17
13 17
14 17
14 18
15 17
16 17
17 20
-1
EDGE_WEIGHT_SECTION
0	0	0	1	0	1	0	0	1	0	0	0	0	0	0	0	0	1	0	0	0
0	0	1	1	1	0	1	0	1	0	0	0	0	0	0	1	0	0	0	0	0
0	1	0	0	1	0	0	1	1	1	1	0	0	0	0	0	0	1	0	0	0
1	1	0	0	0	1	1	0	0	1	1	0	0	0	0	0	1	0	0	0	0
0	1	1	0	0	1	0	0	1	0	1	1	1	0	0	0	1	1	0	1	0
1	0	0	1	1	0	0	1	0	0	0	0	0	1	0	1	0	0	0	0	0
0	1	0	1	0	0	0	0	0	1	0	0	0	0	0	0	0	0	0	0	0
0	0	1	0	0	1	0	0	1	0	1	0	1	0	0	0	0	0	0	0	0
1	1	1	0	1	0	0	1	0	1	1	0	0	0	0	0	0	0	1	0	0
0	0	1	1	0	0	1	0	1	0	0	1	0	0	0	0	0	1	0	0	0
0	0	1	1	1	0	0	1	1	0	0	0	0	0	0	0	0	0	0	0	0
0	0	0	0	1	0	0	0	0	1	0	0	0	0	0	0	0	0	0	0	0
0	0	0	0	1	0	0	1	0	0	0	0	0	0	0	0	0	0	0	0	0
0	0	0	0	0	1	0	0	0	0	0	0	0	0	0	0	0	1	0	0	0
0	0	0	0	0	0	0	0	0	0	0	0	0	0	0	0	0	1	1	0	0
0	1	0	0	0	1	0	0	0	0	0	0	0	0	0	0	0	1	0	0	0
0	0	0	1	1	0	0	0	0	0	0	0	0	0	0	0	0	1	0	0	0
1	0	1	0	1	0	0	0	0	1	0	0	0	1	1	1	1	0	0	0	1
0	0	0	0	0	0	0	0	1	0	0	0	0	0	1	0	0	0	0	0	0
0	0	0	0	1	0	0	0	0	0	0	0	0	0	0	0	0	0	0	0	0
0	0	0	0	0	0	0	0	0	0	0	0	0	0	0	0	0	1	0	0	0
DIFF_EDGE
0 0
CHROM_NUMBER
7
EOF
