TYPE : graph_{count}
DIMENSION: 17
EDGE_DATA_FORMAT: EDGE_LIST
EDGE_WEIGHT_TYPE: EXPLICIT
EDGE_WEIGHT_FORMAT: FULL_MATRIX
EDGE_DATA_SECTION
0 1
0 2
0 3
0 5
0 7
0 10
0 12
0 14
0 16
1 2
1 6
1 9
1 10
1 12
1 14
1 16
2 4
2 5
2 9
2 11
2 12
2 16
3 6
3 7
3 8
3 9
3 12
3 13
4 5
4 8
4 14
5 6
5 12
5 14
5 16
6 9
6 10
7 9
7 12
7 14
7 15
7 16
8 16
9 14
10 12
10 13
11 12
11 14
12 14
12 16
13 16
14 16
-1
EDGE_WEIGHT_SECTION
0	1	1	1	0	1	0	1	0	0	1	0	1	0	1	0	1
1	0	1	0	0	0	1	0	0	1	1	0	1	0	1	0	1
1	1	0	0	1	1	0	0	0	1	0	1	1	0	0	0	1
1	0	0	0	0	0	1	1	1	1	0	0	1	1	0	0	0
0	0	1	0	0	1	0	0	1	0	0	0	0	0	1	0	0
1	0	1	0	1	0	1	0	0	0	0	0	1	0	1	0	1
0	1	0	1	0	1	0	0	0	1	1	0	0	0	0	0	0
1	0	0	1	0	0	0	0	0	1	0	0	1	0	1	1	1
0	0	0	1	1	0	0	0	0	0	0	0	0	0	0	0	1
0	1	1	1	0	0	1	1	0	0	0	0	0	0	1	0	0
1	1	0	0	0	0	1	0	0	0	0	0	1	1	0	0	0
0	0	1	0	0	0	0	0	0	0	0	0	1	0	1	0	0
1	1	1	1	0	1	0	1	0	0	1	1	0	0	1	0	1
0	0	0	1	0	0	0	0	0	0	1	0	0	0	0	0	1
1	1	0	0	1	1	0	1	0	1	0	1	1	0	0	0	1
0	0	0	0	0	0	0	1	0	0	0	0	0	0	0	0	0
1	1	1	0	0	1	0	1	1	0	0	0	1	1	1	0	0
DIFF_EDGE
0 0
CHROM_NUMBER
9
EOF
