TYPE : graph_{count}
DIMENSION: 19
EDGE_DATA_FORMAT: EDGE_LIST
EDGE_WEIGHT_TYPE: EXPLICIT
EDGE_WEIGHT_FORMAT: FULL_MATRIX
EDGE_DATA_SECTION
0 1
0 3
0 6
0 7
0 8
0 11
0 12
0 14
0 17
0 18
1 3
1 4
1 5
1 7
1 8
1 9
1 11
1 12
1 13
1 14
2 6
2 7
2 8
2 9
2 10
3 6
3 10
3 11
3 18
4 5
4 7
4 8
4 10
4 12
4 17
5 6
5 8
5 11
5 14
5 17
5 18
6 7
6 8
6 12
6 16
6 17
7 8
7 10
7 11
7 12
7 14
7 17
7 18
8 10
8 11
8 12
8 14
8 15
8 17
9 10
9 14
9 17
10 11
10 12
10 14
10 17
11 12
11 14
11 17
11 18
12 14
12 17
12 18
13 17
13 18
14 17
14 18
15 18
17 18
-1
EDGE_WEIGHT_SECTION
0	1	0	1	0	0	1	1	1	0	0	1	1	0	1	0	0	1	1
1	0	0	1	1	1	0	1	1	1	0	1	1	1	1	0	0	0	0
0	0	0	0	0	0	1	1	1	1	1	0	0	0	0	0	0	0	0
1	1	0	0	0	0	1	0	0	0	1	1	0	0	0	0	0	0	1
0	1	0	0	0	1	0	1	1	0	1	0	1	0	0	0	0	1	0
0	1	0	0	1	0	1	0	1	0	0	1	0	0	1	0	0	1	1
1	0	1	1	0	1	0	1	1	0	0	0	1	0	0	0	1	1	0
1	1	1	0	1	0	1	0	1	0	1	1	1	0	1	0	0	1	1
1	1	1	0	1	1	1	1	0	0	1	1	1	0	1	1	0	1	0
0	1	1	0	0	0	0	0	0	0	1	0	0	0	1	0	0	1	0
0	0	1	1	1	0	0	1	1	1	0	1	1	0	1	0	0	1	0
1	1	0	1	0	1	0	1	1	0	1	0	1	0	1	0	0	1	1
1	1	0	0	1	0	1	1	1	0	1	1	0	0	1	0	0	1	1
0	1	0	0	0	0	0	0	0	0	0	0	0	0	0	0	0	1	1
1	1	0	0	0	1	0	1	1	1	1	1	1	0	0	0	0	1	1
0	0	0	0	0	0	0	0	1	0	0	0	0	0	0	0	0	0	1
0	0	0	0	0	0	1	0	0	0	0	0	0	0	0	0	0	0	0
1	0	0	0	1	1	1	1	1	1	1	1	1	1	1	0	0	1	1
1	0	0	1	0	1	0	1	0	0	0	1	1	1	1	1	0	1	0
DIFF_EDGE
0 0
CHROM_NUMBER
11
EOF
