TYPE : graph_{count}
DIMENSION: 17
EDGE_DATA_FORMAT: EDGE_LIST
EDGE_WEIGHT_TYPE: EXPLICIT
EDGE_WEIGHT_FORMAT: FULL_MATRIX
EDGE_DATA_SECTION
0 1
0 3
0 5
0 7
0 8
0 9
0 12
1 2
1 3
1 4
1 5
1 10
1 12
1 13
2 3
2 6
2 7
2 9
2 12
3 6
3 9
3 10
3 11
3 12
4 5
4 8
4 9
4 10
4 12
5 6
5 9
6 9
6 14
7 8
9 10
9 12
9 15
10 12
11 12
12 14
12 16
-1
EDGE_WEIGHT_SECTION
0	1	0	1	0	1	0	1	1	1	0	0	1	0	0	0	0
1	0	1	1	1	1	0	0	0	0	1	0	1	1	0	0	0
0	1	0	1	0	0	1	1	0	1	0	0	1	0	0	0	0
1	1	1	0	0	0	1	0	0	1	1	1	1	0	0	0	0
0	1	0	0	0	1	0	0	1	1	1	0	1	0	0	0	0
1	1	0	0	1	0	1	0	0	1	0	0	0	0	0	0	0
0	0	1	1	0	1	0	0	0	1	0	0	0	0	1	0	0
1	0	1	0	0	0	0	0	1	0	0	0	0	0	0	0	0
1	0	0	0	1	0	0	1	0	0	0	0	0	0	0	0	0
1	0	1	1	1	1	1	0	0	0	1	0	1	0	0	1	0
0	1	0	1	1	0	0	0	0	1	0	0	1	0	0	0	0
0	0	0	1	0	0	0	0	0	0	0	0	1	0	0	0	0
1	1	1	1	1	0	0	0	0	1	1	1	0	0	1	0	1
0	1	0	0	0	0	0	0	0	0	0	0	0	0	0	0	0
0	0	0	0	0	0	1	0	0	0	0	0	1	0	0	0	0
0	0	0	0	0	0	0	0	0	1	0	0	0	0	0	0	0
0	0	0	0	0	0	0	0	0	0	0	0	1	0	0	0	0
DIFF_EDGE
0 0
CHROM_NUMBER
7
EOF
