TYPE : graph_{count}
DIMENSION: 15
EDGE_DATA_FORMAT: EDGE_LIST
EDGE_WEIGHT_TYPE: EXPLICIT
EDGE_WEIGHT_FORMAT: FULL_MATRIX
EDGE_DATA_SECTION
0 1
0 8
0 13
1 2
1 4
1 6
1 9
1 13
1 14
2 5
2 10
3 4
3 5
3 6
3 8
3 13
4 5
4 6
4 7
4 8
4 9
4 13
4 14
5 6
5 10
5 14
6 7
6 8
6 13
6 14
7 11
8 10
8 12
8 13
9 10
9 11
9 13
10 14
12 14
13 14
-1
EDGE_WEIGHT_SECTION
0	1	0	0	0	0	0	0	1	0	0	0	0	1	0
1	0	1	0	1	0	1	0	0	1	0	0	0	1	1
0	1	0	0	0	1	0	0	0	0	1	0	0	0	0
0	0	0	0	1	1	1	0	1	0	0	0	0	1	0
0	1	0	1	0	1	1	1	1	1	0	0	0	1	1
0	0	1	1	1	0	1	0	0	0	1	0	0	0	1
0	1	0	1	1	1	0	1	1	0	0	0	0	1	1
0	0	0	0	1	0	1	0	0	0	0	1	0	0	0
1	0	0	1	1	0	1	0	0	0	1	0	1	1	0
0	1	0	0	1	0	0	0	0	0	1	1	0	1	0
0	0	1	0	0	1	0	0	1	1	0	0	0	0	1
0	0	0	0	0	0	0	1	0	1	0	0	0	0	0
0	0	0	0	0	0	0	0	1	0	0	0	0	0	1
1	1	0	1	1	0	1	0	1	1	0	0	0	1	1
0	1	0	0	1	1	1	0	0	0	1	0	1	1	0
DIFF_EDGE
0 0
CHROM_NUMBER
8
EOF
