TYPE : graph_{count}
DIMENSION: 18
EDGE_DATA_FORMAT: EDGE_LIST
EDGE_WEIGHT_TYPE: EXPLICIT
EDGE_WEIGHT_FORMAT: FULL_MATRIX
EDGE_DATA_SECTION
0 1
0 5
0 8
0 10
0 11
0 12
0 13
0 14
0 15
1 5
1 8
1 10
1 11
1 12
1 13
1 14
1 15
2 4
2 5
2 6
2 9
3 5
3 7
4 6
4 17
5 6
5 8
5 9
5 11
5 12
5 13
5 14
5 15
6 7
6 12
7 9
8 9
8 11
8 12
8 13
8 14
8 15
9 17
10 14
11 12
11 13
11 14
11 15
12 13
12 14
12 15
13 14
13 15
13 16
14 15
-1
EDGE_WEIGHT_SECTION
0	1	0	0	0	1	0	0	1	0	1	1	1	1	1	1	0	0
1	0	0	0	0	1	0	0	1	0	1	1	1	1	1	1	0	0
0	0	0	0	1	1	1	0	0	1	0	0	0	0	0	0	0	0
0	0	0	0	0	1	0	1	0	0	0	0	0	0	0	0	0	0
0	0	1	0	0	0	1	0	0	0	0	0	0	0	0	0	0	1
1	1	1	1	0	0	1	0	1	1	0	1	1	1	1	1	0	0
0	0	1	0	1	1	0	1	0	0	0	0	1	0	0	0	0	0
0	0	0	1	0	0	1	0	0	1	0	0	0	0	0	0	0	0
1	1	0	0	0	1	0	0	0	1	0	1	1	1	1	1	0	0
0	0	1	0	0	1	0	1	1	0	0	0	0	0	0	0	0	1
1	1	0	0	0	0	0	0	0	0	0	0	0	0	1	0	0	0
1	1	0	0	0	1	0	0	1	0	0	0	1	1	1	1	0	0
1	1	0	0	0	1	1	0	1	0	0	1	1	1	1	1	0	0
1	1	0	0	0	1	0	0	1	0	0	1	1	0	1	1	1	0
1	1	0	0	0	1	0	0	1	0	1	1	1	1	0	1	0	0
1	1	0	0	0	1	0	0	1	0	0	1	1	1	1	0	0	0
0	0	0	0	0	0	0	0	0	0	0	0	0	1	0	0	0	0
0	0	0	0	1	0	0	0	0	1	0	0	0	0	0	0	0	0
DIFF_EDGE
0 0
CHROM_NUMBER
9
EOF
