TYPE : graph_{count}
DIMENSION: 20
EDGE_DATA_FORMAT: EDGE_LIST
EDGE_WEIGHT_TYPE: EXPLICIT
EDGE_WEIGHT_FORMAT: FULL_MATRIX
EDGE_DATA_SECTION
0 3
0 4
0 5
0 7
0 8
0 10
0 11
0 12
0 17
1 2
1 3
1 5
1 6
1 7
1 8
1 11
1 12
1 14
1 15
1 16
2 5
2 8
2 10
2 11
2 12
2 13
2 14
2 16
2 17
3 4
3 9
3 10
3 14
3 16
4 5
4 7
4 14
4 15
5 6
5 8
5 12
5 14
5 16
6 8
6 9
6 11
6 12
6 13
6 14
6 16
6 17
7 10
7 16
8 9
8 10
8 11
8 12
8 14
8 16
8 17
9 11
9 12
9 17
10 12
10 17
11 12
11 14
11 16
11 17
12 14
12 16
12 17
12 18
13 17
14 16
14 17
15 17
16 17
17 19
-1
EDGE_WEIGHT_SECTION
0	0	0	1	1	1	0	1	1	0	1	1	1	0	0	0	0	1	0	0
0	0	1	1	0	1	1	1	1	0	0	1	1	0	1	1	1	0	0	0
0	1	0	0	0	1	0	0	1	0	1	1	1	1	1	0	1	1	0	0
1	1	0	0	1	0	0	0	0	1	1	0	0	0	1	0	1	0	0	0
1	0	0	1	0	1	0	1	0	0	0	0	0	0	1	1	0	0	0	0
1	1	1	0	1	0	1	0	1	0	0	0	1	0	1	0	1	0	0	0
0	1	0	0	0	1	0	0	1	1	0	1	1	1	1	0	1	1	0	0
1	1	0	0	1	0	0	0	0	0	1	0	0	0	0	0	1	0	0	0
1	1	1	0	0	1	1	0	0	1	1	1	1	0	1	0	1	1	0	0
0	0	0	1	0	0	1	0	1	0	0	1	1	0	0	0	0	1	0	0
1	0	1	1	0	0	0	1	1	0	0	0	1	0	0	0	0	1	0	0
1	1	1	0	0	0	1	0	1	1	0	1	1	0	1	0	1	1	0	0
1	1	1	0	0	1	1	0	1	1	1	1	0	0	1	0	1	1	1	0
0	0	1	0	0	0	1	0	0	0	0	0	0	0	0	0	0	1	0	0
0	1	1	1	1	1	1	0	1	0	0	1	1	0	0	0	1	1	0	0
0	1	0	0	1	0	0	0	0	0	0	0	0	0	0	0	0	1	0	0
0	1	1	1	0	1	1	1	1	0	0	1	1	0	1	0	0	1	0	0
1	0	1	0	0	0	1	0	1	1	1	1	1	1	1	1	1	1	0	1
0	0	0	0	0	0	0	0	0	0	0	0	1	0	0	0	0	0	0	0
0	0	0	0	0	0	0	0	0	0	0	0	0	0	0	0	0	1	0	0
DIFF_EDGE
0 0
CHROM_NUMBER
11
EOF
