TYPE : graph_{count}
DIMENSION: 21
EDGE_DATA_FORMAT: EDGE_LIST
EDGE_WEIGHT_TYPE: EXPLICIT
EDGE_WEIGHT_FORMAT: FULL_MATRIX
EDGE_DATA_SECTION
0 3
0 5
0 8
0 11
0 14
0 15
0 18
0 19
1 3
1 4
1 5
1 6
1 10
1 11
1 16
1 18
1 19
1 20
2 3
2 4
2 5
2 7
2 8
2 9
2 10
2 11
2 16
2 18
2 19
2 20
3 6
3 9
3 10
3 11
3 16
3 18
3 19
4 5
4 8
4 9
4 11
4 15
4 16
4 18
4 19
4 20
5 6
5 7
5 9
5 11
5 12
5 16
5 18
5 20
6 7
6 8
6 9
6 18
6 20
7 9
7 16
8 11
8 16
8 19
9 10
9 11
9 14
9 16
9 18
9 19
9 20
10 11
10 13
10 18
10 19
11 16
11 18
11 19
11 20
12 18
12 19
13 20
14 16
14 19
15 16
15 20
16 17
16 18
16 20
17 18
17 19
18 19
18 20
19 20
-1
EDGE_WEIGHT_SECTION
0	0	0	1	0	1	0	0	1	0	0	1	0	0	1	1	0	0	1	1	0
0	0	0	1	1	1	1	0	0	0	1	1	0	0	0	0	1	0	1	1	1
0	0	0	1	1	1	0	1	1	1	1	1	0	0	0	0	1	0	1	1	1
1	1	1	0	0	0	1	0	0	1	1	1	0	0	0	0	1	0	1	1	0
0	1	1	0	0	1	0	0	1	1	0	1	0	0	0	1	1	0	1	1	1
1	1	1	0	1	0	1	1	0	1	0	1	1	0	0	0	1	0	1	0	1
0	1	0	1	0	1	0	1	1	1	0	0	0	0	0	0	0	0	1	0	1
0	0	1	0	0	1	1	0	0	1	0	0	0	0	0	0	1	0	0	0	0
1	0	1	0	1	0	1	0	0	0	0	1	0	0	0	0	1	0	0	1	0
0	0	1	1	1	1	1	1	0	0	1	1	0	0	1	0	1	0	1	1	1
0	1	1	1	0	0	0	0	0	1	0	1	0	1	0	0	0	0	1	1	0
1	1	1	1	1	1	0	0	1	1	1	0	0	0	0	0	1	0	1	1	1
0	0	0	0	0	1	0	0	0	0	0	0	0	0	0	0	0	0	1	1	0
0	0	0	0	0	0	0	0	0	0	1	0	0	0	0	0	0	0	0	0	1
1	0	0	0	0	0	0	0	0	1	0	0	0	0	0	0	1	0	0	1	0
1	0	0	0	1	0	0	0	0	0	0	0	0	0	0	0	1	0	0	0	1
0	1	1	1	1	1	0	1	1	1	0	1	0	0	1	1	0	1	1	0	1
0	0	0	0	0	0	0	0	0	0	0	0	0	0	0	0	1	0	1	1	0
1	1	1	1	1	1	1	0	0	1	1	1	1	0	0	0	1	1	1	1	1
1	1	1	1	1	0	0	0	1	1	1	1	1	0	1	0	0	1	1	0	1
0	1	1	0	1	1	1	0	0	1	0	1	0	1	0	1	1	0	1	1	1
DIFF_EDGE
0 0
CHROM_NUMBER
12
EOF
