TYPE : graph_{count}
DIMENSION: 20
EDGE_DATA_FORMAT: EDGE_LIST
EDGE_WEIGHT_TYPE: EXPLICIT
EDGE_WEIGHT_FORMAT: FULL_MATRIX
EDGE_DATA_SECTION
0 3
0 5
0 8
0 10
0 11
0 16
0 19
1 2
1 4
1 5
1 7
1 9
1 10
1 11
1 16
1 19
2 3
2 4
2 7
2 9
2 10
3 6
3 7
3 8
3 11
3 13
3 14
3 16
4 5
4 6
4 8
4 9
4 14
5 6
5 8
5 10
5 11
5 16
5 17
6 8
6 12
7 8
7 9
7 11
7 16
8 9
8 18
10 11
10 12
10 16
11 15
11 16
12 16
-1
EDGE_WEIGHT_SECTION
0	0	0	1	0	1	0	0	1	0	1	1	0	0	0	0	1	0	0	1
0	0	1	0	1	1	0	1	0	1	1	1	0	0	0	0	1	0	0	1
0	1	0	1	1	0	0	1	0	1	1	0	0	0	0	0	0	0	0	0
1	0	1	0	0	0	1	1	1	0	0	1	0	1	1	0	1	0	0	0
0	1	1	0	0	1	1	0	1	1	0	0	0	0	1	0	0	0	0	0
1	1	0	0	1	0	1	0	1	0	1	1	0	0	0	0	1	1	0	0
0	0	0	1	1	1	0	0	1	0	0	0	1	0	0	0	0	0	0	0
0	1	1	1	0	0	0	0	1	1	0	1	0	0	0	0	1	0	0	0
1	0	0	1	1	1	1	1	0	1	0	0	0	0	0	0	0	0	1	0
0	1	1	0	1	0	0	1	1	0	0	0	0	0	0	0	0	0	0	0
1	1	1	0	0	1	0	0	0	0	0	1	1	0	0	0	1	0	0	0
1	1	0	1	0	1	0	1	0	0	1	0	0	0	0	1	1	0	0	0
0	0	0	0	0	0	1	0	0	0	1	0	0	0	0	0	1	0	0	0
0	0	0	1	0	0	0	0	0	0	0	0	0	0	0	0	0	0	0	0
0	0	0	1	1	0	0	0	0	0	0	0	0	0	0	0	0	0	0	0
0	0	0	0	0	0	0	0	0	0	0	1	0	0	0	0	0	0	0	0
1	1	0	1	0	1	0	1	0	0	1	1	1	0	0	0	0	0	0	0
0	0	0	0	0	1	0	0	0	0	0	0	0	0	0	0	0	0	0	0
0	0	0	0	0	0	0	0	1	0	0	0	0	0	0	0	0	0	0	0
1	1	0	0	0	0	0	0	0	0	0	0	0	0	0	0	0	0	0	0
DIFF_EDGE
0 0
CHROM_NUMBER
8
EOF
