TYPE : graph_{count}
DIMENSION: 16
EDGE_DATA_FORMAT: EDGE_LIST
EDGE_WEIGHT_TYPE: EXPLICIT
EDGE_WEIGHT_FORMAT: FULL_MATRIX
EDGE_DATA_SECTION
0 2
0 3
0 6
0 10
1 2
1 3
1 4
1 5
1 6
1 10
1 11
1 13
1 14
2 7
2 9
2 10
2 11
2 13
2 14
3 5
3 7
3 11
3 13
3 14
4 5
4 6
4 10
5 6
5 9
5 10
5 11
5 12
5 13
5 14
6 9
6 10
6 11
6 13
6 14
7 8
7 12
7 13
7 14
8 9
8 10
9 13
9 14
10 11
10 13
10 14
11 14
11 15
12 13
12 14
13 14
13 15
-1
EDGE_WEIGHT_SECTION
0	0	1	1	0	0	1	0	0	0	1	0	0	0	0	0
0	0	1	1	1	1	1	0	0	0	1	1	0	1	1	0
1	1	0	0	0	0	0	1	0	1	1	1	0	1	1	0
1	1	0	0	0	1	0	1	0	0	0	1	0	1	1	0
0	1	0	0	0	1	1	0	0	0	1	0	0	0	0	0
0	1	0	1	1	0	1	0	0	1	1	1	1	1	1	0
1	1	0	0	1	1	0	0	0	1	1	1	0	1	1	0
0	0	1	1	0	0	0	0	1	0	0	0	1	1	1	0
0	0	0	0	0	0	0	1	0	1	1	0	0	0	0	0
0	0	1	0	0	1	1	0	1	0	0	0	0	1	1	0
1	1	1	0	1	1	1	0	1	0	0	1	0	1	1	0
0	1	1	1	0	1	1	0	0	0	1	0	0	0	1	1
0	0	0	0	0	1	0	1	0	0	0	0	0	1	1	0
0	1	1	1	0	1	1	1	0	1	1	0	1	0	1	1
0	1	1	1	0	1	1	1	0	1	1	1	1	1	0	0
0	0	0	0	0	0	0	0	0	0	0	1	0	1	0	0
DIFF_EDGE
0 0
CHROM_NUMBER
9
EOF
