TYPE : graph_{count}
DIMENSION: 20
EDGE_DATA_FORMAT: EDGE_LIST
EDGE_WEIGHT_TYPE: EXPLICIT
EDGE_WEIGHT_FORMAT: FULL_MATRIX
EDGE_DATA_SECTION
0 1
0 2
0 3
0 4
0 5
0 7
0 8
0 11
0 13
0 15
0 16
0 18
0 19
1 2
1 5
1 8
1 9
1 13
1 15
1 16
2 5
2 8
3 4
3 7
3 10
3 16
3 18
4 5
4 6
4 10
4 11
4 13
4 14
4 15
5 6
5 7
5 11
5 13
5 15
5 16
5 18
6 7
6 9
6 10
6 11
6 13
7 10
7 12
7 13
7 16
7 18
8 11
8 16
9 10
9 13
9 15
9 16
9 18
11 12
11 13
11 15
11 16
11 18
12 15
12 16
12 18
13 15
13 16
13 18
15 16
15 18
16 17
16 18
17 18
-1
EDGE_WEIGHT_SECTION
0	1	1	1	1	1	0	1	1	0	0	1	0	1	0	1	1	0	1	1
1	0	1	0	0	1	0	0	1	1	0	0	0	1	0	1	1	0	0	0
1	1	0	0	0	1	0	0	1	0	0	0	0	0	0	0	0	0	0	0
1	0	0	0	1	0	0	1	0	0	1	0	0	0	0	0	1	0	1	0
1	0	0	1	0	1	1	0	0	0	1	1	0	1	1	1	0	0	0	0
1	1	1	0	1	0	1	1	0	0	0	1	0	1	0	1	1	0	1	0
0	0	0	0	1	1	0	1	0	1	1	1	0	1	0	0	0	0	0	0
1	0	0	1	0	1	1	0	0	0	1	0	1	1	0	0	1	0	1	0
1	1	1	0	0	0	0	0	0	0	0	1	0	0	0	0	1	0	0	0
0	1	0	0	0	0	1	0	0	0	1	0	0	1	0	1	1	0	1	0
0	0	0	1	1	0	1	1	0	1	0	0	0	0	0	0	0	0	0	0
1	0	0	0	1	1	1	0	1	0	0	0	1	1	0	1	1	0	1	0
0	0	0	0	0	0	0	1	0	0	0	1	0	0	0	1	1	0	1	0
1	1	0	0	1	1	1	1	0	1	0	1	0	0	0	1	1	0	1	0
0	0	0	0	1	0	0	0	0	0	0	0	0	0	0	0	0	0	0	0
1	1	0	0	1	1	0	0	0	1	0	1	1	1	0	0	1	0	1	0
1	1	0	1	0	1	0	1	1	1	0	1	1	1	0	1	0	1	1	0
0	0	0	0	0	0	0	0	0	0	0	0	0	0	0	0	1	0	1	0
1	0	0	1	0	1	0	1	0	1	0	1	1	1	0	1	1	1	0	0
1	0	0	0	0	0	0	0	0	0	0	0	0	0	0	0	0	0	0	0
DIFF_EDGE
0 0
CHROM_NUMBER
10
EOF
