TYPE : graph_{count}
DIMENSION: 20
EDGE_DATA_FORMAT: EDGE_LIST
EDGE_WEIGHT_TYPE: EXPLICIT
EDGE_WEIGHT_FORMAT: FULL_MATRIX
EDGE_DATA_SECTION
0 2
0 6
0 7
0 10
0 11
0 12
0 15
0 17
1 4
1 5
1 6
1 7
1 8
1 9
1 12
1 13
1 14
1 15
1 18
2 3
2 7
2 10
2 17
2 19
3 4
3 7
3 11
3 14
3 15
3 17
3 19
4 8
4 10
4 19
5 6
5 9
5 14
5 19
6 7
6 8
7 14
7 15
8 15
8 17
9 10
9 14
9 15
9 17
9 19
10 13
10 15
10 17
10 19
11 16
11 17
12 14
12 17
12 19
13 15
13 17
13 19
14 15
14 17
14 19
15 17
15 19
16 17
16 19
17 18
17 19
18 19
-1
EDGE_WEIGHT_SECTION
0	0	1	0	0	0	1	1	0	0	1	1	1	0	0	1	0	1	0	0
0	0	0	0	1	1	1	1	1	1	0	0	1	1	1	1	0	0	1	0
1	0	0	1	0	0	0	1	0	0	1	0	0	0	0	0	0	1	0	1
0	0	1	0	1	0	0	1	0	0	0	1	0	0	1	1	0	1	0	1
0	1	0	1	0	0	0	0	1	0	1	0	0	0	0	0	0	0	0	1
0	1	0	0	0	0	1	0	0	1	0	0	0	0	1	0	0	0	0	1
1	1	0	0	0	1	0	1	1	0	0	0	0	0	0	0	0	0	0	0
1	1	1	1	0	0	1	0	0	0	0	0	0	0	1	1	0	0	0	0
0	1	0	0	1	0	1	0	0	0	0	0	0	0	0	1	0	1	0	0
0	1	0	0	0	1	0	0	0	0	1	0	0	0	1	1	0	1	0	1
1	0	1	0	1	0	0	0	0	1	0	0	0	1	0	1	0	1	0	1
1	0	0	1	0	0	0	0	0	0	0	0	0	0	0	0	1	1	0	0
1	1	0	0	0	0	0	0	0	0	0	0	0	0	1	0	0	1	0	1
0	1	0	0	0	0	0	0	0	0	1	0	0	0	0	1	0	1	0	1
0	1	0	1	0	1	0	1	0	1	0	0	1	0	0	1	0	1	0	1
1	1	0	1	0	0	0	1	1	1	1	0	0	1	1	0	0	1	0	1
0	0	0	0	0	0	0	0	0	0	0	1	0	0	0	0	0	1	0	1
1	0	1	1	0	0	0	0	1	1	1	1	1	1	1	1	1	0	1	1
0	1	0	0	0	0	0	0	0	0	0	0	0	0	0	0	0	1	0	1
0	0	1	1	1	1	0	0	0	1	1	0	1	1	1	1	1	1	1	0
DIFF_EDGE
0 0
CHROM_NUMBER
10
EOF
