TYPE : graph_{count}
DIMENSION: 18
EDGE_DATA_FORMAT: EDGE_LIST
EDGE_WEIGHT_TYPE: EXPLICIT
EDGE_WEIGHT_FORMAT: FULL_MATRIX
EDGE_DATA_SECTION
0 1
0 3
0 7
0 11
0 14
1 2
1 3
1 6
1 10
1 15
2 8
2 12
2 17
3 4
3 5
3 6
3 8
4 5
4 7
4 8
4 9
4 11
4 12
4 14
5 6
5 7
5 9
5 10
5 12
5 14
5 15
5 17
6 7
6 8
6 9
6 10
6 12
6 14
6 16
7 9
7 10
7 12
7 14
7 15
9 10
9 13
9 14
9 15
10 12
10 14
10 15
11 12
11 14
11 15
12 13
12 14
12 15
13 14
13 15
14 15
15 16
-1
EDGE_WEIGHT_SECTION
0	1	0	1	0	0	0	1	0	0	0	1	0	0	1	0	0	0
1	0	1	1	0	0	1	0	0	0	1	0	0	0	0	1	0	0
0	1	0	0	0	0	0	0	1	0	0	0	1	0	0	0	0	1
1	1	0	0	1	1	1	0	1	0	0	0	0	0	0	0	0	0
0	0	0	1	0	1	0	1	1	1	0	1	1	0	1	0	0	0
0	0	0	1	1	0	1	1	0	1	1	0	1	0	1	1	0	1
0	1	0	1	0	1	0	1	1	1	1	0	1	0	1	0	1	0
1	0	0	0	1	1	1	0	0	1	1	0	1	0	1	1	0	0
0	0	1	1	1	0	1	0	0	0	0	0	0	0	0	0	0	0
0	0	0	0	1	1	1	1	0	0	1	0	0	1	1	1	0	0
0	1	0	0	0	1	1	1	0	1	0	0	1	0	1	1	0	0
1	0	0	0	1	0	0	0	0	0	0	0	1	0	1	1	0	0
0	0	1	0	1	1	1	1	0	0	1	1	0	1	1	1	0	0
0	0	0	0	0	0	0	0	0	1	0	0	1	0	1	1	0	0
1	0	0	0	1	1	1	1	0	1	1	1	1	1	0	1	0	0
0	1	0	0	0	1	0	1	0	1	1	1	1	1	1	0	1	0
0	0	0	0	0	0	1	0	0	0	0	0	0	0	0	1	0	0
0	0	1	0	0	1	0	0	0	0	0	0	0	0	0	0	0	0
DIFF_EDGE
0 0
CHROM_NUMBER
9
EOF
