TYPE : graph_{count}
DIMENSION: 19
EDGE_DATA_FORMAT: EDGE_LIST
EDGE_WEIGHT_TYPE: EXPLICIT
EDGE_WEIGHT_FORMAT: FULL_MATRIX
EDGE_DATA_SECTION
0 2
0 3
0 4
0 5
0 7
0 8
0 12
0 13
0 16
1 2
1 5
1 7
1 8
1 10
1 12
1 16
1 18
2 4
2 5
2 8
2 12
2 16
3 4
3 6
3 16
4 7
4 9
4 10
5 8
5 9
5 10
5 12
5 16
6 9
6 10
6 12
7 10
8 9
8 11
8 12
8 16
9 10
9 12
9 16
9 17
12 14
12 16
14 15
15 16
17 18
-1
EDGE_WEIGHT_SECTION
0	0	1	1	1	1	0	1	1	0	0	0	1	1	0	0	1	0	0
0	0	1	0	0	1	0	1	1	0	1	0	1	0	0	0	1	0	1
1	1	0	0	1	1	0	0	1	0	0	0	1	0	0	0	1	0	0
1	0	0	0	1	0	1	0	0	0	0	0	0	0	0	0	1	0	0
1	0	1	1	0	0	0	1	0	1	1	0	0	0	0	0	0	0	0
1	1	1	0	0	0	0	0	1	1	1	0	1	0	0	0	1	0	0
0	0	0	1	0	0	0	0	0	1	1	0	1	0	0	0	0	0	0
1	1	0	0	1	0	0	0	0	0	1	0	0	0	0	0	0	0	0
1	1	1	0	0	1	0	0	0	1	0	1	1	0	0	0	1	0	0
0	0	0	0	1	1	1	0	1	0	1	0	1	0	0	0	1	1	0
0	1	0	0	1	1	1	1	0	1	0	0	0	0	0	0	0	0	0
0	0	0	0	0	0	0	0	1	0	0	0	0	0	0	0	0	0	0
1	1	1	0	0	1	1	0	1	1	0	0	0	0	1	0	1	0	0
1	0	0	0	0	0	0	0	0	0	0	0	0	0	0	0	0	0	0
0	0	0	0	0	0	0	0	0	0	0	0	1	0	0	1	0	0	0
0	0	0	0	0	0	0	0	0	0	0	0	0	0	1	0	1	0	0
1	1	1	1	0	1	0	0	1	1	0	0	1	0	0	1	0	0	0
0	0	0	0	0	0	0	0	0	1	0	0	0	0	0	0	0	0	1
0	1	0	0	0	0	0	0	0	0	0	0	0	0	0	0	0	1	0
DIFF_EDGE
0 0
CHROM_NUMBER
8
EOF
