TYPE : graph_{count}
DIMENSION: 18
EDGE_DATA_FORMAT: EDGE_LIST
EDGE_WEIGHT_TYPE: EXPLICIT
EDGE_WEIGHT_FORMAT: FULL_MATRIX
EDGE_DATA_SECTION
0 1
0 2
0 3
0 7
0 9
0 10
0 11
0 16
0 17
1 3
1 4
1 5
1 7
1 11
1 15
2 8
2 9
2 17
3 5
3 7
3 8
3 11
3 12
3 14
3 16
4 5
4 6
4 10
5 6
5 8
5 9
6 7
6 8
6 10
6 11
6 16
7 10
7 11
7 16
7 17
8 17
9 10
9 11
9 12
9 13
10 17
11 16
11 17
12 17
13 16
14 17
15 16
15 17
16 17
-1
EDGE_WEIGHT_SECTION
0	1	1	1	0	0	0	1	0	1	1	1	0	0	0	0	1	1
1	0	0	1	1	1	0	1	0	0	0	1	0	0	0	1	0	0
1	0	0	0	0	0	0	0	1	1	0	0	0	0	0	0	0	1
1	1	0	0	0	1	0	1	1	0	0	1	1	0	1	0	1	0
0	1	0	0	0	1	1	0	0	0	1	0	0	0	0	0	0	0
0	1	0	1	1	0	1	0	1	1	0	0	0	0	0	0	0	0
0	0	0	0	1	1	0	1	1	0	1	1	0	0	0	0	1	0
1	1	0	1	0	0	1	0	0	0	1	1	0	0	0	0	1	1
0	0	1	1	0	1	1	0	0	0	0	0	0	0	0	0	0	1
1	0	1	0	0	1	0	0	0	0	1	1	1	1	0	0	0	0
1	0	0	0	1	0	1	1	0	1	0	0	0	0	0	0	0	1
1	1	0	1	0	0	1	1	0	1	0	0	0	0	0	0	1	1
0	0	0	1	0	0	0	0	0	1	0	0	0	0	0	0	0	1
0	0	0	0	0	0	0	0	0	1	0	0	0	0	0	0	1	0
0	0	0	1	0	0	0	0	0	0	0	0	0	0	0	0	0	1
0	1	0	0	0	0	0	0	0	0	0	0	0	0	0	0	1	1
1	0	0	1	0	0	1	1	0	0	0	1	0	1	0	1	0	1
1	0	1	0	0	0	0	1	1	0	1	1	1	0	1	1	1	0
DIFF_EDGE
0 0
CHROM_NUMBER
9
EOF
