TYPE : graph_{count}
DIMENSION: 20
EDGE_DATA_FORMAT: EDGE_LIST
EDGE_WEIGHT_TYPE: EXPLICIT
EDGE_WEIGHT_FORMAT: FULL_MATRIX
EDGE_DATA_SECTION
0 3
0 6
0 8
0 10
0 14
0 19
1 2
1 5
1 7
1 8
1 19
2 3
2 6
2 7
2 10
2 18
3 4
3 5
3 6
3 7
3 16
4 5
4 6
4 8
4 10
4 19
5 7
5 9
5 13
5 18
6 10
7 8
7 9
7 12
7 17
8 9
8 10
8 19
10 11
10 12
10 15
10 19
12 19
13 19
14 19
17 19
18 19
-1
EDGE_WEIGHT_SECTION
0	0	0	1	0	0	1	0	1	0	1	0	0	0	1	0	0	0	0	1
0	0	1	0	0	1	0	1	1	0	0	0	0	0	0	0	0	0	0	1
0	1	0	1	0	0	1	1	0	0	1	0	0	0	0	0	0	0	1	0
1	0	1	0	1	1	1	1	0	0	0	0	0	0	0	0	1	0	0	0
0	0	0	1	0	1	1	0	1	0	1	0	0	0	0	0	0	0	0	1
0	1	0	1	1	0	0	1	0	1	0	0	0	1	0	0	0	0	1	0
1	0	1	1	1	0	0	0	0	0	1	0	0	0	0	0	0	0	0	0
0	1	1	1	0	1	0	0	1	1	0	0	1	0	0	0	0	1	0	0
1	1	0	0	1	0	0	1	0	1	1	0	0	0	0	0	0	0	0	1
0	0	0	0	0	1	0	1	1	0	0	0	0	0	0	0	0	0	0	0
1	0	1	0	1	0	1	0	1	0	0	1	1	0	0	1	0	0	0	1
0	0	0	0	0	0	0	0	0	0	1	0	0	0	0	0	0	0	0	0
0	0	0	0	0	0	0	1	0	0	1	0	0	0	0	0	0	0	0	1
0	0	0	0	0	1	0	0	0	0	0	0	0	0	0	0	0	0	0	1
1	0	0	0	0	0	0	0	0	0	0	0	0	0	0	0	0	0	0	1
0	0	0	0	0	0	0	0	0	0	1	0	0	0	0	0	0	0	0	0
0	0	0	1	0	0	0	0	0	0	0	0	0	0	0	0	0	0	0	0
0	0	0	0	0	0	0	1	0	0	0	0	0	0	0	0	0	0	0	1
0	0	1	0	0	1	0	0	0	0	0	0	0	0	0	0	0	0	0	1
1	1	0	0	1	0	0	0	1	0	1	0	1	1	1	0	0	1	1	0
DIFF_EDGE
0 0
CHROM_NUMBER
7
EOF
