TYPE : graph_{count}
DIMENSION: 21
EDGE_DATA_FORMAT: EDGE_LIST
EDGE_WEIGHT_TYPE: EXPLICIT
EDGE_WEIGHT_FORMAT: FULL_MATRIX
EDGE_DATA_SECTION
0 2
0 4
0 5
0 8
0 9
0 10
0 11
0 13
0 16
0 19
1 2
1 3
1 4
1 6
1 7
1 10
1 11
2 9
2 13
2 19
3 4
3 8
4 5
4 6
4 9
4 10
4 11
4 13
4 14
4 19
5 10
5 13
6 10
6 11
6 12
6 13
6 16
7 10
8 12
8 17
9 11
9 13
9 17
10 11
10 13
10 15
11 13
11 19
12 13
12 18
13 19
15 19
18 19
18 20
-1
EDGE_WEIGHT_SECTION
0	0	1	0	1	1	0	0	1	1	1	1	0	1	0	0	1	0	0	1	0
0	0	1	1	1	0	1	1	0	0	1	1	0	0	0	0	0	0	0	0	0
1	1	0	0	0	0	0	0	0	1	0	0	0	1	0	0	0	0	0	1	0
0	1	0	0	1	0	0	0	1	0	0	0	0	0	0	0	0	0	0	0	0
1	1	0	1	0	1	1	0	0	1	1	1	0	1	1	0	0	0	0	1	0
1	0	0	0	1	0	0	0	0	0	1	0	0	1	0	0	0	0	0	0	0
0	1	0	0	1	0	0	0	0	0	1	1	1	1	0	0	1	0	0	0	0
0	1	0	0	0	0	0	0	0	0	1	0	0	0	0	0	0	0	0	0	0
1	0	0	1	0	0	0	0	0	0	0	0	1	0	0	0	0	1	0	0	0
1	0	1	0	1	0	0	0	0	0	0	1	0	1	0	0	0	1	0	0	0
1	1	0	0	1	1	1	1	0	0	0	1	0	1	0	1	0	0	0	0	0
1	1	0	0	1	0	1	0	0	1	1	0	0	1	0	0	0	0	0	1	0
0	0	0	0	0	0	1	0	1	0	0	0	0	1	0	0	0	0	1	0	0
1	0	1	0	1	1	1	0	0	1	1	1	1	0	0	0	0	0	0	1	0
0	0	0	0	1	0	0	0	0	0	0	0	0	0	0	0	0	0	0	0	0
0	0	0	0	0	0	0	0	0	0	1	0	0	0	0	0	0	0	0	1	0
1	0	0	0	0	0	1	0	0	0	0	0	0	0	0	0	0	0	0	0	0
0	0	0	0	0	0	0	0	1	1	0	0	0	0	0	0	0	0	0	0	0
0	0	0	0	0	0	0	0	0	0	0	0	1	0	0	0	0	0	0	1	1
1	0	1	0	1	0	0	0	0	0	0	1	0	1	0	1	0	0	1	0	0
0	0	0	0	0	0	0	0	0	0	0	0	0	0	0	0	0	0	1	0	0
DIFF_EDGE
0 0
CHROM_NUMBER
8
EOF
