TYPE : graph_{count}
DIMENSION: 16
EDGE_DATA_FORMAT: EDGE_LIST
EDGE_WEIGHT_TYPE: EXPLICIT
EDGE_WEIGHT_FORMAT: FULL_MATRIX
EDGE_DATA_SECTION
0 1
0 2
0 4
0 5
0 8
0 13
0 14
0 15
1 2
1 4
1 5
1 7
1 10
1 14
1 15
2 3
2 4
2 5
2 6
2 11
2 14
3 4
3 5
3 9
3 10
4 5
4 7
4 8
4 9
4 10
4 14
4 15
5 6
5 9
5 14
5 15
6 8
6 10
6 15
7 10
8 9
8 10
8 14
8 15
10 15
11 15
12 13
12 14
13 15
14 15
-1
EDGE_WEIGHT_SECTION
0	1	1	0	1	1	0	0	1	0	0	0	0	1	1	1
1	0	1	0	1	1	0	1	0	0	1	0	0	0	1	1
1	1	0	1	1	1	1	0	0	0	0	1	0	0	1	0
0	0	1	0	1	1	0	0	0	1	1	0	0	0	0	0
1	1	1	1	0	1	0	1	1	1	1	0	0	0	1	1
1	1	1	1	1	0	1	0	0	1	0	0	0	0	1	1
0	0	1	0	0	1	0	0	1	0	1	0	0	0	0	1
0	1	0	0	1	0	0	0	0	0	1	0	0	0	0	0
1	0	0	0	1	0	1	0	0	1	1	0	0	0	1	1
0	0	0	1	1	1	0	0	1	0	0	0	0	0	0	0
0	1	0	1	1	0	1	1	1	0	0	0	0	0	0	1
0	0	1	0	0	0	0	0	0	0	0	0	0	0	0	1
0	0	0	0	0	0	0	0	0	0	0	0	0	1	1	0
1	0	0	0	0	0	0	0	0	0	0	0	1	0	0	1
1	1	1	0	1	1	0	0	1	0	0	0	1	0	0	1
1	1	0	0	1	1	1	0	1	0	1	1	0	1	1	1
DIFF_EDGE
0 0
CHROM_NUMBER
8
EOF
