TYPE : graph_{count}
DIMENSION: 21
EDGE_DATA_FORMAT: EDGE_LIST
EDGE_WEIGHT_TYPE: EXPLICIT
EDGE_WEIGHT_FORMAT: FULL_MATRIX
EDGE_DATA_SECTION
0 1
0 2
0 4
0 5
0 6
0 9
0 11
0 12
0 13
0 16
0 20
1 2
1 3
1 5
1 6
1 9
1 11
1 12
1 13
1 16
1 19
1 20
2 3
2 4
2 7
2 9
2 11
2 12
2 13
2 14
2 15
2 16
2 20
3 4
3 6
3 9
3 10
3 11
3 16
3 17
4 5
4 6
4 7
4 8
4 10
4 11
4 12
4 16
4 20
5 6
5 7
5 9
5 10
5 11
5 12
5 13
5 15
5 16
5 18
5 20
6 8
6 10
6 11
6 12
6 20
7 9
7 10
7 13
7 16
9 10
9 11
9 12
9 13
9 16
9 20
10 20
11 12
11 13
11 16
11 20
12 13
12 16
12 20
13 16
13 17
13 20
14 16
16 20
-1
EDGE_WEIGHT_SECTION
0	1	1	0	1	1	1	0	0	1	0	1	1	1	0	0	1	0	0	0	1
1	0	1	1	0	1	1	0	0	1	0	1	1	1	0	0	1	0	0	1	1
1	1	0	1	1	0	0	1	0	1	0	1	1	1	1	1	1	0	0	0	1
0	1	1	0	1	0	1	0	0	1	1	1	0	0	0	0	1	1	0	0	0
1	0	1	1	0	1	1	1	1	0	1	1	1	0	0	0	1	0	0	0	1
1	1	0	0	1	0	1	1	0	1	1	1	1	1	0	1	1	0	1	0	1
1	1	0	1	1	1	0	0	1	0	1	1	1	0	0	0	0	0	0	0	1
0	0	1	0	1	1	0	0	0	1	1	0	0	1	0	0	1	0	0	0	0
0	0	0	0	1	0	1	0	0	0	0	0	0	0	0	0	0	0	0	0	0
1	1	1	1	0	1	0	1	0	0	1	1	1	1	0	0	1	0	0	0	1
0	0	0	1	1	1	1	1	0	1	0	0	0	0	0	0	0	0	0	0	1
1	1	1	1	1	1	1	0	0	1	0	0	1	1	0	0	1	0	0	0	1
1	1	1	0	1	1	1	0	0	1	0	1	1	1	0	0	1	0	0	0	1
1	1	1	0	0	1	0	1	0	1	0	1	1	1	0	0	1	1	0	0	1
0	0	1	0	0	0	0	0	0	0	0	0	0	0	0	0	1	0	0	0	0
0	0	1	0	0	1	0	0	0	0	0	0	0	0	0	0	0	0	0	0	0
1	1	1	1	1	1	0	1	0	1	0	1	1	1	1	0	1	0	0	0	1
0	0	0	1	0	0	0	0	0	0	0	0	0	1	0	0	0	0	0	0	0
0	0	0	0	0	1	0	0	0	0	0	0	0	0	0	0	0	0	0	0	0
0	1	0	0	0	0	0	0	0	0	0	0	0	0	0	0	0	0	0	0	0
1	1	1	0	1	1	1	0	0	1	1	1	1	1	0	0	1	0	0	0	0
DIFF_EDGE
0 0
CHROM_NUMBER
12
EOF
