TYPE : graph_{count}
DIMENSION: 20
EDGE_DATA_FORMAT: EDGE_LIST
EDGE_WEIGHT_TYPE: EXPLICIT
EDGE_WEIGHT_FORMAT: FULL_MATRIX
EDGE_DATA_SECTION
0 3
0 7
0 9
0 10
0 19
1 2
1 3
1 6
1 9
1 13
1 17
1 19
2 3
2 5
2 13
2 19
3 8
3 9
3 13
3 17
3 19
4 7
4 10
4 13
4 17
5 7
5 8
5 9
5 14
5 17
5 19
6 7
6 9
6 13
6 17
6 19
7 9
7 19
8 12
8 13
9 11
9 12
9 13
9 17
10 14
10 17
10 19
11 15
11 17
11 19
12 17
12 18
12 19
13 17
13 19
14 17
14 19
15 17
16 17
16 18
16 19
17 19
18 19
-1
EDGE_WEIGHT_SECTION
0	0	0	1	0	0	0	1	0	1	1	0	0	0	0	0	0	0	0	1
0	0	1	1	0	0	1	0	0	1	0	0	0	1	0	0	0	1	0	1
0	1	0	1	0	1	0	0	0	0	0	0	0	1	0	0	0	0	0	1
1	1	1	0	0	0	0	0	1	1	0	0	0	1	0	0	0	1	0	1
0	0	0	0	0	0	0	1	0	0	1	0	0	1	0	0	0	1	0	0
0	0	1	0	0	0	0	1	1	1	0	0	0	0	1	0	0	1	0	1
0	1	0	0	0	0	0	1	0	1	0	0	0	1	0	0	0	1	0	1
1	0	0	0	1	1	1	0	0	1	0	0	0	0	0	0	0	0	0	1
0	0	0	1	0	1	0	0	0	0	0	0	1	1	0	0	0	0	0	0
1	1	0	1	0	1	1	1	0	0	0	1	1	1	0	0	0	1	0	0
1	0	0	0	1	0	0	0	0	0	0	0	0	0	1	0	0	1	0	1
0	0	0	0	0	0	0	0	0	1	0	0	0	0	0	1	0	1	0	1
0	0	0	0	0	0	0	0	1	1	0	0	0	0	0	0	0	1	1	1
0	1	1	1	1	0	1	0	1	1	0	0	0	1	0	0	0	1	0	1
0	0	0	0	0	1	0	0	0	0	1	0	0	0	0	0	0	1	0	1
0	0	0	0	0	0	0	0	0	0	0	1	0	0	0	0	0	1	0	0
0	0	0	0	0	0	0	0	0	0	0	0	0	0	0	0	0	1	1	1
0	1	0	1	1	1	1	0	0	1	1	1	1	1	1	1	1	0	0	1
0	0	0	0	0	0	0	0	0	0	0	0	1	0	0	0	1	0	0	1
1	1	1	1	0	1	1	1	0	0	1	1	1	1	1	0	1	1	1	0
DIFF_EDGE
0 0
CHROM_NUMBER
8
EOF
