TYPE : graph_{count}
DIMENSION: 18
EDGE_DATA_FORMAT: EDGE_LIST
EDGE_WEIGHT_TYPE: EXPLICIT
EDGE_WEIGHT_FORMAT: FULL_MATRIX
EDGE_DATA_SECTION
0 3
0 5
0 7
0 8
0 10
0 16
1 2
1 3
1 4
1 7
1 8
1 9
1 11
1 16
2 9
2 10
2 11
2 14
2 16
3 4
3 9
3 10
3 11
3 12
3 16
4 5
4 6
4 7
4 8
4 11
4 16
5 6
5 7
5 14
5 17
6 7
6 8
6 9
6 15
7 8
7 9
7 11
7 12
7 16
8 11
9 11
9 13
9 16
10 15
10 16
11 16
12 16
13 16
14 17
15 16
-1
EDGE_WEIGHT_SECTION
0	0	0	1	0	1	0	1	1	0	1	0	0	0	0	0	1	0
0	0	1	1	1	0	0	1	1	1	0	1	0	0	0	0	1	0
0	1	0	0	0	0	0	0	0	1	1	1	0	0	1	0	1	0
1	1	0	0	1	0	0	0	0	1	1	1	1	0	0	0	1	0
0	1	0	1	0	1	1	1	1	0	0	1	0	0	0	0	1	0
1	0	0	0	1	0	1	1	0	0	0	0	0	0	1	0	0	1
0	0	0	0	1	1	0	1	1	1	0	0	0	0	0	1	0	0
1	1	0	0	1	1	1	0	1	1	0	1	1	0	0	0	1	0
1	1	0	0	1	0	1	1	0	0	0	1	0	0	0	0	0	0
0	1	1	1	0	0	1	1	0	0	0	1	0	1	0	0	1	0
1	0	1	1	0	0	0	0	0	0	0	0	0	0	0	1	1	0
0	1	1	1	1	0	0	1	1	1	0	0	0	0	0	0	1	0
0	0	0	1	0	0	0	1	0	0	0	0	0	0	0	0	1	0
0	0	0	0	0	0	0	0	0	1	0	0	0	0	0	0	1	0
0	0	1	0	0	1	0	0	0	0	0	0	0	0	0	0	0	1
0	0	0	0	0	0	1	0	0	0	1	0	0	0	0	0	1	0
1	1	1	1	1	0	0	1	0	1	1	1	1	1	0	1	0	0
0	0	0	0	0	1	0	0	0	0	0	0	0	0	1	0	0	0
DIFF_EDGE
0 0
CHROM_NUMBER
9
EOF
