TYPE : graph_{count}
DIMENSION: 16
EDGE_DATA_FORMAT: EDGE_LIST
EDGE_WEIGHT_TYPE: EXPLICIT
EDGE_WEIGHT_FORMAT: FULL_MATRIX
EDGE_DATA_SECTION
0 1
0 3
0 8
0 10
0 11
1 4
1 9
1 10
2 3
2 6
2 9
3 8
4 6
4 9
5 7
5 8
5 9
5 10
6 7
6 8
6 10
7 8
7 10
8 9
8 15
9 13
10 12
10 13
10 14
14 15
-1
EDGE_WEIGHT_SECTION
0	1	0	1	0	0	0	0	1	0	1	1	0	0	0	0
1	0	0	0	1	0	0	0	0	1	1	0	0	0	0	0
0	0	0	1	0	0	1	0	0	1	0	0	0	0	0	0
1	0	1	0	0	0	0	0	1	0	0	0	0	0	0	0
0	1	0	0	0	0	1	0	0	1	0	0	0	0	0	0
0	0	0	0	0	0	0	1	1	1	1	0	0	0	0	0
0	0	1	0	1	0	0	1	1	0	1	0	0	0	0	0
0	0	0	0	0	1	1	0	1	0	1	0	0	0	0	0
1	0	0	1	0	1	1	1	0	1	0	0	0	0	0	1
0	1	1	0	1	1	0	0	1	0	0	0	0	1	0	0
1	1	0	0	0	1	1	1	0	0	0	0	1	1	1	0
1	0	0	0	0	0	0	0	0	0	0	0	0	0	0	0
0	0	0	0	0	0	0	0	0	0	1	0	0	0	0	0
0	0	0	0	0	0	0	0	0	1	1	0	0	0	0	0
0	0	0	0	0	0	0	0	0	0	1	0	0	0	0	1
0	0	0	0	0	0	0	0	1	0	0	0	0	0	1	0
DIFF_EDGE
0 0
CHROM_NUMBER
5
EOF
