TYPE : graph_{count}
DIMENSION: 20
EDGE_DATA_FORMAT: EDGE_LIST
EDGE_WEIGHT_TYPE: EXPLICIT
EDGE_WEIGHT_FORMAT: FULL_MATRIX
EDGE_DATA_SECTION
0 3
0 5
0 9
0 10
0 11
0 12
0 13
0 15
1 2
1 4
1 6
1 10
1 12
1 15
2 4
2 6
2 7
2 14
3 4
3 7
3 8
3 9
3 10
3 12
3 13
3 14
3 15
4 6
4 10
4 14
5 7
5 8
5 10
5 12
5 17
6 7
6 9
6 12
6 13
6 14
7 8
7 9
7 11
7 12
7 13
7 14
7 15
8 9
8 13
8 15
8 18
9 12
9 13
9 14
9 15
9 16
10 12
10 14
10 19
11 12
11 13
11 14
12 13
12 14
12 15
13 14
13 15
14 15
14 17
-1
EDGE_WEIGHT_SECTION
0	0	0	1	0	1	0	0	0	1	1	1	1	1	0	1	0	0	0	0
0	0	1	0	1	0	1	0	0	0	1	0	1	0	0	1	0	0	0	0
0	1	0	0	1	0	1	1	0	0	0	0	0	0	1	0	0	0	0	0
1	0	0	0	1	0	0	1	1	1	1	0	1	1	1	1	0	0	0	0
0	1	1	1	0	0	1	0	0	0	1	0	0	0	1	0	0	0	0	0
1	0	0	0	0	0	0	1	1	0	1	0	1	0	0	0	0	1	0	0
0	1	1	0	1	0	0	1	0	1	0	0	1	1	1	0	0	0	0	0
0	0	1	1	0	1	1	0	1	1	0	1	1	1	1	1	0	0	0	0
0	0	0	1	0	1	0	1	0	1	0	0	0	1	0	1	0	0	1	0
1	0	0	1	0	0	1	1	1	0	0	0	1	1	1	1	1	0	0	0
1	1	0	1	1	1	0	0	0	0	0	0	1	0	1	0	0	0	0	1
1	0	0	0	0	0	0	1	0	0	0	0	1	1	1	0	0	0	0	0
1	1	0	1	0	1	1	1	0	1	1	1	0	1	1	1	0	0	0	0
1	0	0	1	0	0	1	1	1	1	0	1	1	0	1	1	0	0	0	0
0	0	1	1	1	0	1	1	0	1	1	1	1	1	0	1	0	1	0	0
1	1	0	1	0	0	0	1	1	1	0	0	1	1	1	0	0	0	0	0
0	0	0	0	0	0	0	0	0	1	0	0	0	0	0	0	0	0	0	0
0	0	0	0	0	1	0	0	0	0	0	0	0	0	1	0	0	0	0	0
0	0	0	0	0	0	0	0	1	0	0	0	0	0	0	0	0	0	0	0
0	0	0	0	0	0	0	0	0	0	1	0	0	0	0	0	0	0	0	0
DIFF_EDGE
0 0
CHROM_NUMBER
10
EOF
