TYPE : graph_{count}
DIMENSION: 20
EDGE_DATA_FORMAT: EDGE_LIST
EDGE_WEIGHT_TYPE: EXPLICIT
EDGE_WEIGHT_FORMAT: FULL_MATRIX
EDGE_DATA_SECTION
0 3
0 6
0 7
0 9
0 19
1 8
1 11
1 18
2 5
2 6
2 8
2 9
2 16
2 19
3 6
3 19
4 5
4 6
4 7
4 10
4 12
4 19
5 8
5 10
5 12
6 8
6 10
6 12
6 13
6 15
7 8
7 10
7 11
7 17
7 19
8 10
8 12
8 19
9 10
9 17
10 12
10 19
11 12
11 19
12 16
12 18
12 19
13 14
13 15
14 19
15 19
17 19
-1
EDGE_WEIGHT_SECTION
0	0	0	1	0	0	1	1	0	1	0	0	0	0	0	0	0	0	0	1
0	0	0	0	0	0	0	0	1	0	0	1	0	0	0	0	0	0	1	0
0	0	0	0	0	1	1	0	1	1	0	0	0	0	0	0	1	0	0	1
1	0	0	0	0	0	1	0	0	0	0	0	0	0	0	0	0	0	0	1
0	0	0	0	0	1	1	1	0	0	1	0	1	0	0	0	0	0	0	1
0	0	1	0	1	0	0	0	1	0	1	0	1	0	0	0	0	0	0	0
1	0	1	1	1	0	0	0	1	0	1	0	1	1	0	1	0	0	0	0
1	0	0	0	1	0	0	0	1	0	1	1	0	0	0	0	0	1	0	1
0	1	1	0	0	1	1	1	0	0	1	0	1	0	0	0	0	0	0	1
1	0	1	0	0	0	0	0	0	0	1	0	0	0	0	0	0	1	0	0
0	0	0	0	1	1	1	1	1	1	0	0	1	0	0	0	0	0	0	1
0	1	0	0	0	0	0	1	0	0	0	0	1	0	0	0	0	0	0	1
0	0	0	0	1	1	1	0	1	0	1	1	0	0	0	0	1	0	1	1
0	0	0	0	0	0	1	0	0	0	0	0	0	0	1	1	0	0	0	0
0	0	0	0	0	0	0	0	0	0	0	0	0	1	0	0	0	0	0	1
0	0	0	0	0	0	1	0	0	0	0	0	0	1	0	0	0	0	0	1
0	0	1	0	0	0	0	0	0	0	0	0	1	0	0	0	0	0	0	0
0	0	0	0	0	0	0	1	0	1	0	0	0	0	0	0	0	0	0	1
0	1	0	0	0	0	0	0	0	0	0	0	1	0	0	0	0	0	0	0
1	0	1	1	1	0	0	1	1	0	1	1	1	0	1	1	0	1	0	1
DIFF_EDGE
0 0
CHROM_NUMBER
8
EOF
