TYPE : graph_{count}
DIMENSION: 17
EDGE_DATA_FORMAT: EDGE_LIST
EDGE_WEIGHT_TYPE: EXPLICIT
EDGE_WEIGHT_FORMAT: FULL_MATRIX
EDGE_DATA_SECTION
0 2
0 5
0 8
0 9
0 13
0 14
1 2
1 3
1 4
1 11
2 4
2 5
2 6
2 7
2 8
2 12
2 13
2 14
3 5
3 8
3 9
3 10
3 13
3 14
3 15
4 5
4 6
4 9
4 10
4 13
4 14
5 8
5 9
5 10
5 11
5 13
5 14
5 16
6 7
6 8
6 10
6 14
8 10
8 13
9 10
9 14
10 14
11 14
12 14
13 14
-1
EDGE_WEIGHT_SECTION
0	0	1	0	0	1	0	0	1	1	0	0	0	1	1	0	0
0	0	1	1	1	0	0	0	0	0	0	1	0	0	0	0	0
1	1	0	0	1	1	1	1	1	0	0	0	1	1	1	0	0
0	1	0	0	0	1	0	0	1	1	1	0	0	1	1	1	0
0	1	1	0	0	1	1	0	0	1	1	0	0	1	1	0	0
1	0	1	1	1	0	0	0	1	1	1	1	0	1	1	0	1
0	0	1	0	1	0	0	1	1	0	1	0	0	0	1	0	0
0	0	1	0	0	0	1	0	0	0	0	0	0	0	0	0	0
1	0	1	1	0	1	1	0	0	0	1	0	0	1	0	0	0
1	0	0	1	1	1	0	0	0	0	1	0	0	0	1	0	0
0	0	0	1	1	1	1	0	1	1	0	0	0	0	1	0	0
0	1	0	0	0	1	0	0	0	0	0	0	0	0	1	0	0
0	0	1	0	0	0	0	0	0	0	0	0	0	0	1	0	0
1	0	1	1	1	1	0	0	1	0	0	0	0	1	1	0	0
1	0	1	1	1	1	1	0	0	1	1	1	1	1	0	0	0
0	0	0	1	0	0	0	0	0	0	0	0	0	0	0	0	0
0	0	0	0	0	1	0	0	0	0	0	0	0	0	0	0	0
DIFF_EDGE
0 0
CHROM_NUMBER
8
EOF
