TYPE : graph_{count}
DIMENSION: 16
EDGE_DATA_FORMAT: EDGE_LIST
EDGE_WEIGHT_TYPE: EXPLICIT
EDGE_WEIGHT_FORMAT: FULL_MATRIX
EDGE_DATA_SECTION
0 2
0 7
1 3
1 4
1 7
1 10
1 12
2 3
2 5
2 10
2 12
3 5
3 8
3 12
4 6
4 7
4 8
4 10
4 12
5 6
5 8
5 9
6 7
6 9
6 11
7 13
7 14
8 9
8 10
8 11
8 15
9 12
10 12
12 14
-1
EDGE_WEIGHT_SECTION
0	0	1	0	0	0	0	1	0	0	0	0	0	0	0	0
0	0	0	1	1	0	0	1	0	0	1	0	1	0	0	0
1	0	0	1	0	1	0	0	0	0	1	0	1	0	0	0
0	1	1	0	0	1	0	0	1	0	0	0	1	0	0	0
0	1	0	0	0	0	1	1	1	0	1	0	1	0	0	0
0	0	1	1	0	0	1	0	1	1	0	0	0	0	0	0
0	0	0	0	1	1	0	1	0	1	0	1	0	0	0	0
1	1	0	0	1	0	1	0	0	0	0	0	0	1	1	0
0	0	0	1	1	1	0	0	0	1	1	1	0	0	0	1
0	0	0	0	0	1	1	0	1	0	0	0	1	0	0	0
0	1	1	0	1	0	0	0	1	0	0	0	1	0	0	0
0	0	0	0	0	0	1	0	1	0	0	0	0	0	0	0
0	1	1	1	1	0	0	0	0	1	1	0	0	0	1	0
0	0	0	0	0	0	0	1	0	0	0	0	0	0	0	0
0	0	0	0	0	0	0	1	0	0	0	0	1	0	0	0
0	0	0	0	0	0	0	0	1	0	0	0	0	0	0	0
DIFF_EDGE
0 0
CHROM_NUMBER
6
EOF
