TYPE : graph_{count}
DIMENSION: 20
EDGE_DATA_FORMAT: EDGE_LIST
EDGE_WEIGHT_TYPE: EXPLICIT
EDGE_WEIGHT_FORMAT: FULL_MATRIX
EDGE_DATA_SECTION
0 2
0 4
0 8
0 9
0 10
0 12
1 3
1 6
1 8
1 18
2 3
2 4
2 5
2 8
2 10
2 12
2 14
3 4
3 5
3 7
3 9
3 10
3 12
3 16
3 17
4 5
4 6
4 8
4 10
4 12
4 16
5 7
5 9
5 11
5 12
6 15
7 9
7 10
7 13
7 15
7 16
8 16
9 16
10 12
11 12
11 16
12 16
12 18
14 16
15 19
-1
EDGE_WEIGHT_SECTION
0	0	1	0	1	0	0	0	1	1	1	0	1	0	0	0	0	0	0	0
0	0	0	1	0	0	1	0	1	0	0	0	0	0	0	0	0	0	1	0
1	0	0	1	1	1	0	0	1	0	1	0	1	0	1	0	0	0	0	0
0	1	1	0	1	1	0	1	0	1	1	0	1	0	0	0	1	1	0	0
1	0	1	1	0	1	1	0	1	0	1	0	1	0	0	0	1	0	0	0
0	0	1	1	1	0	0	1	0	1	0	1	1	0	0	0	0	0	0	0
0	1	0	0	1	0	0	0	0	0	0	0	0	0	0	1	0	0	0	0
0	0	0	1	0	1	0	0	0	1	1	0	0	1	0	1	1	0	0	0
1	1	1	0	1	0	0	0	0	0	0	0	0	0	0	0	1	0	0	0
1	0	0	1	0	1	0	1	0	0	0	0	0	0	0	0	1	0	0	0
1	0	1	1	1	0	0	1	0	0	0	0	1	0	0	0	0	0	0	0
0	0	0	0	0	1	0	0	0	0	0	0	1	0	0	0	1	0	0	0
1	0	1	1	1	1	0	0	0	0	1	1	0	0	0	0	1	0	1	0
0	0	0	0	0	0	0	1	0	0	0	0	0	0	0	0	0	0	0	0
0	0	1	0	0	0	0	0	0	0	0	0	0	0	0	0	1	0	0	0
0	0	0	0	0	0	1	1	0	0	0	0	0	0	0	0	0	0	0	1
0	0	0	1	1	0	0	1	1	1	0	1	1	0	1	0	0	0	0	0
0	0	0	1	0	0	0	0	0	0	0	0	0	0	0	0	0	0	0	0
0	1	0	0	0	0	0	0	0	0	0	0	1	0	0	0	0	0	0	0
0	0	0	0	0	0	0	0	0	0	0	0	0	0	0	1	0	0	0	0
DIFF_EDGE
0 0
CHROM_NUMBER
8
EOF
