TYPE : graph_{count}
DIMENSION: 20
EDGE_DATA_FORMAT: EDGE_LIST
EDGE_WEIGHT_TYPE: EXPLICIT
EDGE_WEIGHT_FORMAT: FULL_MATRIX
EDGE_DATA_SECTION
0 3
0 5
0 8
0 15
0 16
0 18
1 3
1 4
1 5
1 10
1 12
1 14
1 15
1 16
1 18
1 19
2 6
2 9
2 15
2 18
3 4
3 12
3 14
3 17
3 19
4 6
4 7
4 11
4 12
4 14
4 18
5 6
5 7
5 8
5 14
5 15
5 16
5 18
5 19
6 7
6 8
6 12
6 17
6 18
7 9
7 12
7 18
7 19
8 16
8 19
9 10
9 16
9 18
9 19
10 12
10 14
10 16
10 18
10 19
11 15
11 16
11 18
11 19
12 13
12 14
12 15
12 18
12 19
13 16
13 19
14 15
14 16
14 18
14 19
15 16
15 18
15 19
16 18
16 19
17 18
18 19
-1
EDGE_WEIGHT_SECTION
0	0	0	1	0	1	0	0	1	0	0	0	0	0	0	1	1	0	1	0
0	0	0	1	1	1	0	0	0	0	1	0	1	0	1	1	1	0	1	1
0	0	0	0	0	0	1	0	0	1	0	0	0	0	0	1	0	0	1	0
1	1	0	0	1	0	0	0	0	0	0	0	1	0	1	0	0	1	0	1
0	1	0	1	0	0	1	1	0	0	0	1	1	0	1	0	0	0	1	0
1	1	0	0	0	0	1	1	1	0	0	0	0	0	1	1	1	0	1	1
0	0	1	0	1	1	0	1	1	0	0	0	1	0	0	0	0	1	1	0
0	0	0	0	1	1	1	0	0	1	0	0	1	0	0	0	0	0	1	1
1	0	0	0	0	1	1	0	0	0	0	0	0	0	0	0	1	0	0	1
0	0	1	0	0	0	0	1	0	0	1	0	0	0	0	0	1	0	1	1
0	1	0	0	0	0	0	0	0	1	0	0	1	0	1	0	1	0	1	1
0	0	0	0	1	0	0	0	0	0	0	0	0	0	0	1	1	0	1	1
0	1	0	1	1	0	1	1	0	0	1	0	1	1	1	1	0	0	1	1
0	0	0	0	0	0	0	0	0	0	0	0	1	0	0	0	1	0	0	1
0	1	0	1	1	1	0	0	0	0	1	0	1	0	0	1	1	0	1	1
1	1	1	0	0	1	0	0	0	0	0	1	1	0	1	0	1	0	1	1
1	1	0	0	0	1	0	0	1	1	1	1	0	1	1	1	0	0	1	1
0	0	0	1	0	0	1	0	0	0	0	0	0	0	0	0	0	0	1	0
1	1	1	0	1	1	1	1	0	1	1	1	1	0	1	1	1	1	1	1
0	1	0	1	0	1	0	1	1	1	1	1	1	1	1	1	1	0	1	1
DIFF_EDGE
0 0
CHROM_NUMBER
11
EOF
