TYPE : graph_{count}
DIMENSION: 18
EDGE_DATA_FORMAT: EDGE_LIST
EDGE_WEIGHT_TYPE: EXPLICIT
EDGE_WEIGHT_FORMAT: FULL_MATRIX
EDGE_DATA_SECTION
0 2
0 7
0 9
0 10
0 17
1 3
1 4
1 5
1 8
2 4
2 5
2 6
2 8
2 12
2 14
3 5
3 7
3 9
3 10
4 6
4 7
4 8
4 9
4 12
4 17
5 6
5 8
5 9
5 10
5 12
6 7
6 8
6 12
6 13
7 10
7 11
7 12
7 14
8 9
8 10
9 10
9 12
10 12
10 13
10 15
11 16
-1
EDGE_WEIGHT_SECTION
0	0	1	0	0	0	0	1	0	1	1	0	0	0	0	0	0	1
0	0	0	1	1	1	0	0	1	0	0	0	0	0	0	0	0	0
1	0	0	0	1	1	1	0	1	0	0	0	1	0	1	0	0	0
0	1	0	0	0	1	0	1	0	1	1	0	0	0	0	0	0	0
0	1	1	0	0	0	1	1	1	1	0	0	1	0	0	0	0	1
0	1	1	1	0	0	1	0	1	1	1	0	1	0	0	0	0	0
0	0	1	0	1	1	0	1	1	0	0	0	1	1	0	0	0	0
1	0	0	1	1	0	1	0	0	0	1	1	1	0	1	0	0	0
0	1	1	0	1	1	1	0	0	1	1	0	0	0	0	0	0	0
1	0	0	1	1	1	0	0	1	0	1	0	1	0	0	0	0	0
1	0	0	1	0	1	0	1	1	1	0	0	1	1	0	1	0	0
0	0	0	0	0	0	0	1	0	0	0	0	0	0	0	0	1	0
0	0	1	0	1	1	1	1	0	1	1	0	0	0	0	0	0	0
0	0	0	0	0	0	1	0	0	0	1	0	0	0	0	0	0	0
0	0	1	0	0	0	0	1	0	0	0	0	0	0	0	0	0	0
0	0	0	0	0	0	0	0	0	0	1	0	0	0	0	0	0	0
0	0	0	0	0	0	0	0	0	0	0	1	0	0	0	0	0	0
1	0	0	0	1	0	0	0	0	0	0	0	0	0	0	0	0	0
DIFF_EDGE
0 0
CHROM_NUMBER
8
EOF
