TYPE : graph_{count}
DIMENSION: 16
EDGE_DATA_FORMAT: EDGE_LIST
EDGE_WEIGHT_TYPE: EXPLICIT
EDGE_WEIGHT_FORMAT: FULL_MATRIX
EDGE_DATA_SECTION
0 1
0 3
0 4
0 9
0 11
0 15
1 5
1 7
1 10
1 14
2 5
2 6
2 7
2 8
2 9
2 10
2 14
3 8
3 10
3 12
3 14
4 8
4 9
4 12
5 6
5 8
5 10
5 12
5 14
6 9
6 10
7 8
7 12
7 14
8 9
8 14
9 12
9 13
9 14
10 11
10 12
10 14
11 12
11 14
12 14
-1
EDGE_WEIGHT_SECTION
0	1	0	1	1	0	0	0	0	1	0	1	0	0	0	1
1	0	0	0	0	1	0	1	0	0	1	0	0	0	1	0
0	0	0	0	0	1	1	1	1	1	1	0	0	0	1	0
1	0	0	0	0	0	0	0	1	0	1	0	1	0	1	0
1	0	0	0	0	0	0	0	1	1	0	0	1	0	0	0
0	1	1	0	0	0	1	0	1	0	1	0	1	0	1	0
0	0	1	0	0	1	0	0	0	1	1	0	0	0	0	0
0	1	1	0	0	0	0	0	1	0	0	0	1	0	1	0
0	0	1	1	1	1	0	1	0	1	0	0	0	0	1	0
1	0	1	0	1	0	1	0	1	0	0	0	1	1	1	0
0	1	1	1	0	1	1	0	0	0	0	1	1	0	1	0
1	0	0	0	0	0	0	0	0	0	1	0	1	0	1	0
0	0	0	1	1	1	0	1	0	1	1	1	0	0	1	0
0	0	0	0	0	0	0	0	0	1	0	0	0	0	0	0
0	1	1	1	0	1	0	1	1	1	1	1	1	0	0	0
1	0	0	0	0	0	0	0	0	0	0	0	0	0	0	0
DIFF_EDGE
0 0
CHROM_NUMBER
8
EOF
