TYPE : graph_{count}
DIMENSION: 21
EDGE_DATA_FORMAT: EDGE_LIST
EDGE_WEIGHT_TYPE: EXPLICIT
EDGE_WEIGHT_FORMAT: FULL_MATRIX
EDGE_DATA_SECTION
0 3
0 4
0 9
0 12
0 14
0 20
1 3
1 4
1 5
1 8
1 12
1 14
1 15
1 20
2 8
2 9
2 20
3 5
3 9
3 10
3 15
3 19
4 6
4 7
4 9
4 12
4 14
5 6
5 7
5 10
5 12
5 13
5 20
6 8
6 10
6 15
6 20
7 15
7 20
8 11
8 14
8 15
8 20
9 10
10 11
10 12
10 20
11 15
12 15
12 18
13 14
13 15
13 20
14 15
14 18
14 20
15 16
15 17
16 20
17 20
18 20
-1
EDGE_WEIGHT_SECTION
0	0	0	1	1	0	0	0	0	1	0	0	1	0	1	0	0	0	0	0	1
0	0	0	1	1	1	0	0	1	0	0	0	1	0	1	1	0	0	0	0	1
0	0	0	0	0	0	0	0	1	1	0	0	0	0	0	0	0	0	0	0	1
1	1	0	0	0	1	0	0	0	1	1	0	0	0	0	1	0	0	0	1	0
1	1	0	0	0	0	1	1	0	1	0	0	1	0	1	0	0	0	0	0	0
0	1	0	1	0	0	1	1	0	0	1	0	1	1	0	0	0	0	0	0	1
0	0	0	0	1	1	0	0	1	0	1	0	0	0	0	1	0	0	0	0	1
0	0	0	0	1	1	0	0	0	0	0	0	0	0	0	1	0	0	0	0	1
0	1	1	0	0	0	1	0	0	0	0	1	0	0	1	1	0	0	0	0	1
1	0	1	1	1	0	0	0	0	0	1	0	0	0	0	0	0	0	0	0	0
0	0	0	1	0	1	1	0	0	1	0	1	1	0	0	0	0	0	0	0	1
0	0	0	0	0	0	0	0	1	0	1	0	0	0	0	1	0	0	0	0	0
1	1	0	0	1	1	0	0	0	0	1	0	1	0	0	1	0	0	1	0	0
0	0	0	0	0	1	0	0	0	0	0	0	0	0	1	1	0	0	0	0	1
1	1	0	0	1	0	0	0	1	0	0	0	0	1	0	1	0	0	1	0	1
0	1	0	1	0	0	1	1	1	0	0	1	1	1	1	1	1	1	0	0	0
0	0	0	0	0	0	0	0	0	0	0	0	0	0	0	1	0	0	0	0	1
0	0	0	0	0	0	0	0	0	0	0	0	0	0	0	1	0	0	0	0	1
0	0	0	0	0	0	0	0	0	0	0	0	1	0	1	0	0	0	0	0	1
0	0	0	1	0	0	0	0	0	0	0	0	0	0	0	0	0	0	0	0	0
1	1	1	0	0	1	1	1	1	0	1	0	0	1	1	0	1	1	1	0	1
DIFF_EDGE
0 0
CHROM_NUMBER
9
EOF
