TYPE : graph_{count}
DIMENSION: 16
EDGE_DATA_FORMAT: EDGE_LIST
EDGE_WEIGHT_TYPE: EXPLICIT
EDGE_WEIGHT_FORMAT: FULL_MATRIX
EDGE_DATA_SECTION
0 1
0 2
0 4
0 5
0 7
0 10
0 11
0 14
0 15
1 6
1 7
1 8
1 9
1 10
1 11
1 13
1 14
2 6
2 7
2 8
2 9
2 10
2 11
2 13
2 14
2 15
3 4
3 9
3 14
4 5
4 7
4 9
4 10
4 11
5 8
5 10
5 11
5 15
6 8
6 15
7 14
7 15
8 9
8 14
8 15
9 10
10 11
10 14
10 15
11 12
11 15
12 14
13 14
13 15
14 15
-1
EDGE_WEIGHT_SECTION
0	1	1	0	1	1	0	1	0	0	1	1	0	0	1	1
1	0	0	0	0	0	1	1	1	1	1	1	0	1	1	0
1	0	0	0	0	0	1	1	1	1	1	1	0	1	1	1
0	0	0	0	1	0	0	0	0	1	0	0	0	0	1	0
1	0	0	1	0	1	0	1	0	1	1	1	0	0	0	0
1	0	0	0	1	0	0	0	1	0	1	1	0	0	0	1
0	1	1	0	0	0	0	0	1	0	0	0	0	0	0	1
1	1	1	0	1	0	0	0	0	0	0	0	0	0	1	1
0	1	1	0	0	1	1	0	0	1	0	0	0	0	1	1
0	1	1	1	1	0	0	0	1	0	1	0	0	0	0	0
1	1	1	0	1	1	0	0	0	1	0	1	0	0	1	1
1	1	1	0	1	1	0	0	0	0	1	0	1	0	0	1
0	0	0	0	0	0	0	0	0	0	0	1	0	0	1	0
0	1	1	0	0	0	0	0	0	0	0	0	0	0	1	1
1	1	1	1	0	0	0	1	1	0	1	0	1	1	0	1
1	0	1	0	0	1	1	1	1	0	1	1	0	1	1	0
DIFF_EDGE
0 0
CHROM_NUMBER
9
EOF
