TYPE : graph_{count}
DIMENSION: 21
EDGE_DATA_FORMAT: EDGE_LIST
EDGE_WEIGHT_TYPE: EXPLICIT
EDGE_WEIGHT_FORMAT: FULL_MATRIX
EDGE_DATA_SECTION
0 2
0 5
0 7
0 8
0 9
0 14
1 2
1 3
1 7
1 10
1 11
1 17
2 5
2 9
2 20
3 4
3 6
3 7
3 8
3 10
3 11
3 12
3 14
4 6
4 8
4 9
4 10
4 11
4 13
4 14
4 17
5 6
5 7
5 8
6 8
6 9
6 10
6 11
6 14
6 17
6 20
7 8
7 17
8 9
8 10
8 11
8 14
8 17
9 11
9 14
9 17
10 11
10 14
10 15
10 19
11 14
11 17
12 14
12 17
14 17
14 18
15 16
17 19
-1
EDGE_WEIGHT_SECTION
0	0	1	0	0	1	0	1	1	1	0	0	0	0	1	0	0	0	0	0	0
0	0	1	1	0	0	0	1	0	0	1	1	0	0	0	0	0	1	0	0	0
1	1	0	0	0	1	0	0	0	1	0	0	0	0	0	0	0	0	0	0	1
0	1	0	0	1	0	1	1	1	0	1	1	1	0	1	0	0	0	0	0	0
0	0	0	1	0	0	1	0	1	1	1	1	0	1	1	0	0	1	0	0	0
1	0	1	0	0	0	1	1	1	0	0	0	0	0	0	0	0	0	0	0	0
0	0	0	1	1	1	0	0	1	1	1	1	0	0	1	0	0	1	0	0	1
1	1	0	1	0	1	0	0	1	0	0	0	0	0	0	0	0	1	0	0	0
1	0	0	1	1	1	1	1	0	1	1	1	0	0	1	0	0	1	0	0	0
1	0	1	0	1	0	1	0	1	0	0	1	0	0	1	0	0	1	0	0	0
0	1	0	1	1	0	1	0	1	0	0	1	0	0	1	1	0	0	0	1	0
0	1	0	1	1	0	1	0	1	1	1	1	0	0	1	0	0	1	0	0	0
0	0	0	1	0	0	0	0	0	0	0	0	0	0	1	0	0	1	0	0	0
0	0	0	0	1	0	0	0	0	0	0	0	0	0	0	0	0	0	0	0	0
1	0	0	1	1	0	1	0	1	1	1	1	1	0	0	0	0	1	1	0	0
0	0	0	0	0	0	0	0	0	0	1	0	0	0	0	0	1	0	0	0	0
0	0	0	0	0	0	0	0	0	0	0	0	0	0	0	1	0	0	0	0	0
0	1	0	0	1	0	1	1	1	1	0	1	1	0	1	0	0	0	0	1	0
0	0	0	0	0	0	0	0	0	0	0	0	0	0	1	0	0	0	0	0	0
0	0	0	0	0	0	0	0	0	0	1	0	0	0	0	0	0	1	0	0	0
0	0	1	0	0	0	1	0	0	0	0	0	0	0	0	0	0	0	0	0	0
DIFF_EDGE
0 0
CHROM_NUMBER
9
EOF
