TYPE : graph_{count}
DIMENSION: 19
EDGE_DATA_FORMAT: EDGE_LIST
EDGE_WEIGHT_TYPE: EXPLICIT
EDGE_WEIGHT_FORMAT: FULL_MATRIX
EDGE_DATA_SECTION
0 2
0 4
0 9
0 15
0 16
0 17
1 6
2 7
2 8
2 9
3 4
3 5
3 6
3 8
3 18
4 6
4 7
4 8
4 10
4 18
5 7
5 10
5 11
5 15
5 18
6 8
6 9
6 12
6 16
6 18
7 8
7 9
7 12
7 18
8 9
8 10
8 11
8 14
8 18
10 18
11 18
12 18
13 17
13 18
14 18
16 18
-1
EDGE_WEIGHT_SECTION
0	0	1	0	1	0	0	0	0	1	0	0	0	0	0	1	1	1	0
0	0	0	0	0	0	1	0	0	0	0	0	0	0	0	0	0	0	0
1	0	0	0	0	0	0	1	1	1	0	0	0	0	0	0	0	0	0
0	0	0	0	1	1	1	0	1	0	0	0	0	0	0	0	0	0	1
1	0	0	1	0	0	1	1	1	0	1	0	0	0	0	0	0	0	1
0	0	0	1	0	0	0	1	0	0	1	1	0	0	0	1	0	0	1
0	1	0	1	1	0	0	0	1	1	0	0	1	0	0	0	1	0	1
0	0	1	0	1	1	0	0	1	1	0	0	1	0	0	0	0	0	1
0	0	1	1	1	0	1	1	0	1	1	1	0	0	1	0	0	0	1
1	0	1	0	0	0	1	1	1	0	0	0	0	0	0	0	0	0	0
0	0	0	0	1	1	0	0	1	0	0	0	0	0	0	0	0	0	1
0	0	0	0	0	1	0	0	1	0	0	0	0	0	0	0	0	0	1
0	0	0	0	0	0	1	1	0	0	0	0	0	0	0	0	0	0	1
0	0	0	0	0	0	0	0	0	0	0	0	0	0	0	0	0	1	1
0	0	0	0	0	0	0	0	1	0	0	0	0	0	0	0	0	0	1
1	0	0	0	0	1	0	0	0	0	0	0	0	0	0	0	0	0	0
1	0	0	0	0	0	1	0	0	0	0	0	0	0	0	0	0	0	1
1	0	0	0	0	0	0	0	0	0	0	0	0	1	0	0	0	0	0
0	0	0	1	1	1	1	1	1	0	1	1	1	1	1	0	1	0	1
DIFF_EDGE
0 0
CHROM_NUMBER
7
EOF
