TYPE : graph_{count}
DIMENSION: 17
EDGE_DATA_FORMAT: EDGE_LIST
EDGE_WEIGHT_TYPE: EXPLICIT
EDGE_WEIGHT_FORMAT: FULL_MATRIX
EDGE_DATA_SECTION
0 1
0 2
0 5
0 6
0 10
0 13
0 16
1 2
1 4
1 5
1 7
1 8
1 13
1 15
2 3
2 5
2 7
2 11
3 9
3 10
3 13
3 16
4 5
5 9
5 10
5 12
5 16
6 7
6 8
6 9
6 10
6 13
7 8
7 16
8 10
8 16
10 13
10 15
11 13
11 16
12 13
13 14
13 16
15 16
-1
EDGE_WEIGHT_SECTION
0	1	1	0	0	1	1	0	0	0	1	0	0	1	0	0	1
1	0	1	0	1	1	0	1	1	0	0	0	0	1	0	1	0
1	1	0	1	0	1	0	1	0	0	0	1	0	0	0	0	0
0	0	1	0	0	0	0	0	0	1	1	0	0	1	0	0	1
0	1	0	0	0	1	0	0	0	0	0	0	0	0	0	0	0
1	1	1	0	1	0	0	0	0	1	1	0	1	0	0	0	1
1	0	0	0	0	0	0	1	1	1	1	0	0	1	0	0	0
0	1	1	0	0	0	1	0	1	0	0	0	0	0	0	0	1
0	1	0	0	0	0	1	1	0	0	1	0	0	0	0	0	1
0	0	0	1	0	1	1	0	0	0	0	0	0	0	0	0	0
1	0	0	1	0	1	1	0	1	0	0	0	0	1	0	1	0
0	0	1	0	0	0	0	0	0	0	0	0	0	1	0	0	1
0	0	0	0	0	1	0	0	0	0	0	0	0	1	0	0	0
1	1	0	1	0	0	1	0	0	0	1	1	1	0	1	0	1
0	0	0	0	0	0	0	0	0	0	0	0	0	1	0	0	0
0	1	0	0	0	0	0	0	0	0	1	0	0	0	0	0	1
1	0	0	1	0	1	0	1	1	0	0	1	0	1	0	1	1
DIFF_EDGE
0 0
CHROM_NUMBER
8
EOF
