TYPE : graph_{count}
DIMENSION: 20
EDGE_DATA_FORMAT: EDGE_LIST
EDGE_WEIGHT_TYPE: EXPLICIT
EDGE_WEIGHT_FORMAT: FULL_MATRIX
EDGE_DATA_SECTION
0 4
0 13
1 2
1 4
1 5
1 8
1 10
1 11
1 15
2 7
2 8
2 11
3 4
3 5
3 8
3 9
3 12
3 14
4 7
4 8
4 11
4 15
4 16
5 7
5 9
5 15
5 19
6 18
7 9
7 10
7 15
8 10
8 11
8 13
8 15
9 16
10 18
11 12
11 15
12 19
13 17
14 15
-1
EDGE_WEIGHT_SECTION
0	0	0	0	1	0	0	0	0	0	0	0	0	1	0	0	0	0	0	0
0	0	1	0	1	1	0	0	1	0	1	1	0	0	0	1	0	0	0	0
0	1	0	0	0	0	0	1	1	0	0	1	0	0	0	0	0	0	0	0
0	0	0	0	1	1	0	0	1	1	0	0	1	0	1	0	0	0	0	0
1	1	0	1	0	0	0	1	1	0	0	1	0	0	0	1	1	0	0	0
0	1	0	1	0	0	0	1	0	1	0	0	0	0	0	1	0	0	0	1
0	0	0	0	0	0	0	0	0	0	0	0	0	0	0	0	0	0	1	0
0	0	1	0	1	1	0	0	0	1	1	0	0	0	0	1	0	0	0	0
0	1	1	1	1	0	0	0	0	0	1	1	0	1	0	1	0	0	0	0
0	0	0	1	0	1	0	1	0	0	0	0	0	0	0	0	1	0	0	0
0	1	0	0	0	0	0	1	1	0	0	0	0	0	0	0	0	0	1	0
0	1	1	0	1	0	0	0	1	0	0	0	1	0	0	1	0	0	0	0
0	0	0	1	0	0	0	0	0	0	0	1	0	0	0	0	0	0	0	1
1	0	0	0	0	0	0	0	1	0	0	0	0	0	0	0	0	1	0	0
0	0	0	1	0	0	0	0	0	0	0	0	0	0	0	1	0	0	0	0
0	1	0	0	1	1	0	1	1	0	0	1	0	0	1	0	0	0	0	0
0	0	0	0	1	0	0	0	0	1	0	0	0	0	0	0	0	0	0	0
0	0	0	0	0	0	0	0	0	0	0	0	0	1	0	0	0	0	0	0
0	0	0	0	0	0	1	0	0	0	1	0	0	0	0	0	0	0	0	0
0	0	0	0	0	1	0	0	0	0	0	0	1	0	0	0	0	0	0	0
DIFF_EDGE
0 0
CHROM_NUMBER
7
EOF
