TYPE : graph_{count}
DIMENSION: 21
EDGE_DATA_FORMAT: EDGE_LIST
EDGE_WEIGHT_TYPE: EXPLICIT
EDGE_WEIGHT_FORMAT: FULL_MATRIX
EDGE_DATA_SECTION
0 1
0 3
0 8
0 10
0 14
0 17
0 19
1 2
1 4
1 7
1 15
1 16
1 19
2 6
2 9
2 14
2 16
2 17
2 19
3 5
3 11
3 14
3 15
3 16
3 17
4 7
4 12
4 16
4 17
4 18
4 19
5 6
5 9
5 17
6 14
6 17
6 20
7 8
7 9
7 14
7 16
7 17
7 19
8 9
8 10
8 11
8 12
8 17
9 10
9 17
9 19
9 20
10 14
10 16
10 17
10 18
11 13
11 16
12 14
12 16
12 17
12 19
13 14
13 16
13 19
14 16
14 17
14 19
15 16
16 17
16 19
17 19
18 19
-1
EDGE_WEIGHT_SECTION
0	1	0	1	0	0	0	0	1	0	1	0	0	0	1	0	0	1	0	1	0
1	0	1	0	1	0	0	1	0	0	0	0	0	0	0	1	1	0	0	1	0
0	1	0	0	0	0	1	0	0	1	0	0	0	0	1	0	1	1	0	1	0
1	0	0	0	0	1	0	0	0	0	0	1	0	0	1	1	1	1	0	0	0
0	1	0	0	0	0	0	1	0	0	0	0	1	0	0	0	1	1	1	1	0
0	0	0	1	0	0	1	0	0	1	0	0	0	0	0	0	0	1	0	0	0
0	0	1	0	0	1	0	0	0	0	0	0	0	0	1	0	0	1	0	0	1
0	1	0	0	1	0	0	0	1	1	0	0	0	0	1	0	1	1	0	1	0
1	0	0	0	0	0	0	1	0	1	1	1	1	0	0	0	0	1	0	0	0
0	0	1	0	0	1	0	1	1	0	1	0	0	0	0	0	0	1	0	1	1
1	0	0	0	0	0	0	0	1	1	0	0	0	0	1	0	1	1	1	0	0
0	0	0	1	0	0	0	0	1	0	0	0	0	1	0	0	1	0	0	0	0
0	0	0	0	1	0	0	0	1	0	0	0	0	0	1	0	1	1	0	1	0
0	0	0	0	0	0	0	0	0	0	0	1	0	0	1	0	1	0	0	1	0
1	0	1	1	0	0	1	1	0	0	1	0	1	1	1	0	1	1	0	1	0
0	1	0	1	0	0	0	0	0	0	0	0	0	0	0	0	1	0	0	0	0
0	1	1	1	1	0	0	1	0	0	1	1	1	1	1	1	0	1	0	1	0
1	0	1	1	1	1	1	1	1	1	1	0	1	0	1	0	1	0	0	1	0
0	0	0	0	1	0	0	0	0	0	1	0	0	0	0	0	0	0	0	1	0
1	1	1	0	1	0	0	1	0	1	0	0	1	1	1	0	1	1	1	0	0
0	0	0	0	0	0	1	0	0	1	0	0	0	0	0	0	0	0	0	0	0
DIFF_EDGE
0 0
CHROM_NUMBER
9
EOF
