TYPE : graph_{count}
DIMENSION: 17
EDGE_DATA_FORMAT: EDGE_LIST
EDGE_WEIGHT_TYPE: EXPLICIT
EDGE_WEIGHT_FORMAT: FULL_MATRIX
EDGE_DATA_SECTION
0 1
0 3
0 4
0 8
0 9
0 10
0 14
0 15
1 4
1 5
1 6
1 11
1 14
1 15
2 6
2 9
2 15
3 9
3 10
3 15
4 6
4 10
4 12
4 14
4 15
5 6
5 7
5 8
5 15
5 16
6 8
6 15
7 8
7 10
7 14
8 10
8 14
8 15
9 10
9 12
10 14
10 15
10 16
11 15
12 13
13 15
14 15
-1
EDGE_WEIGHT_SECTION
0	1	0	1	1	0	0	0	1	1	1	0	0	0	1	1	0
1	0	0	0	1	1	1	0	0	0	0	1	0	0	1	1	0
0	0	0	0	0	0	1	0	0	1	0	0	0	0	0	1	0
1	0	0	0	0	0	0	0	0	1	1	0	0	0	0	1	0
1	1	0	0	0	0	1	0	0	0	1	0	1	0	1	1	0
0	1	0	0	0	0	1	1	1	0	0	0	0	0	0	1	1
0	1	1	0	1	1	0	0	1	0	0	0	0	0	0	1	0
0	0	0	0	0	1	0	0	1	0	1	0	0	0	1	0	0
1	0	0	0	0	1	1	1	0	0	1	0	0	0	1	1	0
1	0	1	1	0	0	0	0	0	0	1	0	1	0	0	0	0
1	0	0	1	1	0	0	1	1	1	0	0	0	0	1	1	1
0	1	0	0	0	0	0	0	0	0	0	0	0	0	0	1	0
0	0	0	0	1	0	0	0	0	1	0	0	0	1	0	0	0
0	0	0	0	0	0	0	0	0	0	0	0	1	0	0	1	0
1	1	0	0	1	0	0	1	1	0	1	0	0	0	0	1	0
1	1	1	1	1	1	1	0	1	0	1	1	0	1	1	1	0
0	0	0	0	0	1	0	0	0	0	1	0	0	0	0	0	0
DIFF_EDGE
0 0
CHROM_NUMBER
7
EOF
