TYPE : graph_{count}
DIMENSION: 19
EDGE_DATA_FORMAT: EDGE_LIST
EDGE_WEIGHT_TYPE: EXPLICIT
EDGE_WEIGHT_FORMAT: FULL_MATRIX
EDGE_DATA_SECTION
0 4
0 6
0 7
0 9
0 10
0 11
0 13
0 15
1 2
1 9
1 10
1 11
1 14
1 15
2 5
2 7
2 10
2 11
2 15
3 5
3 6
3 8
3 11
3 13
4 10
5 6
5 11
6 7
6 10
7 8
7 9
7 10
7 11
7 16
7 17
8 11
8 13
9 10
9 11
9 13
9 15
10 11
10 13
10 15
11 12
11 15
12 13
13 14
13 15
13 17
13 18
15 16
-1
EDGE_WEIGHT_SECTION
0	0	0	0	1	0	1	1	0	1	1	1	0	1	0	1	0	0	0
0	0	1	0	0	0	0	0	0	1	1	1	0	0	1	1	0	0	0
0	1	0	0	0	1	0	1	0	0	1	1	0	0	0	1	0	0	0
0	0	0	0	0	1	1	0	1	0	0	1	0	1	0	0	0	0	0
1	0	0	0	0	0	0	0	0	0	1	0	0	0	0	0	0	0	0
0	0	1	1	0	0	1	0	0	0	0	1	0	0	0	0	0	0	0
1	0	0	1	0	1	0	1	0	0	1	0	0	0	0	0	0	0	0
1	0	1	0	0	0	1	0	1	1	1	1	0	0	0	0	1	1	0
0	0	0	1	0	0	0	1	0	0	0	1	0	1	0	0	0	0	0
1	1	0	0	0	0	0	1	0	0	1	1	0	1	0	1	0	0	0
1	1	1	0	1	0	1	1	0	1	0	1	0	1	0	1	0	0	0
1	1	1	1	0	1	0	1	1	1	1	1	1	0	0	1	0	0	0
0	0	0	0	0	0	0	0	0	0	0	1	0	1	0	0	0	0	0
1	0	0	1	0	0	0	0	1	1	1	0	1	1	1	1	0	1	1
0	1	0	0	0	0	0	0	0	0	0	0	0	1	0	0	0	0	0
1	1	1	0	0	0	0	0	0	1	1	1	0	1	0	0	1	0	0
0	0	0	0	0	0	0	1	0	0	0	0	0	0	0	1	0	0	0
0	0	0	0	0	0	0	1	0	0	0	0	0	1	0	0	0	0	0
0	0	0	0	0	0	0	0	0	0	0	0	0	1	0	0	0	0	0
DIFF_EDGE
0 0
CHROM_NUMBER
8
EOF
