TYPE : graph_{count}
DIMENSION: 16
EDGE_DATA_FORMAT: EDGE_LIST
EDGE_WEIGHT_TYPE: EXPLICIT
EDGE_WEIGHT_FORMAT: FULL_MATRIX
EDGE_DATA_SECTION
0 2
0 3
0 5
0 8
0 11
0 14
1 8
1 10
2 3
2 4
2 7
2 13
2 15
3 8
4 5
4 6
4 7
4 8
4 9
4 10
5 9
5 12
6 9
6 10
6 13
7 8
7 14
-1
EDGE_WEIGHT_SECTION
0	0	1	1	0	1	0	0	1	0	0	1	0	0	1	0
0	0	0	0	0	0	0	0	1	0	1	0	0	0	0	0
1	0	0	1	1	0	0	1	0	0	0	0	0	1	0	1
1	0	1	0	0	0	0	0	1	0	0	0	0	0	0	0
0	0	1	0	0	1	1	1	1	1	1	0	0	0	0	0
1	0	0	0	1	0	0	0	0	1	0	0	1	0	0	0
0	0	0	0	1	0	0	0	0	1	1	0	0	1	0	0
0	0	1	0	1	0	0	0	1	0	0	0	0	0	1	0
1	1	0	1	1	0	0	1	0	0	0	0	0	0	0	0
0	0	0	0	1	1	1	0	0	0	0	0	0	0	0	0
0	1	0	0	1	0	1	0	0	0	0	0	0	0	0	0
1	0	0	0	0	0	0	0	0	0	0	0	0	0	0	0
0	0	0	0	0	1	0	0	0	0	0	0	0	0	0	0
0	0	1	0	0	0	1	0	0	0	0	0	0	0	0	0
1	0	0	0	0	0	0	1	0	0	0	0	0	0	0	0
0	0	1	0	0	0	0	0	0	0	0	0	0	0	0	0
DIFF_EDGE
0 0
CHROM_NUMBER
5
EOF
