TYPE : graph_{count}
DIMENSION: 20
EDGE_DATA_FORMAT: EDGE_LIST
EDGE_WEIGHT_TYPE: EXPLICIT
EDGE_WEIGHT_FORMAT: FULL_MATRIX
EDGE_DATA_SECTION
0 4
0 5
0 6
0 7
0 8
0 9
0 13
0 16
0 19
1 2
1 3
1 5
1 6
1 7
1 9
1 10
1 13
1 16
2 9
2 10
3 5
3 8
3 9
4 6
4 10
5 6
5 7
5 9
5 10
5 12
5 16
6 9
6 13
6 16
7 16
7 18
8 11
8 12
8 13
9 10
9 13
9 16
9 17
10 11
10 13
10 16
12 13
13 15
13 16
13 18
14 17
-1
EDGE_WEIGHT_SECTION
0	0	0	0	1	1	1	1	1	1	0	0	0	1	0	0	1	0	0	1
0	0	1	1	0	1	1	1	0	1	1	0	0	1	0	0	1	0	0	0
0	1	0	0	0	0	0	0	0	1	1	0	0	0	0	0	0	0	0	0
0	1	0	0	0	1	0	0	1	1	0	0	0	0	0	0	0	0	0	0
1	0	0	0	0	0	1	0	0	0	1	0	0	0	0	0	0	0	0	0
1	1	0	1	0	0	1	1	0	1	1	0	1	0	0	0	1	0	0	0
1	1	0	0	1	1	0	0	0	1	0	0	0	1	0	0	1	0	0	0
1	1	0	0	0	1	0	0	0	0	0	0	0	0	0	0	1	0	1	0
1	0	0	1	0	0	0	0	0	0	0	1	1	1	0	0	0	0	0	0
1	1	1	1	0	1	1	0	0	0	1	0	0	1	0	0	1	1	0	0
0	1	1	0	1	1	0	0	0	1	0	1	0	1	0	0	1	0	0	0
0	0	0	0	0	0	0	0	1	0	1	0	0	0	0	0	0	0	0	0
0	0	0	0	0	1	0	0	1	0	0	0	0	1	0	0	0	0	0	0
1	1	0	0	0	0	1	0	1	1	1	0	1	0	0	1	1	0	1	0
0	0	0	0	0	0	0	0	0	0	0	0	0	0	0	0	0	1	0	0
0	0	0	0	0	0	0	0	0	0	0	0	0	1	0	0	0	0	0	0
1	1	0	0	0	1	1	1	0	1	1	0	0	1	0	0	1	0	0	0
0	0	0	0	0	0	0	0	0	1	0	0	0	0	1	0	0	0	0	0
0	0	0	0	0	0	0	1	0	0	0	0	0	1	0	0	0	0	0	0
1	0	0	0	0	0	0	0	0	0	0	0	0	0	0	0	0	0	0	0
DIFF_EDGE
0 0
CHROM_NUMBER
8
EOF
