TYPE : graph_{count}
DIMENSION: 18
EDGE_DATA_FORMAT: EDGE_LIST
EDGE_WEIGHT_TYPE: EXPLICIT
EDGE_WEIGHT_FORMAT: FULL_MATRIX
EDGE_DATA_SECTION
0 5
0 6
0 8
0 10
0 13
0 14
1 2
1 3
1 5
1 7
1 8
1 10
1 11
1 13
1 14
1 16
2 4
2 6
2 8
2 9
2 10
2 13
2 14
2 15
3 5
3 6
3 7
3 9
3 11
3 12
3 13
3 14
4 5
4 9
4 10
4 11
4 13
4 14
4 17
5 7
5 9
5 10
7 8
7 9
7 11
7 13
7 14
8 11
8 13
9 13
9 14
10 11
10 12
10 13
10 14
11 13
11 14
11 15
13 14
-1
EDGE_WEIGHT_SECTION
0	0	0	0	0	1	1	0	1	0	1	0	0	1	1	0	0	0
0	0	1	1	0	1	0	1	1	0	1	1	0	1	1	0	1	0
0	1	0	0	1	0	1	0	1	1	1	0	0	1	1	1	0	0
0	1	0	0	0	1	1	1	0	1	0	1	1	1	1	0	0	0
0	0	1	0	0	1	0	0	0	1	1	1	0	1	1	0	0	1
1	1	0	1	1	0	0	1	0	1	1	0	0	0	0	0	0	0
1	0	1	1	0	0	0	0	0	0	0	0	0	0	0	0	0	0
0	1	0	1	0	1	0	0	1	1	0	1	0	1	1	0	0	0
1	1	1	0	0	0	0	1	0	0	0	1	0	1	0	0	0	0
0	0	1	1	1	1	0	1	0	0	0	0	0	1	1	0	0	0
1	1	1	0	1	1	0	0	0	0	0	1	1	1	1	0	0	0
0	1	0	1	1	0	0	1	1	0	1	1	0	1	1	1	0	0
0	0	0	1	0	0	0	0	0	0	1	0	0	0	0	0	0	0
1	1	1	1	1	0	0	1	1	1	1	1	0	0	1	0	0	0
1	1	1	1	1	0	0	1	0	1	1	1	0	1	0	0	0	0
0	0	1	0	0	0	0	0	0	0	0	1	0	0	0	0	0	0
0	1	0	0	0	0	0	0	0	0	0	0	0	0	0	0	0	0
0	0	0	0	1	0	0	0	0	0	0	0	0	0	0	0	0	0
DIFF_EDGE
0 0
CHROM_NUMBER
9
EOF
