TYPE : graph_{count}
DIMENSION: 19
EDGE_DATA_FORMAT: EDGE_LIST
EDGE_WEIGHT_TYPE: EXPLICIT
EDGE_WEIGHT_FORMAT: FULL_MATRIX
EDGE_DATA_SECTION
0 6
0 8
0 10
0 14
1 6
1 7
1 8
2 4
2 5
2 6
2 7
3 4
3 9
3 10
3 12
4 5
4 7
4 8
4 9
4 16
5 7
5 8
5 9
5 10
5 12
5 15
6 7
6 8
6 10
6 15
7 8
7 10
7 13
7 14
8 10
8 15
10 15
11 18
12 15
13 15
14 17
16 18
-1
EDGE_WEIGHT_SECTION
0	0	0	0	0	0	1	0	1	0	1	0	0	0	1	0	0	0	0
0	0	0	0	0	0	1	1	1	0	0	0	0	0	0	0	0	0	0
0	0	0	0	1	1	1	1	0	0	0	0	0	0	0	0	0	0	0
0	0	0	0	1	0	0	0	0	1	1	0	1	0	0	0	0	0	0
0	0	1	1	0	1	0	1	1	1	0	0	0	0	0	0	1	0	0
0	0	1	0	1	0	0	1	1	1	1	0	1	0	0	1	0	0	0
1	1	1	0	0	0	0	1	1	0	1	0	0	0	0	1	0	0	0
0	1	1	0	1	1	1	0	1	0	1	0	0	1	1	0	0	0	0
1	1	0	0	1	1	1	1	0	0	1	0	0	0	0	1	0	0	0
0	0	0	1	1	1	0	0	0	0	0	0	0	0	0	0	0	0	0
1	0	0	1	0	1	1	1	1	0	0	0	0	0	0	1	0	0	0
0	0	0	0	0	0	0	0	0	0	0	0	0	0	0	0	0	0	1
0	0	0	1	0	1	0	0	0	0	0	0	0	0	0	1	0	0	0
0	0	0	0	0	0	0	1	0	0	0	0	0	0	0	1	0	0	0
1	0	0	0	0	0	0	1	0	0	0	0	0	0	0	0	0	1	0
0	0	0	0	0	1	1	0	1	0	1	0	1	1	0	0	0	0	0
0	0	0	0	1	0	0	0	0	0	0	0	0	0	0	0	0	0	1
0	0	0	0	0	0	0	0	0	0	0	0	0	0	1	0	0	0	0
0	0	0	0	0	0	0	0	0	0	0	1	0	0	0	0	1	0	0
DIFF_EDGE
0 0
CHROM_NUMBER
7
EOF
