TYPE : graph_{count}
DIMENSION: 21
EDGE_DATA_FORMAT: EDGE_LIST
EDGE_WEIGHT_TYPE: EXPLICIT
EDGE_WEIGHT_FORMAT: FULL_MATRIX
EDGE_DATA_SECTION
0 2
0 5
0 8
0 9
0 13
0 18
1 2
1 3
1 4
1 5
1 6
1 8
1 11
1 13
1 16
1 17
1 18
1 19
1 20
2 3
2 8
2 10
2 11
2 13
2 14
2 17
2 19
3 4
3 6
3 9
3 10
3 11
3 13
3 17
3 18
3 19
3 20
4 6
4 8
4 10
4 11
4 13
4 17
4 18
4 19
4 20
5 7
5 15
5 17
6 9
6 10
6 11
6 13
6 17
6 18
6 19
6 20
7 10
7 11
8 9
8 10
8 11
8 13
8 19
8 20
9 11
9 13
9 15
9 17
9 19
9 20
10 13
10 17
10 18
10 19
11 13
11 17
11 18
11 19
11 20
12 14
12 17
13 17
13 18
13 19
13 20
14 17
14 19
14 20
15 17
15 18
16 19
17 18
17 19
17 20
18 19
18 20
19 20
-1
EDGE_WEIGHT_SECTION
0	0	1	0	0	1	0	0	1	1	0	0	0	1	0	0	0	0	1	0	0
0	0	1	1	1	1	1	0	1	0	0	1	0	1	0	0	1	1	1	1	1
1	1	0	1	0	0	0	0	1	0	1	1	0	1	1	0	0	1	0	1	0
0	1	1	0	1	0	1	0	0	1	1	1	0	1	0	0	0	1	1	1	1
0	1	0	1	0	0	1	0	1	0	1	1	0	1	0	0	0	1	1	1	1
1	1	0	0	0	0	0	1	0	0	0	0	0	0	0	1	0	1	0	0	0
0	1	0	1	1	0	0	0	0	1	1	1	0	1	0	0	0	1	1	1	1
0	0	0	0	0	1	0	0	0	0	1	1	0	0	0	0	0	0	0	0	0
1	1	1	0	1	0	0	0	0	1	1	1	0	1	0	0	0	0	0	1	1
1	0	0	1	0	0	1	0	1	0	0	1	0	1	0	1	0	1	0	1	1
0	0	1	1	1	0	1	1	1	0	0	0	0	1	0	0	0	1	1	1	0
0	1	1	1	1	0	1	1	1	1	0	0	0	1	0	0	0	1	1	1	1
0	0	0	0	0	0	0	0	0	0	0	0	0	0	1	0	0	1	0	0	0
1	1	1	1	1	0	1	0	1	1	1	1	0	1	0	0	0	1	1	1	1
0	0	1	0	0	0	0	0	0	0	0	0	1	0	0	0	0	1	0	1	1
0	0	0	0	0	1	0	0	0	1	0	0	0	0	0	0	0	1	1	0	0
0	1	0	0	0	0	0	0	0	0	0	0	0	0	0	0	0	0	0	1	0
0	1	1	1	1	1	1	0	0	1	1	1	1	1	1	1	0	1	1	1	1
1	1	0	1	1	0	1	0	0	0	1	1	0	1	0	1	0	1	0	1	1
0	1	1	1	1	0	1	0	1	1	1	1	0	1	1	0	1	1	1	0	1
0	1	0	1	1	0	1	0	1	1	0	1	0	1	1	0	0	1	1	1	0
DIFF_EDGE
0 0
CHROM_NUMBER
12
EOF
