TYPE : graph_{count}
DIMENSION: 20
EDGE_DATA_FORMAT: EDGE_LIST
EDGE_WEIGHT_TYPE: EXPLICIT
EDGE_WEIGHT_FORMAT: FULL_MATRIX
EDGE_DATA_SECTION
0 1
0 2
0 3
0 9
0 15
1 7
1 10
1 11
1 14
2 6
2 7
2 8
2 12
2 15
3 4
3 5
3 6
3 10
3 13
3 15
4 6
4 9
4 10
7 8
7 15
7 16
8 9
8 10
8 17
9 11
9 12
9 16
9 19
10 18
11 15
12 15
13 15
13 19
15 18
-1
EDGE_WEIGHT_SECTION
0	1	1	1	0	0	0	0	0	1	0	0	0	0	0	1	0	0	0	0
1	0	0	0	0	0	0	1	0	0	1	1	0	0	1	0	0	0	0	0
1	0	0	0	0	0	1	1	1	0	0	0	1	0	0	1	0	0	0	0
1	0	0	0	1	1	1	0	0	0	1	0	0	1	0	1	0	0	0	0
0	0	0	1	0	0	1	0	0	1	1	0	0	0	0	0	0	0	0	0
0	0	0	1	0	0	0	0	0	0	0	0	0	0	0	0	0	0	0	0
0	0	1	1	1	0	0	0	0	0	0	0	0	0	0	0	0	0	0	0
0	1	1	0	0	0	0	0	1	0	0	0	0	0	0	1	1	0	0	0
0	0	1	0	0	0	0	1	0	1	1	0	0	0	0	0	0	1	0	0
1	0	0	0	1	0	0	0	1	0	0	1	1	0	0	0	1	0	0	1
0	1	0	1	1	0	0	0	1	0	0	0	0	0	0	0	0	0	1	0
0	1	0	0	0	0	0	0	0	1	0	0	0	0	0	1	0	0	0	0
0	0	1	0	0	0	0	0	0	1	0	0	0	0	0	1	0	0	0	0
0	0	0	1	0	0	0	0	0	0	0	0	0	0	0	1	0	0	0	1
0	1	0	0	0	0	0	0	0	0	0	0	0	0	0	0	0	0	0	0
1	0	1	1	0	0	0	1	0	0	0	1	1	1	0	1	0	0	1	0
0	0	0	0	0	0	0	1	0	1	0	0	0	0	0	0	0	0	0	0
0	0	0	0	0	0	0	0	1	0	0	0	0	0	0	0	0	0	0	0
0	0	0	0	0	0	0	0	0	0	1	0	0	0	0	1	0	0	0	0
0	0	0	0	0	0	0	0	0	1	0	0	0	1	0	0	0	0	0	0
DIFF_EDGE
0 0
CHROM_NUMBER
6
EOF
