TYPE : graph_{count}
DIMENSION: 20
EDGE_DATA_FORMAT: EDGE_LIST
EDGE_WEIGHT_TYPE: EXPLICIT
EDGE_WEIGHT_FORMAT: FULL_MATRIX
EDGE_DATA_SECTION
0 5
0 6
0 8
0 10
0 15
1 2
1 3
1 7
1 16
1 19
2 6
2 7
2 8
2 9
2 18
3 5
3 9
3 11
3 14
3 15
3 18
4 8
4 9
4 11
4 18
4 19
5 7
5 8
5 9
5 15
5 17
5 18
5 19
6 7
6 9
6 13
6 14
6 17
7 10
7 15
7 18
7 19
8 10
8 12
8 19
9 10
10 13
10 15
10 16
10 18
10 19
11 18
11 19
12 15
12 18
13 15
13 18
13 19
15 18
15 19
16 18
18 19
-1
EDGE_WEIGHT_SECTION
0	0	0	0	0	1	1	0	1	0	1	0	0	0	0	1	0	0	0	0
0	0	1	1	0	0	0	1	0	0	0	0	0	0	0	0	1	0	0	1
0	1	0	0	0	0	1	1	1	1	0	0	0	0	0	0	0	0	1	0
0	1	0	0	0	1	0	0	0	1	0	1	0	0	1	1	0	0	1	0
0	0	0	0	0	0	0	0	1	1	0	1	0	0	0	0	0	0	1	1
1	0	0	1	0	0	0	1	1	1	0	0	0	0	0	1	0	1	1	1
1	0	1	0	0	0	0	1	0	1	0	0	0	1	1	0	0	1	0	0
0	1	1	0	0	1	1	0	0	0	1	0	0	0	0	1	0	0	1	1
1	0	1	0	1	1	0	0	0	0	1	0	1	0	0	0	0	0	0	1
0	0	1	1	1	1	1	0	0	0	1	0	0	0	0	0	0	0	0	0
1	0	0	0	0	0	0	1	1	1	0	0	0	1	0	1	1	0	1	1
0	0	0	1	1	0	0	0	0	0	0	0	0	0	0	0	0	0	1	1
0	0	0	0	0	0	0	0	1	0	0	0	0	0	0	1	0	0	1	0
0	0	0	0	0	0	1	0	0	0	1	0	0	0	0	1	0	0	1	1
0	0	0	1	0	0	1	0	0	0	0	0	0	0	0	0	0	0	0	0
1	0	0	1	0	1	0	1	0	0	1	0	1	1	0	0	0	0	1	1
0	1	0	0	0	0	0	0	0	0	1	0	0	0	0	0	0	0	1	0
0	0	0	0	0	1	1	0	0	0	0	0	0	0	0	0	0	0	0	0
0	0	1	1	1	1	0	1	0	0	1	1	1	1	0	1	1	0	1	1
0	1	0	0	1	1	0	1	1	0	1	1	0	1	0	1	0	0	1	0
DIFF_EDGE
0 0
CHROM_NUMBER
9
EOF
