TYPE : graph_{count}
DIMENSION: 20
EDGE_DATA_FORMAT: EDGE_LIST
EDGE_WEIGHT_TYPE: EXPLICIT
EDGE_WEIGHT_FORMAT: FULL_MATRIX
EDGE_DATA_SECTION
0 1
0 3
0 4
0 5
0 6
0 15
0 16
1 4
1 5
1 6
1 7
1 14
1 16
1 17
1 18
2 4
2 5
2 6
2 7
2 9
3 5
3 6
3 8
3 9
3 11
3 17
3 18
4 5
4 10
4 17
5 8
5 9
5 16
5 17
6 8
6 9
6 10
6 16
6 17
7 13
8 10
8 13
8 17
9 10
9 16
9 17
10 17
11 12
11 16
11 19
12 16
12 17
13 16
13 17
14 17
15 16
15 17
16 17
-1
EDGE_WEIGHT_SECTION
0	1	0	1	1	1	1	0	0	0	0	0	0	0	0	1	1	0	0	0
1	0	0	0	1	1	1	1	0	0	0	0	0	0	1	0	1	1	1	0
0	0	0	0	1	1	1	1	0	1	0	0	0	0	0	0	0	0	0	0
1	0	0	0	0	1	1	0	1	1	0	1	0	0	0	0	0	1	1	0
1	1	1	0	0	1	0	0	0	0	1	0	0	0	0	0	0	1	0	0
1	1	1	1	1	0	0	0	1	1	0	0	0	0	0	0	1	1	0	0
1	1	1	1	0	0	0	0	1	1	1	0	0	0	0	0	1	1	0	0
0	1	1	0	0	0	0	0	0	0	0	0	0	1	0	0	0	0	0	0
0	0	0	1	0	1	1	0	0	0	1	0	0	1	0	0	0	1	0	0
0	0	1	1	0	1	1	0	0	0	1	0	0	0	0	0	1	1	0	0
0	0	0	0	1	0	1	0	1	1	0	0	0	0	0	0	0	1	0	0
0	0	0	1	0	0	0	0	0	0	0	0	1	0	0	0	1	0	0	1
0	0	0	0	0	0	0	0	0	0	0	1	0	0	0	0	1	1	0	0
0	0	0	0	0	0	0	1	1	0	0	0	0	0	0	0	1	1	0	0
0	1	0	0	0	0	0	0	0	0	0	0	0	0	0	0	0	1	0	0
1	0	0	0	0	0	0	0	0	0	0	0	0	0	0	0	1	1	0	0
1	1	0	0	0	1	1	0	0	1	0	1	1	1	0	1	0	1	0	0
0	1	0	1	1	1	1	0	1	1	1	0	1	1	1	1	1	0	0	0
0	1	0	1	0	0	0	0	0	0	0	0	0	0	0	0	0	0	0	0
0	0	0	0	0	0	0	0	0	0	0	1	0	0	0	0	0	0	0	0
DIFF_EDGE
0 0
CHROM_NUMBER
8
EOF
