TYPE : graph_{count}
DIMENSION: 20
EDGE_DATA_FORMAT: EDGE_LIST
EDGE_WEIGHT_TYPE: EXPLICIT
EDGE_WEIGHT_FORMAT: FULL_MATRIX
EDGE_DATA_SECTION
0 2
0 3
0 5
0 6
0 8
0 10
0 15
0 19
1 2
1 3
1 5
1 6
1 7
1 8
1 9
1 13
1 15
2 3
2 13
2 16
3 5
3 6
3 7
3 9
3 13
3 15
4 6
4 8
4 10
4 15
5 8
5 10
5 13
5 15
6 9
7 8
7 11
7 18
8 10
8 14
8 15
9 10
9 12
9 13
9 14
10 13
10 15
11 17
12 13
13 15
13 17
13 18
13 19
14 15
-1
EDGE_WEIGHT_SECTION
0	0	1	1	0	1	1	0	1	0	1	0	0	0	0	1	0	0	0	1
0	0	1	1	0	1	1	1	1	1	0	0	0	1	0	1	0	0	0	0
1	1	0	1	0	0	0	0	0	0	0	0	0	1	0	0	1	0	0	0
1	1	1	0	0	1	1	1	0	1	0	0	0	1	0	1	0	0	0	0
0	0	0	0	0	0	1	0	1	0	1	0	0	0	0	1	0	0	0	0
1	1	0	1	0	0	0	0	1	0	1	0	0	1	0	1	0	0	0	0
1	1	0	1	1	0	0	0	0	1	0	0	0	0	0	0	0	0	0	0
0	1	0	1	0	0	0	0	1	0	0	1	0	0	0	0	0	0	1	0
1	1	0	0	1	1	0	1	0	0	1	0	0	0	1	1	0	0	0	0
0	1	0	1	0	0	1	0	0	0	1	0	1	1	1	0	0	0	0	0
1	0	0	0	1	1	0	0	1	1	0	0	0	1	0	1	0	0	0	0
0	0	0	0	0	0	0	1	0	0	0	0	0	0	0	0	0	1	0	0
0	0	0	0	0	0	0	0	0	1	0	0	0	1	0	0	0	0	0	0
0	1	1	1	0	1	0	0	0	1	1	0	1	0	0	1	0	1	1	1
0	0	0	0	0	0	0	0	1	1	0	0	0	0	0	1	0	0	0	0
1	1	0	1	1	1	0	0	1	0	1	0	0	1	1	0	0	0	0	0
0	0	1	0	0	0	0	0	0	0	0	0	0	0	0	0	0	0	0	0
0	0	0	0	0	0	0	0	0	0	0	1	0	1	0	0	0	0	0	0
0	0	0	0	0	0	0	1	0	0	0	0	0	1	0	0	0	0	0	0
1	0	0	0	0	0	0	0	0	0	0	0	0	1	0	0	0	0	0	0
DIFF_EDGE
0 0
CHROM_NUMBER
8
EOF
