TYPE : graph_{count}
DIMENSION: 17
EDGE_DATA_FORMAT: EDGE_LIST
EDGE_WEIGHT_TYPE: EXPLICIT
EDGE_WEIGHT_FORMAT: FULL_MATRIX
EDGE_DATA_SECTION
0 4
0 12
1 2
1 3
1 5
1 6
1 9
1 10
1 11
1 12
2 3
2 4
2 8
2 11
2 12
3 5
3 9
3 10
3 12
3 15
4 5
4 6
4 7
4 10
5 7
5 11
5 12
5 13
6 7
6 9
6 11
6 12
6 13
7 8
8 10
9 10
9 11
10 11
10 16
11 12
11 15
12 14
14 16
-1
EDGE_WEIGHT_SECTION
0	0	0	0	1	0	0	0	0	0	0	0	1	0	0	0	0
0	0	1	1	0	1	1	0	0	1	1	1	1	0	0	0	0
0	1	0	1	1	0	0	0	1	0	0	1	1	0	0	0	0
0	1	1	0	0	1	0	0	0	1	1	0	1	0	0	1	0
1	0	1	0	0	1	1	1	0	0	1	0	0	0	0	0	0
0	1	0	1	1	0	0	1	0	0	0	1	1	1	0	0	0
0	1	0	0	1	0	0	1	0	1	0	1	1	1	0	0	0
0	0	0	0	1	1	1	0	1	0	0	0	0	0	0	0	0
0	0	1	0	0	0	0	1	0	0	1	0	0	0	0	0	0
0	1	0	1	0	0	1	0	0	0	1	1	0	0	0	0	0
0	1	0	1	1	0	0	0	1	1	0	1	0	0	0	0	1
0	1	1	0	0	1	1	0	0	1	1	0	1	0	0	1	0
1	1	1	1	0	1	1	0	0	0	0	1	1	0	1	0	0
0	0	0	0	0	1	1	0	0	0	0	0	0	0	0	0	0
0	0	0	0	0	0	0	0	0	0	0	0	1	0	0	0	1
0	0	0	1	0	0	0	0	0	0	0	1	0	0	0	0	0
0	0	0	0	0	0	0	0	0	0	1	0	0	0	1	0	0
DIFF_EDGE
0 0
CHROM_NUMBER
8
EOF
