TYPE : graph_{count}
DIMENSION: 17
EDGE_DATA_FORMAT: EDGE_LIST
EDGE_WEIGHT_TYPE: EXPLICIT
EDGE_WEIGHT_FORMAT: FULL_MATRIX
EDGE_DATA_SECTION
0 1
0 4
0 6
0 11
0 13
0 14
1 2
1 4
1 5
1 6
1 8
1 10
1 11
1 14
2 3
2 5
2 6
2 8
2 9
2 11
2 14
3 6
3 7
3 11
4 5
4 7
4 8
4 9
4 14
5 6
5 7
5 11
5 14
5 15
7 9
7 10
7 11
8 10
8 11
8 13
8 14
8 15
9 11
10 12
10 14
11 12
11 14
14 16
-1
EDGE_WEIGHT_SECTION
0	1	0	0	1	0	1	0	0	0	0	1	0	1	1	0	0
1	0	1	0	1	1	1	0	1	0	1	1	0	0	1	0	0
0	1	0	1	0	1	1	0	1	1	0	1	0	0	1	0	0
0	0	1	0	0	0	1	1	0	0	0	1	0	0	0	0	0
1	1	0	0	0	1	0	1	1	1	0	0	0	0	1	0	0
0	1	1	0	1	0	1	1	0	0	0	1	0	0	1	1	0
1	1	1	1	0	1	0	0	0	0	0	0	0	0	0	0	0
0	0	0	1	1	1	0	0	0	1	1	1	0	0	0	0	0
0	1	1	0	1	0	0	0	0	0	1	1	0	1	1	1	0
0	0	1	0	1	0	0	1	0	0	0	1	0	0	0	0	0
0	1	0	0	0	0	0	1	1	0	0	0	1	0	1	0	0
1	1	1	1	0	1	0	1	1	1	0	1	1	0	1	0	0
0	0	0	0	0	0	0	0	0	0	1	1	0	0	0	0	0
1	0	0	0	0	0	0	0	1	0	0	0	0	0	0	0	0
1	1	1	0	1	1	0	0	1	0	1	1	0	0	0	0	1
0	0	0	0	0	1	0	0	1	0	0	0	0	0	0	0	0
0	0	0	0	0	0	0	0	0	0	0	0	0	0	1	0	0
DIFF_EDGE
0 0
CHROM_NUMBER
9
EOF
