TYPE : graph_{count}
DIMENSION: 19
EDGE_DATA_FORMAT: EDGE_LIST
EDGE_WEIGHT_TYPE: EXPLICIT
EDGE_WEIGHT_FORMAT: FULL_MATRIX
EDGE_DATA_SECTION
0 4
0 5
0 8
0 10
1 2
1 4
1 9
1 10
1 13
2 4
2 5
2 6
2 9
2 10
3 4
3 5
3 6
3 10
4 5
4 6
4 8
4 9
4 11
4 15
5 6
5 7
5 10
5 13
5 17
6 9
6 10
7 10
9 12
10 12
10 14
10 15
11 16
13 18
-1
EDGE_WEIGHT_SECTION
0	0	0	0	1	1	0	0	1	0	1	0	0	0	0	0	0	0	0
0	0	1	0	1	0	0	0	0	1	1	0	0	1	0	0	0	0	0
0	1	0	0	1	1	1	0	0	1	1	0	0	0	0	0	0	0	0
0	0	0	0	1	1	1	0	0	0	1	0	0	0	0	0	0	0	0
1	1	1	1	0	1	1	0	1	1	0	1	0	0	0	1	0	0	0
1	0	1	1	1	0	1	1	0	0	1	0	0	1	0	0	0	1	0
0	0	1	1	1	1	0	0	0	1	1	0	0	0	0	0	0	0	0
0	0	0	0	0	1	0	0	0	0	1	0	0	0	0	0	0	0	0
1	0	0	0	1	0	0	0	0	0	0	0	0	0	0	0	0	0	0
0	1	1	0	1	0	1	0	0	0	0	0	1	0	0	0	0	0	0
1	1	1	1	0	1	1	1	0	0	0	0	1	0	1	1	0	0	0
0	0	0	0	1	0	0	0	0	0	0	0	0	0	0	0	1	0	0
0	0	0	0	0	0	0	0	0	1	1	0	0	0	0	0	0	0	0
0	1	0	0	0	1	0	0	0	0	0	0	0	0	0	0	0	0	1
0	0	0	0	0	0	0	0	0	0	1	0	0	0	0	0	0	0	0
0	0	0	0	1	0	0	0	0	0	1	0	0	0	0	0	0	0	0
0	0	0	0	0	0	0	0	0	0	0	1	0	0	0	0	0	0	0
0	0	0	0	0	1	0	0	0	0	0	0	0	0	0	0	0	0	0
0	0	0	0	0	0	0	0	0	0	0	0	0	1	0	0	0	0	0
DIFF_EDGE
0 0
CHROM_NUMBER
6
EOF
