TYPE : graph_{count}
DIMENSION: 18
EDGE_DATA_FORMAT: EDGE_LIST
EDGE_WEIGHT_TYPE: EXPLICIT
EDGE_WEIGHT_FORMAT: FULL_MATRIX
EDGE_DATA_SECTION
0 1
0 2
0 4
0 7
0 8
0 9
0 10
0 12
0 13
1 6
1 8
1 9
1 10
1 12
1 13
1 16
2 3
2 6
2 9
2 12
2 13
3 4
3 6
3 7
3 8
3 10
3 17
4 5
4 6
4 7
4 10
4 12
4 13
5 10
5 13
6 7
6 12
7 8
7 10
7 12
7 13
8 10
8 11
8 13
9 10
9 11
9 12
9 13
10 12
10 13
10 15
11 12
12 13
12 14
-1
EDGE_WEIGHT_SECTION
0	1	1	0	1	0	0	1	1	1	1	0	1	1	0	0	0	0
1	0	0	0	0	0	1	0	1	1	1	0	1	1	0	0	1	0
1	0	0	1	0	0	1	0	0	1	0	0	1	1	0	0	0	0
0	0	1	0	1	0	1	1	1	0	1	0	0	0	0	0	0	1
1	0	0	1	0	1	1	1	0	0	1	0	1	1	0	0	0	0
0	0	0	0	1	0	0	0	0	0	1	0	0	1	0	0	0	0
0	1	1	1	1	0	0	1	0	0	0	0	1	0	0	0	0	0
1	0	0	1	1	0	1	0	1	0	1	0	1	1	0	0	0	0
1	1	0	1	0	0	0	1	0	0	1	1	0	1	0	0	0	0
1	1	1	0	0	0	0	0	0	0	1	1	1	1	0	0	0	0
1	1	0	1	1	1	0	1	1	1	0	0	1	1	0	1	0	0
0	0	0	0	0	0	0	0	1	1	0	0	1	0	0	0	0	0
1	1	1	0	1	0	1	1	0	1	1	1	0	1	1	0	0	0
1	1	1	0	1	1	0	1	1	1	1	0	1	0	0	0	0	0
0	0	0	0	0	0	0	0	0	0	0	0	1	0	0	0	0	0
0	0	0	0	0	0	0	0	0	0	1	0	0	0	0	0	0	0
0	1	0	0	0	0	0	0	0	0	0	0	0	0	0	0	0	0
0	0	0	1	0	0	0	0	0	0	0	0	0	0	0	0	0	0
DIFF_EDGE
0 0
CHROM_NUMBER
8
EOF
