TYPE : graph_{count}
DIMENSION: 18
EDGE_DATA_FORMAT: EDGE_LIST
EDGE_WEIGHT_TYPE: EXPLICIT
EDGE_WEIGHT_FORMAT: FULL_MATRIX
EDGE_DATA_SECTION
0 1
0 4
0 5
0 7
0 9
1 2
1 3
1 5
1 8
1 9
1 11
1 12
1 13
1 17
2 3
2 4
2 7
2 10
2 11
2 12
2 13
3 5
3 6
3 7
3 8
3 9
3 10
3 11
3 12
3 13
4 5
4 6
4 8
4 11
4 13
5 6
5 8
5 11
5 12
5 13
5 14
6 8
6 9
6 10
6 12
6 13
8 11
8 12
8 13
8 15
9 10
9 11
9 13
11 12
11 13
12 13
12 16
-1
EDGE_WEIGHT_SECTION
0	1	0	0	1	1	0	1	0	1	0	0	0	0	0	0	0	0
1	0	1	1	0	1	0	0	1	1	0	1	1	1	0	0	0	1
0	1	0	1	1	0	0	1	0	0	1	1	1	1	0	0	0	0
0	1	1	0	0	1	1	1	1	1	1	1	1	1	0	0	0	0
1	0	1	0	0	1	1	0	1	0	0	1	0	1	0	0	0	0
1	1	0	1	1	0	1	0	1	0	0	1	1	1	1	0	0	0
0	0	0	1	1	1	0	0	1	1	1	0	1	1	0	0	0	0
1	0	1	1	0	0	0	0	0	0	0	0	0	0	0	0	0	0
0	1	0	1	1	1	1	0	0	0	0	1	1	1	0	1	0	0
1	1	0	1	0	0	1	0	0	0	1	1	0	1	0	0	0	0
0	0	1	1	0	0	1	0	0	1	0	0	0	0	0	0	0	0
0	1	1	1	1	1	0	0	1	1	0	0	1	1	0	0	0	0
0	1	1	1	0	1	1	0	1	0	0	1	0	1	0	0	1	0
0	1	1	1	1	1	1	0	1	1	0	1	1	1	0	0	0	0
0	0	0	0	0	1	0	0	0	0	0	0	0	0	0	0	0	0
0	0	0	0	0	0	0	0	1	0	0	0	0	0	0	0	0	0
0	0	0	0	0	0	0	0	0	0	0	0	1	0	0	0	0	0
0	1	0	0	0	0	0	0	0	0	0	0	0	0	0	0	0	0
DIFF_EDGE
0 0
CHROM_NUMBER
9
EOF
