TYPE : graph_{count}
DIMENSION: 16
EDGE_DATA_FORMAT: EDGE_LIST
EDGE_WEIGHT_TYPE: EXPLICIT
EDGE_WEIGHT_FORMAT: FULL_MATRIX
EDGE_DATA_SECTION
0 6
0 8
0 10
0 13
1 3
1 6
1 9
1 11
1 13
2 3
2 4
2 6
2 9
2 14
2 15
3 5
3 7
3 9
3 10
4 8
4 11
5 6
5 7
5 8
5 9
5 10
5 13
5 15
6 12
6 15
7 9
7 12
7 13
8 10
8 13
9 10
9 13
9 15
10 13
10 15
11 15
12 13
12 15
13 14
13 15
14 15
-1
EDGE_WEIGHT_SECTION
0	0	0	0	0	0	1	0	1	0	1	0	0	1	0	0
0	0	0	1	0	0	1	0	0	1	0	1	0	1	0	0
0	0	0	1	1	0	1	0	0	1	0	0	0	0	1	1
0	1	1	0	0	1	0	1	0	1	1	0	0	0	0	0
0	0	1	0	0	0	0	0	1	0	0	1	0	0	0	0
0	0	0	1	0	0	1	1	1	1	1	0	0	1	0	1
1	1	1	0	0	1	0	0	0	0	0	0	1	0	0	1
0	0	0	1	0	1	0	0	0	1	0	0	1	1	0	0
1	0	0	0	1	1	0	0	0	0	1	0	0	1	0	0
0	1	1	1	0	1	0	1	0	0	1	0	0	1	0	1
1	0	0	1	0	1	0	0	1	1	0	0	0	1	0	1
0	1	0	0	1	0	0	0	0	0	0	0	0	0	0	1
0	0	0	0	0	0	1	1	0	0	0	0	0	1	0	1
1	1	0	0	0	1	0	1	1	1	1	0	1	0	1	1
0	0	1	0	0	0	0	0	0	0	0	0	0	1	0	1
0	0	1	0	0	1	1	0	0	1	1	1	1	1	1	1
DIFF_EDGE
0 0
CHROM_NUMBER
8
EOF
