TYPE : graph_{count}
DIMENSION: 17
EDGE_DATA_FORMAT: EDGE_LIST
EDGE_WEIGHT_TYPE: EXPLICIT
EDGE_WEIGHT_FORMAT: FULL_MATRIX
EDGE_DATA_SECTION
0 1
0 2
0 3
0 5
0 7
0 9
0 12
0 14
0 15
1 2
1 5
1 7
1 9
1 14
2 4
2 5
2 7
2 8
2 9
2 12
2 13
2 16
3 4
3 5
3 6
3 7
3 11
3 12
3 13
3 14
3 16
4 6
4 10
4 12
5 6
5 7
5 8
5 9
5 10
5 12
5 14
5 16
6 10
6 12
7 10
7 12
7 14
7 16
8 9
8 10
9 10
9 11
9 12
9 14
9 16
10 12
10 14
10 15
10 16
11 14
12 14
12 16
13 14
14 16
15 16
-1
EDGE_WEIGHT_SECTION
0	1	1	1	0	1	0	1	0	1	0	0	1	0	1	1	0
1	0	1	0	0	1	0	1	0	1	0	0	0	0	1	0	0
1	1	0	0	1	1	0	1	1	1	0	0	1	1	0	0	1
1	0	0	0	1	1	1	1	0	0	0	1	1	1	1	0	1
0	0	1	1	0	0	1	0	0	0	1	0	1	0	0	0	0
1	1	1	1	0	0	1	1	1	1	1	0	1	0	1	0	1
0	0	0	1	1	1	0	0	0	0	1	0	1	0	0	0	0
1	1	1	1	0	1	0	0	0	0	1	0	1	0	1	0	1
0	0	1	0	0	1	0	0	0	1	1	0	0	0	0	0	0
1	1	1	0	0	1	0	0	1	0	1	1	1	0	1	0	1
0	0	0	0	1	1	1	1	1	1	0	0	1	0	1	1	1
0	0	0	1	0	0	0	0	0	1	0	0	0	0	1	0	0
1	0	1	1	1	1	1	1	0	1	1	0	0	0	1	0	1
0	0	1	1	0	0	0	0	0	0	0	0	0	0	1	0	0
1	1	0	1	0	1	0	1	0	1	1	1	1	1	0	0	1
1	0	0	0	0	0	0	0	0	0	1	0	0	0	0	0	1
0	0	1	1	0	1	0	1	0	1	1	0	1	0	1	1	0
DIFF_EDGE
0 0
CHROM_NUMBER
10
EOF
