TYPE : graph_{count}
DIMENSION: 21
EDGE_DATA_FORMAT: EDGE_LIST
EDGE_WEIGHT_TYPE: EXPLICIT
EDGE_WEIGHT_FORMAT: FULL_MATRIX
EDGE_DATA_SECTION
0 1
0 2
0 3
0 4
0 5
0 6
0 7
0 9
0 10
0 15
0 19
0 20
1 4
1 6
1 7
2 3
2 5
2 8
2 10
2 12
2 15
2 18
2 20
3 7
3 15
3 20
4 9
4 15
5 7
5 8
5 10
5 14
5 15
5 19
5 20
6 8
6 9
6 10
6 11
6 14
6 15
6 19
7 20
8 10
8 15
8 20
9 18
9 20
10 15
10 19
10 20
11 15
11 16
12 15
12 19
13 15
13 16
13 19
14 15
15 17
17 19
17 20
18 19
19 20
-1
EDGE_WEIGHT_SECTION
0	1	1	1	1	1	1	1	0	1	1	0	0	0	0	1	0	0	0	1	1
1	0	0	0	1	0	1	1	0	0	0	0	0	0	0	0	0	0	0	0	0
1	0	0	1	0	1	0	0	1	0	1	0	1	0	0	1	0	0	1	0	1
1	0	1	0	0	0	0	1	0	0	0	0	0	0	0	1	0	0	0	0	1
1	1	0	0	0	0	0	0	0	1	0	0	0	0	0	1	0	0	0	0	0
1	0	1	0	0	0	0	1	1	0	1	0	0	0	1	1	0	0	0	1	1
1	1	0	0	0	0	0	0	1	1	1	1	0	0	1	1	0	0	0	1	0
1	1	0	1	0	1	0	0	0	0	0	0	0	0	0	0	0	0	0	0	1
0	0	1	0	0	1	1	0	0	0	1	0	0	0	0	1	0	0	0	0	1
1	0	0	0	1	0	1	0	0	0	0	0	0	0	0	0	0	0	1	0	1
1	0	1	0	0	1	1	0	1	0	0	0	0	0	0	1	0	0	0	1	1
0	0	0	0	0	0	1	0	0	0	0	0	0	0	0	1	1	0	0	0	0
0	0	1	0	0	0	0	0	0	0	0	0	0	0	0	1	0	0	0	1	0
0	0	0	0	0	0	0	0	0	0	0	0	0	0	0	1	1	0	0	1	0
0	0	0	0	0	1	1	0	0	0	0	0	0	0	0	1	0	0	0	0	0
1	0	1	1	1	1	1	0	1	0	1	1	1	1	1	0	0	1	0	0	0
0	0	0	0	0	0	0	0	0	0	0	1	0	1	0	0	0	0	0	0	0
0	0	0	0	0	0	0	0	0	0	0	0	0	0	0	1	0	0	0	1	1
0	0	1	0	0	0	0	0	0	1	0	0	0	0	0	0	0	0	0	1	0
1	0	0	0	0	1	1	0	0	0	1	0	1	1	0	0	0	1	1	0	1
1	0	1	1	0	1	0	1	1	1	1	0	0	0	0	0	0	1	0	1	1
DIFF_EDGE
0 0
CHROM_NUMBER
8
EOF
