TYPE : graph_{count}
DIMENSION: 20
EDGE_DATA_FORMAT: EDGE_LIST
EDGE_WEIGHT_TYPE: EXPLICIT
EDGE_WEIGHT_FORMAT: FULL_MATRIX
EDGE_DATA_SECTION
0 1
0 3
0 5
0 7
0 10
0 12
0 13
0 14
0 15
0 16
1 2
1 3
1 6
1 8
1 10
1 12
1 13
1 14
1 15
1 19
2 3
2 5
2 8
2 12
2 13
2 14
2 15
2 16
3 6
3 9
3 12
3 13
3 14
3 15
4 7
4 9
4 10
4 12
4 13
4 14
5 9
5 13
6 7
6 13
6 14
7 10
7 15
8 9
8 11
9 14
9 18
10 12
11 12
11 14
11 15
12 13
12 14
12 15
13 14
13 15
13 18
14 17
15 17
-1
EDGE_WEIGHT_SECTION
0	1	0	1	0	1	0	1	0	0	1	0	1	1	1	1	1	0	0	0
1	0	1	1	0	0	1	0	1	0	1	0	1	1	1	1	0	0	0	1
0	1	0	1	0	1	0	0	1	0	0	0	1	1	1	1	1	0	0	0
1	1	1	0	0	0	1	0	0	1	0	0	1	1	1	1	0	0	0	0
0	0	0	0	0	0	0	1	0	1	1	0	1	1	1	0	0	0	0	0
1	0	1	0	0	0	0	0	0	1	0	0	0	1	0	0	0	0	0	0
0	1	0	1	0	0	0	1	0	0	0	0	0	1	1	0	0	0	0	0
1	0	0	0	1	0	1	0	0	0	1	0	0	0	0	1	0	0	0	0
0	1	1	0	0	0	0	0	0	1	0	1	0	0	0	0	0	0	0	0
0	0	0	1	1	1	0	0	1	0	0	0	0	0	1	0	0	0	1	0
1	1	0	0	1	0	0	1	0	0	0	0	1	0	0	0	0	0	0	0
0	0	0	0	0	0	0	0	1	0	0	0	1	0	1	1	0	0	0	0
1	1	1	1	1	0	0	0	0	0	1	1	0	1	1	1	0	0	0	0
1	1	1	1	1	1	1	0	0	0	0	0	1	0	1	1	0	0	1	0
1	1	1	1	1	0	1	0	0	1	0	1	1	1	0	0	0	1	0	0
1	1	1	1	0	0	0	1	0	0	0	1	1	1	0	0	0	1	0	0
1	0	1	0	0	0	0	0	0	0	0	0	0	0	0	0	0	0	0	0
0	0	0	0	0	0	0	0	0	0	0	0	0	0	1	1	0	0	0	0
0	0	0	0	0	0	0	0	0	1	0	0	0	1	0	0	0	0	0	0
0	1	0	0	0	0	0	0	0	0	0	0	0	0	0	0	0	0	0	0
DIFF_EDGE
0 0
CHROM_NUMBER
9
EOF
