TYPE : graph_{count}
DIMENSION: 19
EDGE_DATA_FORMAT: EDGE_LIST
EDGE_WEIGHT_TYPE: EXPLICIT
EDGE_WEIGHT_FORMAT: FULL_MATRIX
EDGE_DATA_SECTION
0 4
0 5
0 6
0 9
0 10
0 12
0 13
0 18
1 4
1 5
1 6
1 8
1 10
1 15
2 3
2 4
2 6
2 7
2 9
2 10
2 12
2 14
2 15
2 18
3 4
3 5
3 8
3 12
4 5
4 6
4 7
4 10
4 11
4 12
4 17
5 6
5 8
5 9
5 10
5 12
5 14
5 15
6 8
6 10
6 12
6 15
6 18
7 8
8 9
8 12
8 13
8 15
8 16
8 18
9 10
9 12
10 12
10 15
10 18
11 15
12 15
12 18
13 15
13 18
14 18
15 18
17 18
-1
EDGE_WEIGHT_SECTION
0	0	0	0	1	1	1	0	0	1	1	0	1	1	0	0	0	0	1
0	0	0	0	1	1	1	0	1	0	1	0	0	0	0	1	0	0	0
0	0	0	1	1	0	1	1	0	1	1	0	1	0	1	1	0	0	1
0	0	1	0	1	1	0	0	1	0	0	0	1	0	0	0	0	0	0
1	1	1	1	0	1	1	1	0	0	1	1	1	0	0	0	0	1	0
1	1	0	1	1	0	1	0	1	1	1	0	1	0	1	1	0	0	0
1	1	1	0	1	1	0	0	1	0	1	0	1	0	0	1	0	0	1
0	0	1	0	1	0	0	0	1	0	0	0	0	0	0	0	0	0	0
0	1	0	1	0	1	1	1	0	1	0	0	1	1	0	1	1	0	1
1	0	1	0	0	1	0	0	1	0	1	0	1	0	0	0	0	0	0
1	1	1	0	1	1	1	0	0	1	0	0	1	0	0	1	0	0	1
0	0	0	0	1	0	0	0	0	0	0	0	0	0	0	1	0	0	0
1	0	1	1	1	1	1	0	1	1	1	0	0	0	0	1	0	0	1
1	0	0	0	0	0	0	0	1	0	0	0	0	0	0	1	0	0	1
0	0	1	0	0	1	0	0	0	0	0	0	0	0	0	0	0	0	1
0	1	1	0	0	1	1	0	1	0	1	1	1	1	0	0	0	0	1
0	0	0	0	0	0	0	0	1	0	0	0	0	0	0	0	0	0	0
0	0	0	0	1	0	0	0	0	0	0	0	0	0	0	0	0	0	1
1	0	1	0	0	0	1	0	1	0	1	0	1	1	1	1	0	1	0
DIFF_EDGE
0 0
CHROM_NUMBER
10
EOF
