TYPE : graph_{count}
DIMENSION: 16
EDGE_DATA_FORMAT: EDGE_LIST
EDGE_WEIGHT_TYPE: EXPLICIT
EDGE_WEIGHT_FORMAT: FULL_MATRIX
EDGE_DATA_SECTION
0 3
0 5
0 6
0 7
0 9
0 10
0 11
0 13
0 15
1 4
1 7
1 8
1 11
2 3
2 5
2 6
2 8
2 9
2 11
2 12
2 13
2 15
3 6
3 8
3 9
3 10
3 11
3 13
4 10
5 7
5 9
5 10
5 11
7 10
8 9
8 13
9 10
9 11
9 13
10 13
11 13
11 14
12 13
-1
EDGE_WEIGHT_SECTION
0	0	0	1	0	1	1	1	0	1	1	1	0	1	0	1
0	0	0	0	1	0	0	1	1	0	0	1	0	0	0	0
0	0	0	1	0	1	1	0	1	1	0	1	1	1	0	1
1	0	1	0	0	0	1	0	1	1	1	1	0	1	0	0
0	1	0	0	0	0	0	0	0	0	1	0	0	0	0	0
1	0	1	0	0	0	0	1	0	1	1	1	0	0	0	0
1	0	1	1	0	0	0	0	0	0	0	0	0	0	0	0
1	1	0	0	0	1	0	0	0	0	1	0	0	0	0	0
0	1	1	1	0	0	0	0	0	1	0	0	0	1	0	0
1	0	1	1	0	1	0	0	1	0	1	1	0	1	0	0
1	0	0	1	1	1	0	1	0	1	0	0	0	1	0	0
1	1	1	1	0	1	0	0	0	1	0	0	0	1	1	0
0	0	1	0	0	0	0	0	0	0	0	0	0	1	0	0
1	0	1	1	0	0	0	0	1	1	1	1	1	0	0	0
0	0	0	0	0	0	0	0	0	0	0	1	0	0	0	0
1	0	1	0	0	0	0	0	0	0	0	0	0	0	0	0
DIFF_EDGE
0 0
CHROM_NUMBER
8
EOF
