TYPE : graph_{count}
DIMENSION: 20
EDGE_DATA_FORMAT: EDGE_LIST
EDGE_WEIGHT_TYPE: EXPLICIT
EDGE_WEIGHT_FORMAT: FULL_MATRIX
EDGE_DATA_SECTION
0 9
0 11
0 13
0 19
1 2
1 5
1 6
1 12
1 19
2 3
2 4
2 5
2 6
2 7
2 10
2 16
2 19
3 4
3 5
3 10
4 5
4 7
4 8
4 9
4 11
4 12
4 19
5 6
5 7
5 15
5 17
5 19
6 8
6 13
6 14
6 19
7 10
7 19
8 9
8 10
8 19
9 17
9 19
14 19
16 18
16 19
18 19
-1
EDGE_WEIGHT_SECTION
0	0	0	0	0	0	0	0	0	1	0	1	0	1	0	0	0	0	0	1
0	0	1	0	0	1	1	0	0	0	0	0	1	0	0	0	0	0	0	1
0	1	0	1	1	1	1	1	0	0	1	0	0	0	0	0	1	0	0	1
0	0	1	0	1	1	0	0	0	0	1	0	0	0	0	0	0	0	0	0
0	0	1	1	0	1	0	1	1	1	0	1	1	0	0	0	0	0	0	1
0	1	1	1	1	0	1	1	0	0	0	0	0	0	0	1	0	1	0	1
0	1	1	0	0	1	0	0	1	0	0	0	0	1	1	0	0	0	0	1
0	0	1	0	1	1	0	0	0	0	1	0	0	0	0	0	0	0	0	1
0	0	0	0	1	0	1	0	0	1	1	0	0	0	0	0	0	0	0	1
1	0	0	0	1	0	0	0	1	0	0	0	0	0	0	0	0	1	0	1
0	0	1	1	0	0	0	1	1	0	0	0	0	0	0	0	0	0	0	0
1	0	0	0	1	0	0	0	0	0	0	0	0	0	0	0	0	0	0	0
0	1	0	0	1	0	0	0	0	0	0	0	0	0	0	0	0	0	0	0
1	0	0	0	0	0	1	0	0	0	0	0	0	0	0	0	0	0	0	0
0	0	0	0	0	0	1	0	0	0	0	0	0	0	0	0	0	0	0	1
0	0	0	0	0	1	0	0	0	0	0	0	0	0	0	0	0	0	0	0
0	0	1	0	0	0	0	0	0	0	0	0	0	0	0	0	0	0	1	1
0	0	0	0	0	1	0	0	0	1	0	0	0	0	0	0	0	0	0	0
0	0	0	0	0	0	0	0	0	0	0	0	0	0	0	0	1	0	0	1
1	1	1	0	1	1	1	1	1	1	0	0	0	0	1	0	1	0	1	1
DIFF_EDGE
0 0
CHROM_NUMBER
6
EOF
