TYPE : graph_{count}
DIMENSION: 17
EDGE_DATA_FORMAT: EDGE_LIST
EDGE_WEIGHT_TYPE: EXPLICIT
EDGE_WEIGHT_FORMAT: FULL_MATRIX
EDGE_DATA_SECTION
0 2
0 5
0 8
0 9
0 10
1 2
1 3
1 7
1 9
1 14
2 4
2 6
2 7
2 8
2 9
2 10
2 11
2 16
3 5
3 6
3 8
3 9
4 5
4 6
4 8
4 10
4 12
4 15
5 6
5 9
5 11
5 15
6 8
6 10
6 14
7 8
7 9
8 9
8 10
8 13
10 15
11 15
13 15
14 15
-1
EDGE_WEIGHT_SECTION
0	0	1	0	0	1	0	0	1	1	1	0	0	0	0	0	0
0	0	1	1	0	0	0	1	0	1	0	0	0	0	1	0	0
1	1	0	0	1	0	1	1	1	1	1	1	0	0	0	0	1
0	1	0	0	0	1	1	0	1	1	0	0	0	0	0	0	0
0	0	1	0	0	1	1	0	1	0	1	0	1	0	0	1	0
1	0	0	1	1	0	1	0	0	1	0	1	0	0	0	1	0
0	0	1	1	1	1	0	0	1	0	1	0	0	0	1	0	0
0	1	1	0	0	0	0	0	1	1	0	0	0	0	0	0	0
1	0	1	1	1	0	1	1	0	1	1	0	0	1	0	0	0
1	1	1	1	0	1	0	1	1	0	0	0	0	0	0	0	0
1	0	1	0	1	0	1	0	1	0	0	0	0	0	0	1	0
0	0	1	0	0	1	0	0	0	0	0	0	0	0	0	1	0
0	0	0	0	1	0	0	0	0	0	0	0	0	0	0	0	0
0	0	0	0	0	0	0	0	1	0	0	0	0	0	0	1	0
0	1	0	0	0	0	1	0	0	0	0	0	0	0	0	1	0
0	0	0	0	1	1	0	0	0	0	1	1	0	1	1	0	0
0	0	1	0	0	0	0	0	0	0	0	0	0	0	0	0	0
DIFF_EDGE
0 0
CHROM_NUMBER
7
EOF
