TYPE : graph_{count}
DIMENSION: 20
EDGE_DATA_FORMAT: EDGE_LIST
EDGE_WEIGHT_TYPE: EXPLICIT
EDGE_WEIGHT_FORMAT: FULL_MATRIX
EDGE_DATA_SECTION
0 1
0 3
0 6
0 15
0 18
1 2
1 3
1 7
1 13
1 14
2 5
2 6
2 7
2 9
2 10
2 14
2 16
2 19
3 4
3 5
3 7
3 8
3 14
3 16
4 6
4 9
4 10
4 12
4 14
4 16
5 9
5 12
5 13
5 14
5 16
6 10
6 14
7 8
7 9
7 14
7 16
8 11
8 14
8 18
9 11
9 14
9 15
9 16
11 14
11 17
13 14
13 16
14 16
15 16
-1
EDGE_WEIGHT_SECTION
0	1	0	1	0	0	1	0	0	0	0	0	0	0	0	1	0	0	1	0
1	0	1	1	0	0	0	1	0	0	0	0	0	1	1	0	0	0	0	0
0	1	0	0	0	1	1	1	0	1	1	0	0	0	1	0	1	0	0	1
1	1	0	0	1	1	0	1	1	0	0	0	0	0	1	0	1	0	0	0
0	0	0	1	0	0	1	0	0	1	1	0	1	0	1	0	1	0	0	0
0	0	1	1	0	0	0	0	0	1	0	0	1	1	1	0	1	0	0	0
1	0	1	0	1	0	0	0	0	0	1	0	0	0	1	0	0	0	0	0
0	1	1	1	0	0	0	0	1	1	0	0	0	0	1	0	1	0	0	0
0	0	0	1	0	0	0	1	0	0	0	1	0	0	1	0	0	0	1	0
0	0	1	0	1	1	0	1	0	0	0	1	0	0	1	1	1	0	0	0
0	0	1	0	1	0	1	0	0	0	0	0	0	0	0	0	0	0	0	0
0	0	0	0	0	0	0	0	1	1	0	0	0	0	1	0	0	1	0	0
0	0	0	0	1	1	0	0	0	0	0	0	0	0	0	0	0	0	0	0
0	1	0	0	0	1	0	0	0	0	0	0	0	0	1	0	1	0	0	0
0	1	1	1	1	1	1	1	1	1	0	1	0	1	1	0	1	0	0	0
1	0	0	0	0	0	0	0	0	1	0	0	0	0	0	0	1	0	0	0
0	0	1	1	1	1	0	1	0	1	0	0	0	1	1	1	1	0	0	0
0	0	0	0	0	0	0	0	0	0	0	1	0	0	0	0	0	0	0	0
1	0	0	0	0	0	0	0	1	0	0	0	0	0	0	0	0	0	0	0
0	0	1	0	0	0	0	0	0	0	0	0	0	0	0	0	0	0	0	0
DIFF_EDGE
0 0
CHROM_NUMBER
8
EOF
