TYPE : graph_{count}
DIMENSION: 16
EDGE_DATA_FORMAT: EDGE_LIST
EDGE_WEIGHT_TYPE: EXPLICIT
EDGE_WEIGHT_FORMAT: FULL_MATRIX
EDGE_DATA_SECTION
0 2
0 4
0 5
0 7
0 9
0 10
0 14
1 4
1 5
1 6
1 8
1 9
2 4
2 5
2 6
2 7
2 8
2 9
2 13
2 14
3 4
3 9
4 7
4 9
4 10
4 14
5 7
5 8
5 14
6 7
6 9
6 10
6 14
7 8
7 14
8 9
8 12
8 14
9 10
10 14
10 15
11 12
12 14
-1
EDGE_WEIGHT_SECTION
0	0	1	0	1	1	0	1	0	1	1	0	0	0	1	0
0	0	0	0	1	1	1	0	1	1	0	0	0	0	0	0
1	0	0	0	1	1	1	1	1	1	0	0	0	1	1	0
0	0	0	0	1	0	0	0	0	1	0	0	0	0	0	0
1	1	1	1	0	0	0	1	0	1	1	0	0	0	1	0
1	1	1	0	0	0	0	1	1	0	0	0	0	0	1	0
0	1	1	0	0	0	0	1	0	1	1	0	0	0	1	0
1	0	1	0	1	1	1	0	1	0	0	0	0	0	1	0
0	1	1	0	0	1	0	1	0	1	0	0	1	0	1	0
1	1	1	1	1	0	1	0	1	0	1	0	0	0	0	0
1	0	0	0	1	0	1	0	0	1	0	0	0	0	1	1
0	0	0	0	0	0	0	0	0	0	0	0	1	0	0	0
0	0	0	0	0	0	0	0	1	0	0	1	0	0	1	0
0	0	1	0	0	0	0	0	0	0	0	0	0	0	0	0
1	0	1	0	1	1	1	1	1	0	1	0	1	0	1	0
0	0	0	0	0	0	0	0	0	0	1	0	0	0	0	0
DIFF_EDGE
0 0
CHROM_NUMBER
8
EOF
