TYPE : graph_{count}
DIMENSION: 20
EDGE_DATA_FORMAT: EDGE_LIST
EDGE_WEIGHT_TYPE: EXPLICIT
EDGE_WEIGHT_FORMAT: FULL_MATRIX
EDGE_DATA_SECTION
0 1
0 3
0 5
0 7
0 8
0 9
0 10
0 13
0 15
1 3
1 4
1 5
1 7
1 9
1 10
1 19
2 6
2 12
2 13
2 15
3 7
3 10
4 8
4 10
4 13
4 16
5 6
5 8
5 9
5 13
5 17
6 8
6 9
6 10
6 14
7 10
7 13
8 9
8 11
9 13
9 19
10 11
11 13
11 18
11 19
12 16
13 19
14 19
15 19
16 19
17 19
-1
EDGE_WEIGHT_SECTION
0	1	0	1	0	1	0	1	1	1	1	0	0	1	0	1	0	0	0	0
1	0	0	1	1	1	0	1	0	1	1	0	0	0	0	0	0	0	0	1
0	0	0	0	0	0	1	0	0	0	0	0	1	1	0	1	0	0	0	0
1	1	0	0	0	0	0	1	0	0	1	0	0	0	0	0	0	0	0	0
0	1	0	0	0	0	0	0	1	0	1	0	0	1	0	0	1	0	0	0
1	1	0	0	0	0	1	0	1	1	0	0	0	1	0	0	0	1	0	0
0	0	1	0	0	1	0	0	1	1	1	0	0	0	1	0	0	0	0	0
1	1	0	1	0	0	0	0	0	0	1	0	0	1	0	0	0	0	0	0
1	0	0	0	1	1	1	0	0	1	0	1	0	0	0	0	0	0	0	0
1	1	0	0	0	1	1	0	1	0	0	0	0	1	0	0	0	0	0	1
1	1	0	1	1	0	1	1	0	0	0	1	0	0	0	0	0	0	0	0
0	0	0	0	0	0	0	0	1	0	1	0	0	1	0	0	0	0	1	1
0	0	1	0	0	0	0	0	0	0	0	0	0	0	0	0	1	0	0	0
1	0	1	0	1	1	0	1	0	1	0	1	0	0	0	0	0	0	0	1
0	0	0	0	0	0	1	0	0	0	0	0	0	0	0	0	0	0	0	1
1	0	1	0	0	0	0	0	0	0	0	0	0	0	0	0	0	0	0	1
0	0	0	0	1	0	0	0	0	0	0	0	1	0	0	0	0	0	0	1
0	0	0	0	0	1	0	0	0	0	0	0	0	0	0	0	0	0	0	1
0	0	0	0	0	0	0	0	0	0	0	1	0	0	0	0	0	0	0	0
0	1	0	0	0	0	0	0	0	1	0	1	0	1	1	1	1	1	0	0
DIFF_EDGE
0 0
CHROM_NUMBER
8
EOF
