TYPE : graph_{count}
DIMENSION: 17
EDGE_DATA_FORMAT: EDGE_LIST
EDGE_WEIGHT_TYPE: EXPLICIT
EDGE_WEIGHT_FORMAT: FULL_MATRIX
EDGE_DATA_SECTION
0 3
0 5
0 12
0 15
1 2
1 3
1 5
1 6
1 7
1 9
1 12
1 15
2 3
2 4
2 8
2 9
2 14
2 15
3 7
3 8
3 12
3 15
4 7
4 8
4 9
4 12
5 9
5 12
5 15
6 7
6 12
6 13
6 15
7 9
7 10
7 15
8 9
8 10
8 12
8 13
9 11
10 12
10 15
11 15
12 14
12 15
12 16
13 15
14 15
-1
EDGE_WEIGHT_SECTION
0	0	0	1	0	1	0	0	0	0	0	0	1	0	0	1	0
0	0	1	1	0	1	1	1	0	1	0	0	1	0	0	1	0
0	1	0	1	1	0	0	0	1	1	0	0	0	0	1	1	0
1	1	1	0	0	0	0	1	1	0	0	0	1	0	0	1	0
0	0	1	0	0	0	0	1	1	1	0	0	1	0	0	0	0
1	1	0	0	0	0	0	0	0	1	0	0	1	0	0	1	0
0	1	0	0	0	0	0	1	0	0	0	0	1	1	0	1	0
0	1	0	1	1	0	1	0	0	1	1	0	0	0	0	1	0
0	0	1	1	1	0	0	0	0	1	1	0	1	1	0	0	0
0	1	1	0	1	1	0	1	1	0	0	1	0	0	0	0	0
0	0	0	0	0	0	0	1	1	0	0	0	1	0	0	1	0
0	0	0	0	0	0	0	0	0	1	0	0	0	0	0	1	0
1	1	0	1	1	1	1	0	1	0	1	0	0	0	1	1	1
0	0	0	0	0	0	1	0	1	0	0	0	0	0	0	1	0
0	0	1	0	0	0	0	0	0	0	0	0	1	0	0	1	0
1	1	1	1	0	1	1	1	0	0	1	1	1	1	1	0	0
0	0	0	0	0	0	0	0	0	0	0	0	1	0	0	0	0
DIFF_EDGE
0 0
CHROM_NUMBER
8
EOF
