TYPE : graph_{count}
DIMENSION: 18
EDGE_DATA_FORMAT: EDGE_LIST
EDGE_WEIGHT_TYPE: EXPLICIT
EDGE_WEIGHT_FORMAT: FULL_MATRIX
EDGE_DATA_SECTION
0 1
0 3
0 4
0 8
0 11
0 13
0 15
1 2
1 5
1 7
1 9
1 11
1 12
1 16
2 7
2 12
2 13
2 17
3 5
3 6
3 8
3 9
3 10
3 11
3 12
3 13
3 15
3 16
3 17
4 5
4 6
4 9
5 6
5 7
5 8
5 9
5 10
5 11
5 12
5 13
5 15
5 16
6 12
6 16
7 10
7 11
7 15
8 9
8 11
8 12
8 13
8 15
8 16
9 10
9 11
9 12
9 13
9 15
9 16
11 12
11 13
11 15
11 16
12 13
12 14
12 15
12 16
13 15
13 16
15 16
-1
EDGE_WEIGHT_SECTION
0	1	0	1	1	0	0	0	1	0	0	1	0	1	0	1	0	0
1	0	1	0	0	1	0	1	0	1	0	1	1	0	0	0	1	0
0	1	0	0	0	0	0	1	0	0	0	0	1	1	0	0	0	1
1	0	0	0	0	1	1	0	1	1	1	1	1	1	0	1	1	1
1	0	0	0	0	1	1	0	0	1	0	0	0	0	0	0	0	0
0	1	0	1	1	0	1	1	1	1	1	1	1	1	0	1	1	0
0	0	0	1	1	1	0	0	0	0	0	0	1	0	0	0	1	0
0	1	1	0	0	1	0	0	0	0	1	1	0	0	0	1	0	0
1	0	0	1	0	1	0	0	0	1	0	1	1	1	0	1	1	0
0	1	0	1	1	1	0	0	1	0	1	1	1	1	0	1	1	0
0	0	0	1	0	1	0	1	0	1	0	0	0	0	0	0	0	0
1	1	0	1	0	1	0	1	1	1	0	1	1	1	0	1	1	0
0	1	1	1	0	1	1	0	1	1	0	1	0	1	1	1	1	0
1	0	1	1	0	1	0	0	1	1	0	1	1	0	0	1	1	0
0	0	0	0	0	0	0	0	0	0	0	0	1	0	0	0	0	0
1	0	0	1	0	1	0	1	1	1	0	1	1	1	0	0	1	0
0	1	0	1	0	1	1	0	1	1	0	1	1	1	0	1	0	0
0	0	1	1	0	0	0	0	0	0	0	0	0	0	0	0	0	0
DIFF_EDGE
0 0
CHROM_NUMBER
10
EOF
