TYPE : graph_{count}
DIMENSION: 17
EDGE_DATA_FORMAT: EDGE_LIST
EDGE_WEIGHT_TYPE: EXPLICIT
EDGE_WEIGHT_FORMAT: FULL_MATRIX
EDGE_DATA_SECTION
0 3
1 3
1 4
1 6
1 10
1 11
2 6
2 9
2 12
2 14
3 10
3 12
4 5
4 6
4 12
4 13
5 6
5 7
5 9
5 10
5 11
5 12
5 15
6 7
6 10
6 12
6 15
7 10
7 12
8 9
8 10
8 12
8 14
8 15
9 12
9 13
10 15
10 16
11 12
11 15
12 15
13 15
-1
EDGE_WEIGHT_SECTION
0	0	0	1	0	0	0	0	0	0	0	0	0	0	0	0	0
0	0	0	1	1	0	1	0	0	0	1	1	0	0	0	0	0
0	0	0	0	0	0	1	0	0	1	0	0	1	0	1	0	0
1	1	0	0	0	0	0	0	0	0	1	0	1	0	0	0	0
0	1	0	0	0	1	1	0	0	0	0	0	1	1	0	0	0
0	0	0	0	1	0	1	1	0	1	1	1	1	0	0	1	0
0	1	1	0	1	1	0	1	0	0	1	0	1	0	0	1	0
0	0	0	0	0	1	1	0	0	0	1	0	1	0	0	0	0
0	0	0	0	0	0	0	0	0	1	1	0	1	0	1	1	0
0	0	1	0	0	1	0	0	1	0	0	0	1	1	0	0	0
0	1	0	1	0	1	1	1	1	0	0	0	0	0	0	1	1
0	1	0	0	0	1	0	0	0	0	0	0	1	0	0	1	0
0	0	1	1	1	1	1	1	1	1	0	1	0	0	0	1	0
0	0	0	0	1	0	0	0	0	1	0	0	0	0	0	1	0
0	0	1	0	0	0	0	0	1	0	0	0	0	0	0	0	0
0	0	0	0	0	1	1	0	1	0	1	1	1	1	0	0	0
0	0	0	0	0	0	0	0	0	0	1	0	0	0	0	0	0
DIFF_EDGE
0 0
CHROM_NUMBER
7
EOF
