TYPE : graph_{count}
DIMENSION: 20
EDGE_DATA_FORMAT: EDGE_LIST
EDGE_WEIGHT_TYPE: EXPLICIT
EDGE_WEIGHT_FORMAT: FULL_MATRIX
EDGE_DATA_SECTION
0 2
0 3
0 10
0 12
1 2
1 5
1 7
1 10
2 3
2 5
2 6
2 7
2 11
2 17
3 6
3 8
3 9
3 10
3 16
3 18
3 19
4 8
4 12
4 14
4 17
5 6
5 8
5 9
5 14
5 18
6 7
6 9
6 13
7 8
7 10
7 16
7 18
8 9
8 11
8 16
8 18
9 10
10 18
11 16
12 16
13 15
13 16
14 18
16 18
17 18
-1
EDGE_WEIGHT_SECTION
0	0	1	1	0	0	0	0	0	0	1	0	1	0	0	0	0	0	0	0
0	0	1	0	0	1	0	1	0	0	1	0	0	0	0	0	0	0	0	0
1	1	0	1	0	1	1	1	0	0	0	1	0	0	0	0	0	1	0	0
1	0	1	0	0	0	1	0	1	1	1	0	0	0	0	0	1	0	1	1
0	0	0	0	0	0	0	0	1	0	0	0	1	0	1	0	0	1	0	0
0	1	1	0	0	0	1	0	1	1	0	0	0	0	1	0	0	0	1	0
0	0	1	1	0	1	0	1	0	1	0	0	0	1	0	0	0	0	0	0
0	1	1	0	0	0	1	0	1	0	1	0	0	0	0	0	1	0	1	0
0	0	0	1	1	1	0	1	0	1	0	1	0	0	0	0	1	0	1	0
0	0	0	1	0	1	1	0	1	0	1	0	0	0	0	0	0	0	0	0
1	1	0	1	0	0	0	1	0	1	0	0	0	0	0	0	0	0	1	0
0	0	1	0	0	0	0	0	1	0	0	0	0	0	0	0	1	0	0	0
1	0	0	0	1	0	0	0	0	0	0	0	0	0	0	0	1	0	0	0
0	0	0	0	0	0	1	0	0	0	0	0	0	0	0	1	1	0	0	0
0	0	0	0	1	1	0	0	0	0	0	0	0	0	0	0	0	0	1	0
0	0	0	0	0	0	0	0	0	0	0	0	0	1	0	0	0	0	0	0
0	0	0	1	0	0	0	1	1	0	0	1	1	1	0	0	0	0	1	0
0	0	1	0	1	0	0	0	0	0	0	0	0	0	0	0	0	0	1	0
0	0	0	1	0	1	0	1	1	0	1	0	0	0	1	0	1	1	0	0
0	0	0	1	0	0	0	0	0	0	0	0	0	0	0	0	0	0	0	0
DIFF_EDGE
0 0
CHROM_NUMBER
8
EOF
