TYPE : graph_{count}
DIMENSION: 20
EDGE_DATA_FORMAT: EDGE_LIST
EDGE_WEIGHT_TYPE: EXPLICIT
EDGE_WEIGHT_FORMAT: FULL_MATRIX
EDGE_DATA_SECTION
0 4
0 7
0 10
0 12
0 16
0 19
1 2
2 3
2 4
2 9
2 10
2 19
3 4
3 6
3 17
4 6
4 7
4 10
4 11
4 13
4 19
5 7
5 8
5 12
5 15
6 9
6 14
6 15
6 16
6 18
6 19
7 19
8 13
8 18
8 19
9 10
10 17
10 19
11 19
12 19
15 19
17 19
-1
EDGE_WEIGHT_SECTION
0	0	0	0	1	0	0	1	0	0	1	0	1	0	0	0	1	0	0	1
0	0	1	0	0	0	0	0	0	0	0	0	0	0	0	0	0	0	0	0
0	1	0	1	1	0	0	0	0	1	1	0	0	0	0	0	0	0	0	1
0	0	1	0	1	0	1	0	0	0	0	0	0	0	0	0	0	1	0	0
1	0	1	1	0	0	1	1	0	0	1	1	0	1	0	0	0	0	0	1
0	0	0	0	0	0	0	1	1	0	0	0	1	0	0	1	0	0	0	0
0	0	0	1	1	0	0	0	0	1	0	0	0	0	1	1	1	0	1	1
1	0	0	0	1	1	0	0	0	0	0	0	0	0	0	0	0	0	0	1
0	0	0	0	0	1	0	0	0	0	0	0	0	1	0	0	0	0	1	1
0	0	1	0	0	0	1	0	0	0	1	0	0	0	0	0	0	0	0	0
1	0	1	0	1	0	0	0	0	1	0	0	0	0	0	0	0	1	0	1
0	0	0	0	1	0	0	0	0	0	0	0	0	0	0	0	0	0	0	1
1	0	0	0	0	1	0	0	0	0	0	0	0	0	0	0	0	0	0	1
0	0	0	0	1	0	0	0	1	0	0	0	0	0	0	0	0	0	0	0
0	0	0	0	0	0	1	0	0	0	0	0	0	0	0	0	0	0	0	0
0	0	0	0	0	1	1	0	0	0	0	0	0	0	0	0	0	0	0	1
1	0	0	0	0	0	1	0	0	0	0	0	0	0	0	0	0	0	0	0
0	0	0	1	0	0	0	0	0	0	1	0	0	0	0	0	0	0	0	1
0	0	0	0	0	0	1	0	1	0	0	0	0	0	0	0	0	0	0	0
1	0	1	0	1	0	1	1	1	0	1	1	1	0	0	1	0	1	0	0
DIFF_EDGE
0 0
CHROM_NUMBER
6
EOF
