TYPE : graph_{count}
DIMENSION: 19
EDGE_DATA_FORMAT: EDGE_LIST
EDGE_WEIGHT_TYPE: EXPLICIT
EDGE_WEIGHT_FORMAT: FULL_MATRIX
EDGE_DATA_SECTION
0 1
0 3
0 4
0 6
0 7
0 15
0 18
1 4
1 6
2 7
2 14
2 15
2 18
3 5
3 6
3 7
3 8
3 9
3 10
3 13
3 15
3 18
4 5
4 10
5 6
5 7
5 9
5 13
5 15
5 18
6 8
6 9
6 10
6 13
6 15
7 9
7 10
7 13
7 15
7 18
8 10
8 14
9 12
9 18
10 18
11 12
11 18
12 13
12 15
13 15
13 18
14 16
15 16
15 17
15 18
17 18
-1
EDGE_WEIGHT_SECTION
0	1	0	1	1	0	1	1	0	0	0	0	0	0	0	1	0	0	1
1	0	0	0	1	0	1	0	0	0	0	0	0	0	0	0	0	0	0
0	0	0	0	0	0	0	1	0	0	0	0	0	0	1	1	0	0	1
1	0	0	0	0	1	1	1	1	1	1	0	0	1	0	1	0	0	1
1	1	0	0	0	1	0	0	0	0	1	0	0	0	0	0	0	0	0
0	0	0	1	1	0	1	1	0	1	0	0	0	1	0	1	0	0	1
1	1	0	1	0	1	0	0	1	1	1	0	0	1	0	1	0	0	0
1	0	1	1	0	1	0	0	0	1	1	0	0	1	0	1	0	0	1
0	0	0	1	0	0	1	0	0	0	1	0	0	0	1	0	0	0	0
0	0	0	1	0	1	1	1	0	0	0	0	1	0	0	0	0	0	1
0	0	0	1	1	0	1	1	1	0	0	0	0	0	0	0	0	0	1
0	0	0	0	0	0	0	0	0	0	0	0	1	0	0	0	0	0	1
0	0	0	0	0	0	0	0	0	1	0	1	0	1	0	1	0	0	0
0	0	0	1	0	1	1	1	0	0	0	0	1	0	0	1	0	0	1
0	0	1	0	0	0	0	0	1	0	0	0	0	0	0	0	1	0	0
1	0	1	1	0	1	1	1	0	0	0	0	1	1	0	0	1	1	1
0	0	0	0	0	0	0	0	0	0	0	0	0	0	1	1	0	0	0
0	0	0	0	0	0	0	0	0	0	0	0	0	0	0	1	0	0	1
1	0	1	1	0	1	0	1	0	1	1	1	0	1	0	1	0	1	0
DIFF_EDGE
0 0
CHROM_NUMBER
8
EOF
