TYPE : graph_{count}
DIMENSION: 15
EDGE_DATA_FORMAT: EDGE_LIST
EDGE_WEIGHT_TYPE: EXPLICIT
EDGE_WEIGHT_FORMAT: FULL_MATRIX
EDGE_DATA_SECTION
0 3
0 4
0 6
0 7
0 8
0 14
1 3
1 5
1 7
1 12
2 3
2 4
2 5
2 8
2 9
2 10
2 14
3 4
3 7
3 9
4 5
4 6
4 9
4 10
4 13
4 14
5 6
5 8
5 9
5 10
5 14
6 7
6 8
6 14
7 9
7 13
7 14
8 10
8 11
9 11
9 14
10 14
11 14
12 14
-1
EDGE_WEIGHT_SECTION
0	0	0	1	1	0	1	1	1	0	0	0	0	0	1
0	0	0	1	0	1	0	1	0	0	0	0	1	0	0
0	0	0	1	1	1	0	0	1	1	1	0	0	0	1
1	1	1	0	1	0	0	1	0	1	0	0	0	0	0
1	0	1	1	0	1	1	0	0	1	1	0	0	1	1
0	1	1	0	1	0	1	0	1	1	1	0	0	0	1
1	0	0	0	1	1	0	1	1	0	0	0	0	0	1
1	1	0	1	0	0	1	0	0	1	0	0	0	1	1
1	0	1	0	0	1	1	0	0	0	1	1	0	0	0
0	0	1	1	1	1	0	1	0	0	0	1	0	0	1
0	0	1	0	1	1	0	0	1	0	0	0	0	0	1
0	0	0	0	0	0	0	0	1	1	0	0	0	0	1
0	1	0	0	0	0	0	0	0	0	0	0	0	0	1
0	0	0	0	1	0	0	1	0	0	0	0	0	0	0
1	0	1	0	1	1	1	1	0	1	1	1	1	0	0
DIFF_EDGE
0 0
CHROM_NUMBER
7
EOF
