TYPE : graph_{count}
DIMENSION: 16
EDGE_DATA_FORMAT: EDGE_LIST
EDGE_WEIGHT_TYPE: EXPLICIT
EDGE_WEIGHT_FORMAT: FULL_MATRIX
EDGE_DATA_SECTION
0 2
0 7
0 8
0 9
0 15
1 9
1 10
2 3
2 5
2 9
2 15
3 5
3 7
3 8
3 9
3 13
3 15
4 5
4 12
5 7
5 8
5 9
5 10
5 11
6 8
6 9
7 12
7 15
8 10
8 15
9 15
10 13
11 15
13 14
-1
EDGE_WEIGHT_SECTION
0	0	1	0	0	0	0	1	1	1	0	0	0	0	0	1
0	0	0	0	0	0	0	0	0	1	1	0	0	0	0	0
1	0	0	1	0	1	0	0	0	1	0	0	0	0	0	1
0	0	1	0	0	1	0	1	1	1	0	0	0	1	0	1
0	0	0	0	0	1	0	0	0	0	0	0	1	0	0	0
0	0	1	1	1	0	0	1	1	1	1	1	0	0	0	0
0	0	0	0	0	0	0	0	1	1	0	0	0	0	0	0
1	0	0	1	0	1	0	0	0	0	0	0	1	0	0	1
1	0	0	1	0	1	1	0	0	0	1	0	0	0	0	1
1	1	1	1	0	1	1	0	0	0	0	0	0	0	0	1
0	1	0	0	0	1	0	0	1	0	0	0	0	1	0	0
0	0	0	0	0	1	0	0	0	0	0	0	0	0	0	1
0	0	0	0	1	0	0	1	0	0	0	0	0	0	0	0
0	0	0	1	0	0	0	0	0	0	1	0	0	0	1	0
0	0	0	0	0	0	0	0	0	0	0	0	0	1	0	0
1	0	1	1	0	0	0	1	1	1	0	1	0	0	0	1
DIFF_EDGE
0 0
CHROM_NUMBER
6
EOF
