TYPE : graph_{count}
DIMENSION: 21
EDGE_DATA_FORMAT: EDGE_LIST
EDGE_WEIGHT_TYPE: EXPLICIT
EDGE_WEIGHT_FORMAT: FULL_MATRIX
EDGE_DATA_SECTION
0 3
0 5
0 6
0 8
0 9
1 3
1 4
1 5
1 10
1 14
1 16
2 3
2 9
2 10
2 11
2 19
3 7
3 8
3 12
3 13
3 14
3 18
4 5
4 9
4 10
4 11
4 17
5 6
5 9
5 20
6 7
6 9
7 9
7 10
7 19
8 9
8 17
10 12
10 20
11 16
12 13
12 15
14 15
14 16
16 18
-1
EDGE_WEIGHT_SECTION
0	0	0	1	0	1	1	0	1	1	0	0	0	0	0	0	0	0	0	0	0
0	0	0	1	1	1	0	0	0	0	1	0	0	0	1	0	1	0	0	0	0
0	0	0	1	0	0	0	0	0	1	1	1	0	0	0	0	0	0	0	1	0
1	1	1	0	0	0	0	1	1	0	0	0	1	1	1	0	0	0	1	0	0
0	1	0	0	0	1	0	0	0	1	1	1	0	0	0	0	0	1	0	0	0
1	1	0	0	1	0	1	0	0	1	0	0	0	0	0	0	0	0	0	0	1
1	0	0	0	0	1	0	1	0	1	0	0	0	0	0	0	0	0	0	0	0
0	0	0	1	0	0	1	0	0	1	1	0	0	0	0	0	0	0	0	1	0
1	0	0	1	0	0	0	0	0	1	0	0	0	0	0	0	0	1	0	0	0
1	0	1	0	1	1	1	1	1	0	0	0	0	0	0	0	0	0	0	0	0
0	1	1	0	1	0	0	1	0	0	0	0	1	0	0	0	0	0	0	0	1
0	0	1	0	1	0	0	0	0	0	0	0	0	0	0	0	1	0	0	0	0
0	0	0	1	0	0	0	0	0	0	1	0	0	1	0	1	0	0	0	0	0
0	0	0	1	0	0	0	0	0	0	0	0	1	0	0	0	0	0	0	0	0
0	1	0	1	0	0	0	0	0	0	0	0	0	0	0	1	1	0	0	0	0
0	0	0	0	0	0	0	0	0	0	0	0	1	0	1	0	0	0	0	0	0
0	1	0	0	0	0	0	0	0	0	0	1	0	0	1	0	0	0	1	0	0
0	0	0	0	1	0	0	0	1	0	0	0	0	0	0	0	0	0	0	0	0
0	0	0	1	0	0	0	0	0	0	0	0	0	0	0	0	1	0	0	0	0
0	0	1	0	0	0	0	1	0	0	0	0	0	0	0	0	0	0	0	0	0
0	0	0	0	0	1	0	0	0	0	1	0	0	0	0	0	0	0	0	0	0
DIFF_EDGE
0 0
CHROM_NUMBER
6
EOF
