TYPE : graph_{count}
DIMENSION: 21
EDGE_DATA_FORMAT: EDGE_LIST
EDGE_WEIGHT_TYPE: EXPLICIT
EDGE_WEIGHT_FORMAT: FULL_MATRIX
EDGE_DATA_SECTION
0 1
0 2
0 4
0 7
0 12
0 18
1 2
1 3
1 4
1 6
1 7
1 10
1 12
1 14
2 3
2 5
2 8
2 9
2 12
2 14
3 5
3 7
3 9
3 12
3 14
4 9
4 20
5 8
5 10
5 12
5 16
6 8
6 9
6 14
7 8
7 9
7 10
7 12
7 14
8 9
8 12
8 15
9 11
9 12
9 14
11 12
12 13
13 14
14 15
14 17
14 19
17 20
18 19
-1
EDGE_WEIGHT_SECTION
0	1	1	0	1	0	0	1	0	0	0	0	1	0	0	0	0	0	1	0	0
1	0	1	1	1	0	1	1	0	0	1	0	1	0	1	0	0	0	0	0	0
1	1	0	1	0	1	0	0	1	1	0	0	1	0	1	0	0	0	0	0	0
0	1	1	0	0	1	0	1	0	1	0	0	1	0	1	0	0	0	0	0	0
1	1	0	0	0	0	0	0	0	1	0	0	0	0	0	0	0	0	0	0	1
0	0	1	1	0	0	0	0	1	0	1	0	1	0	0	0	1	0	0	0	0
0	1	0	0	0	0	0	0	1	1	0	0	0	0	1	0	0	0	0	0	0
1	1	0	1	0	0	0	0	1	1	1	0	1	0	1	0	0	0	0	0	0
0	0	1	0	0	1	1	1	0	1	0	0	1	0	0	1	0	0	0	0	0
0	0	1	1	1	0	1	1	1	0	0	1	1	0	1	0	0	0	0	0	0
0	1	0	0	0	1	0	1	0	0	0	0	0	0	0	0	0	0	0	0	0
0	0	0	0	0	0	0	0	0	1	0	0	1	0	0	0	0	0	0	0	0
1	1	1	1	0	1	0	1	1	1	0	1	1	1	0	0	0	0	0	0	0
0	0	0	0	0	0	0	0	0	0	0	0	1	0	1	0	0	0	0	0	0
0	1	1	1	0	0	1	1	0	1	0	0	0	1	0	1	0	1	0	1	0
0	0	0	0	0	0	0	0	1	0	0	0	0	0	1	0	0	0	0	0	0
0	0	0	0	0	1	0	0	0	0	0	0	0	0	0	0	0	0	0	0	0
0	0	0	0	0	0	0	0	0	0	0	0	0	0	1	0	0	0	0	0	1
1	0	0	0	0	0	0	0	0	0	0	0	0	0	0	0	0	0	0	1	0
0	0	0	0	0	0	0	0	0	0	0	0	0	0	1	0	0	0	1	0	0
0	0	0	0	1	0	0	0	0	0	0	0	0	0	0	0	0	1	0	0	0
DIFF_EDGE
0 0
CHROM_NUMBER
8
EOF
