TYPE : graph_{count}
DIMENSION: 20
EDGE_DATA_FORMAT: EDGE_LIST
EDGE_WEIGHT_TYPE: EXPLICIT
EDGE_WEIGHT_FORMAT: FULL_MATRIX
EDGE_DATA_SECTION
0 1
0 2
0 4
0 5
0 9
0 15
0 19
1 2
1 3
1 4
1 5
1 7
1 12
1 13
1 15
1 17
2 3
2 4
2 5
2 6
2 7
2 9
2 12
2 13
2 14
2 17
3 4
3 5
3 6
3 8
3 12
3 13
3 15
3 17
4 5
4 6
4 7
4 10
4 12
4 13
4 15
4 17
5 6
5 8
5 12
5 13
5 15
5 17
6 7
6 8
6 12
6 13
6 15
6 17
7 10
7 11
7 16
8 9
8 12
8 13
9 11
9 15
9 17
10 12
11 15
11 18
12 13
12 15
12 17
13 15
13 17
14 15
14 17
15 17
17 19
-1
EDGE_WEIGHT_SECTION
0	1	1	0	1	1	0	0	0	1	0	0	0	0	0	1	0	0	0	1
1	0	1	1	1	1	0	1	0	0	0	0	1	1	0	1	0	1	0	0
1	1	0	1	1	1	1	1	0	1	0	0	1	1	1	0	0	1	0	0
0	1	1	0	1	1	1	0	1	0	0	0	1	1	0	1	0	1	0	0
1	1	1	1	0	1	1	1	0	0	1	0	1	1	0	1	0	1	0	0
1	1	1	1	1	0	1	0	1	0	0	0	1	1	0	1	0	1	0	0
0	0	1	1	1	1	0	1	1	0	0	0	1	1	0	1	0	1	0	0
0	1	1	0	1	0	1	0	0	0	1	1	0	0	0	0	1	0	0	0
0	0	0	1	0	1	1	0	0	1	0	0	1	1	0	0	0	0	0	0
1	0	1	0	0	0	0	0	1	0	0	1	0	0	0	1	0	1	0	0
0	0	0	0	1	0	0	1	0	0	0	0	1	0	0	0	0	0	0	0
0	0	0	0	0	0	0	1	0	1	0	0	0	0	0	1	0	0	1	0
0	1	1	1	1	1	1	0	1	0	1	0	1	1	0	1	0	1	0	0
0	1	1	1	1	1	1	0	1	0	0	0	1	0	0	1	0	1	0	0
0	0	1	0	0	0	0	0	0	0	0	0	0	0	0	1	0	1	0	0
1	1	0	1	1	1	1	0	0	1	0	1	1	1	1	0	0	1	0	0
0	0	0	0	0	0	0	1	0	0	0	0	0	0	0	0	0	0	0	0
0	1	1	1	1	1	1	0	0	1	0	0	1	1	1	1	0	0	0	1
0	0	0	0	0	0	0	0	0	0	0	1	0	0	0	0	0	0	0	0
1	0	0	0	0	0	0	0	0	0	0	0	0	0	0	0	0	1	0	0
DIFF_EDGE
0 0
CHROM_NUMBER
11
EOF
