TYPE : graph_{count}
DIMENSION: 16
EDGE_DATA_FORMAT: EDGE_LIST
EDGE_WEIGHT_TYPE: EXPLICIT
EDGE_WEIGHT_FORMAT: FULL_MATRIX
EDGE_DATA_SECTION
0 2
0 4
0 8
0 10
0 13
1 3
1 5
1 10
1 13
2 7
2 8
2 10
2 14
2 15
3 6
3 7
3 10
3 12
3 14
3 15
4 5
4 6
4 7
4 8
4 9
4 10
4 14
4 15
5 6
5 10
5 14
6 7
6 8
6 10
6 11
6 15
7 8
7 9
7 10
7 14
7 15
8 12
10 14
10 15
11 14
11 15
12 14
13 15
14 15
-1
EDGE_WEIGHT_SECTION
0	0	1	0	1	0	0	0	1	0	1	0	0	1	0	0
0	0	0	1	0	1	0	0	0	0	1	0	0	1	0	0
1	0	0	0	0	0	0	1	1	0	1	0	0	0	1	1
0	1	0	0	0	0	1	1	0	0	1	0	1	0	1	1
1	0	0	0	0	1	1	1	1	1	1	0	0	0	1	1
0	1	0	0	1	0	1	0	0	0	1	0	0	0	1	0
0	0	0	1	1	1	0	1	1	0	1	1	0	0	0	1
0	0	1	1	1	0	1	0	1	1	1	0	0	0	1	1
1	0	1	0	1	0	1	1	0	0	0	0	1	0	0	0
0	0	0	0	1	0	0	1	0	0	0	0	0	0	0	0
1	1	1	1	1	1	1	1	0	0	0	0	0	0	1	1
0	0	0	0	0	0	1	0	0	0	0	0	0	0	1	1
0	0	0	1	0	0	0	0	1	0	0	0	0	0	1	0
1	1	0	0	0	0	0	0	0	0	0	0	0	0	0	1
0	0	1	1	1	1	0	1	0	0	1	1	1	0	1	1
0	0	1	1	1	0	1	1	0	0	1	1	0	1	1	0
DIFF_EDGE
0 0
CHROM_NUMBER
8
EOF
