TYPE : graph_{count}
DIMENSION: 18
EDGE_DATA_FORMAT: EDGE_LIST
EDGE_WEIGHT_TYPE: EXPLICIT
EDGE_WEIGHT_FORMAT: FULL_MATRIX
EDGE_DATA_SECTION
0 1
0 2
0 8
0 13
1 4
1 5
1 6
1 7
1 12
1 14
2 3
2 4
2 8
2 10
2 11
2 12
3 5
3 6
3 8
3 9
4 9
4 15
4 17
5 7
5 9
5 10
5 12
5 15
5 17
6 10
7 8
7 9
7 10
7 12
7 13
7 15
7 17
9 10
9 11
9 12
10 12
10 14
10 15
10 17
11 15
11 16
12 15
12 17
13 15
13 17
14 15
14 17
15 17
-1
EDGE_WEIGHT_SECTION
0	1	1	0	0	0	0	0	1	0	0	0	0	1	0	0	0	0
1	0	0	0	1	1	1	1	0	0	0	0	1	0	1	0	0	0
1	0	0	1	1	0	0	0	1	0	1	1	1	0	0	0	0	0
0	0	1	0	0	1	1	0	1	1	0	0	0	0	0	0	0	0
0	1	1	0	0	0	0	0	0	1	0	0	0	0	0	1	0	1
0	1	0	1	0	0	0	1	0	1	1	0	1	0	0	1	0	1
0	1	0	1	0	0	0	0	0	0	1	0	0	0	0	0	0	0
0	1	0	0	0	1	0	0	1	1	1	0	1	1	0	1	0	1
1	0	1	1	0	0	0	1	0	0	0	0	0	0	0	0	0	0
0	0	0	1	1	1	0	1	0	0	1	1	1	0	0	0	0	0
0	0	1	0	0	1	1	1	0	1	0	0	1	0	1	1	0	1
0	0	1	0	0	0	0	0	0	1	0	0	0	0	0	1	1	0
0	1	1	0	0	1	0	1	0	1	1	0	0	0	0	1	0	1
1	0	0	0	0	0	0	1	0	0	0	0	0	0	0	1	0	1
0	1	0	0	0	0	0	0	0	0	1	0	0	0	0	1	0	1
0	0	0	0	1	1	0	1	0	0	1	1	1	1	1	0	0	1
0	0	0	0	0	0	0	0	0	0	0	1	0	0	0	0	0	0
0	0	0	0	1	1	0	1	0	0	1	0	1	1	1	1	0	1
DIFF_EDGE
0 0
CHROM_NUMBER
9
EOF
