TYPE : graph_{count}
DIMENSION: 21
EDGE_DATA_FORMAT: EDGE_LIST
EDGE_WEIGHT_TYPE: EXPLICIT
EDGE_WEIGHT_FORMAT: FULL_MATRIX
EDGE_DATA_SECTION
0 2
0 5
0 6
0 8
0 14
0 20
1 2
1 3
1 4
1 5
1 6
1 8
1 9
1 11
1 14
1 20
2 3
2 9
2 10
2 11
2 14
2 20
3 7
3 8
3 9
3 11
3 20
4 8
4 11
4 14
4 17
4 18
4 20
5 7
5 9
5 17
5 20
6 7
6 9
6 10
6 11
6 14
6 19
7 8
7 12
8 9
8 10
8 13
8 14
8 16
9 11
9 12
9 14
9 20
10 18
10 20
11 14
11 15
11 20
12 14
12 20
14 20
15 16
16 20
18 20
-1
EDGE_WEIGHT_SECTION
0	0	1	0	0	1	1	0	1	0	0	0	0	0	1	0	0	0	0	0	1
0	0	1	1	1	1	1	0	1	1	0	1	0	0	1	0	0	0	0	0	1
1	1	0	1	0	0	0	0	0	1	1	1	0	0	1	0	0	0	0	0	1
0	1	1	0	0	0	0	1	1	1	0	1	0	0	0	0	0	0	0	0	1
0	1	0	0	0	0	0	0	1	0	0	1	0	0	1	0	0	1	1	0	1
1	1	0	0	0	0	0	1	0	1	0	0	0	0	0	0	0	1	0	0	1
1	1	0	0	0	0	0	1	0	1	1	1	0	0	1	0	0	0	0	1	0
0	0	0	1	0	1	1	0	1	0	0	0	1	0	0	0	0	0	0	0	0
1	1	0	1	1	0	0	1	0	1	1	0	0	1	1	0	1	0	0	0	0
0	1	1	1	0	1	1	0	1	0	0	1	1	0	1	0	0	0	0	0	1
0	0	1	0	0	0	1	0	1	0	0	0	0	0	0	0	0	0	1	0	1
0	1	1	1	1	0	1	0	0	1	0	0	0	0	1	1	0	0	0	0	1
0	0	0	0	0	0	0	1	0	1	0	0	0	0	1	0	0	0	0	0	1
0	0	0	0	0	0	0	0	1	0	0	0	0	0	0	0	0	0	0	0	0
1	1	1	0	1	0	1	0	1	1	0	1	1	0	0	0	0	0	0	0	1
0	0	0	0	0	0	0	0	0	0	0	1	0	0	0	0	1	0	0	0	0
0	0	0	0	0	0	0	0	1	0	0	0	0	0	0	1	0	0	0	0	1
0	0	0	0	1	1	0	0	0	0	0	0	0	0	0	0	0	0	0	0	0
0	0	0	0	1	0	0	0	0	0	1	0	0	0	0	0	0	0	0	0	1
0	0	0	0	0	0	1	0	0	0	0	0	0	0	0	0	0	0	0	0	0
1	1	1	1	1	1	0	0	0	1	1	1	1	0	1	0	1	0	1	0	1
DIFF_EDGE
0 0
CHROM_NUMBER
10
EOF
