TYPE : graph_{count}
DIMENSION: 20
EDGE_DATA_FORMAT: EDGE_LIST
EDGE_WEIGHT_TYPE: EXPLICIT
EDGE_WEIGHT_FORMAT: FULL_MATRIX
EDGE_DATA_SECTION
0 2
0 3
0 4
0 5
0 7
0 8
0 11
0 12
0 13
0 14
0 15
0 18
1 2
1 6
1 7
1 8
1 11
1 16
2 4
2 6
2 10
2 11
2 12
2 13
2 14
3 4
3 5
3 6
3 7
3 10
3 11
3 12
3 13
4 6
4 9
4 11
4 12
4 13
4 14
4 16
5 7
6 8
6 9
6 10
6 11
6 12
6 13
6 14
6 15
6 16
7 9
7 14
7 16
8 9
8 16
9 11
9 12
9 13
9 14
10 14
11 12
11 13
11 14
11 16
11 17
12 13
12 14
12 16
13 14
13 16
14 16
14 19
15 16
-1
EDGE_WEIGHT_SECTION
0	0	1	1	1	1	0	1	1	0	0	1	1	1	1	1	0	0	1	0
0	0	1	0	0	0	1	1	1	0	0	1	0	0	0	0	1	0	0	0
1	1	0	0	1	0	1	0	0	0	1	1	1	1	1	0	0	0	0	0
1	0	0	0	1	1	1	1	0	0	1	1	1	1	0	0	0	0	0	0
1	0	1	1	0	0	1	0	0	1	0	1	1	1	1	0	1	0	0	0
1	0	0	1	0	0	0	1	0	0	0	0	0	0	0	0	0	0	0	0
0	1	1	1	1	0	0	0	1	1	1	1	1	1	1	1	1	0	0	0
1	1	0	1	0	1	0	0	0	1	0	0	0	0	1	0	1	0	0	0
1	1	0	0	0	0	1	0	0	1	0	0	0	0	0	0	1	0	0	0
0	0	0	0	1	0	1	1	1	0	0	1	1	1	1	0	0	0	0	0
0	0	1	1	0	0	1	0	0	0	0	0	0	0	1	0	0	0	0	0
1	1	1	1	1	0	1	0	0	1	0	0	1	1	1	0	1	1	0	0
1	0	1	1	1	0	1	0	0	1	0	1	0	1	1	0	1	0	0	0
1	0	1	1	1	0	1	0	0	1	0	1	1	0	1	0	1	0	0	0
1	0	1	0	1	0	1	1	0	1	1	1	1	1	0	0	1	0	0	1
1	0	0	0	0	0	1	0	0	0	0	0	0	0	0	0	1	0	0	0
0	1	0	0	1	0	1	1	1	0	0	1	1	1	1	1	0	0	0	0
0	0	0	0	0	0	0	0	0	0	0	1	0	0	0	0	0	0	0	0
1	0	0	0	0	0	0	0	0	0	0	0	0	0	0	0	0	0	0	0
0	0	0	0	0	0	0	0	0	0	0	0	0	0	1	0	0	0	0	0
DIFF_EDGE
0 0
CHROM_NUMBER
11
EOF
