TYPE : graph_{count}
DIMENSION: 19
EDGE_DATA_FORMAT: EDGE_LIST
EDGE_WEIGHT_TYPE: EXPLICIT
EDGE_WEIGHT_FORMAT: FULL_MATRIX
EDGE_DATA_SECTION
0 4
0 6
0 8
0 12
0 14
0 18
1 3
1 5
1 6
1 7
1 9
1 11
1 14
1 15
1 18
2 3
2 4
2 5
2 6
2 7
2 8
2 10
2 14
2 15
2 17
2 18
3 8
3 16
3 17
3 18
4 8
4 9
4 10
4 13
4 17
4 18
5 6
5 8
5 9
5 12
5 17
5 18
6 17
6 18
7 8
7 17
8 9
8 10
8 18
9 10
9 14
9 18
10 18
11 14
11 17
12 14
12 18
13 14
13 16
13 17
14 17
14 18
15 18
16 17
17 18
-1
EDGE_WEIGHT_SECTION
0	0	0	0	1	0	1	0	1	0	0	0	1	0	1	0	0	0	1
0	0	0	1	0	1	1	1	0	1	0	1	0	0	1	1	0	0	1
0	0	0	1	1	1	1	1	1	0	1	0	0	0	1	1	0	1	1
0	1	1	0	0	0	0	0	1	0	0	0	0	0	0	0	1	1	1
1	0	1	0	0	0	0	0	1	1	1	0	0	1	0	0	0	1	1
0	1	1	0	0	0	1	0	1	1	0	0	1	0	0	0	0	1	1
1	1	1	0	0	1	0	0	0	0	0	0	0	0	0	0	0	1	1
0	1	1	0	0	0	0	0	1	0	0	0	0	0	0	0	0	1	0
1	0	1	1	1	1	0	1	0	1	1	0	0	0	0	0	0	0	1
0	1	0	0	1	1	0	0	1	0	1	0	0	0	1	0	0	0	1
0	0	1	0	1	0	0	0	1	1	0	0	0	0	0	0	0	0	1
0	1	0	0	0	0	0	0	0	0	0	0	0	0	1	0	0	1	0
1	0	0	0	0	1	0	0	0	0	0	0	0	0	1	0	0	0	1
0	0	0	0	1	0	0	0	0	0	0	0	0	0	1	0	1	1	0
1	1	1	0	0	0	0	0	0	1	0	1	1	1	0	0	0	1	1
0	1	1	0	0	0	0	0	0	0	0	0	0	0	0	0	0	0	1
0	0	0	1	0	0	0	0	0	0	0	0	0	1	0	0	0	1	0
0	0	1	1	1	1	1	1	0	0	0	1	0	1	1	0	1	0	1
1	1	1	1	1	1	1	0	1	1	1	0	1	0	1	1	0	1	0
DIFF_EDGE
0 0
CHROM_NUMBER
9
EOF
