TYPE : graph_{count}
DIMENSION: 20
EDGE_DATA_FORMAT: EDGE_LIST
EDGE_WEIGHT_TYPE: EXPLICIT
EDGE_WEIGHT_FORMAT: FULL_MATRIX
EDGE_DATA_SECTION
0 4
0 5
0 6
0 8
0 9
0 10
0 13
0 17
1 2
1 3
1 4
1 6
1 8
1 9
1 11
1 13
1 15
1 16
1 17
2 3
2 4
2 6
2 9
2 10
2 12
2 13
2 14
2 15
2 16
3 5
3 9
3 16
3 18
3 19
4 6
4 8
4 9
4 10
4 13
4 15
4 16
4 17
5 7
5 8
5 9
5 10
5 15
5 16
6 9
6 13
6 15
6 16
6 17
7 10
8 9
8 10
8 15
9 10
9 13
9 15
9 16
9 17
10 13
10 16
11 15
11 16
13 15
13 16
13 17
14 17
15 16
15 17
16 17
17 18
-1
EDGE_WEIGHT_SECTION
0	0	0	0	1	1	1	0	1	1	1	0	0	1	0	0	0	1	0	0
0	0	1	1	1	0	1	0	1	1	0	1	0	1	0	1	1	1	0	0
0	1	0	1	1	0	1	0	0	1	1	0	1	1	1	1	1	0	0	0
0	1	1	0	0	1	0	0	0	1	0	0	0	0	0	0	1	0	1	1
1	1	1	0	0	0	1	0	1	1	1	0	0	1	0	1	1	1	0	0
1	0	0	1	0	0	0	1	1	1	1	0	0	0	0	1	1	0	0	0
1	1	1	0	1	0	0	0	0	1	0	0	0	1	0	1	1	1	0	0
0	0	0	0	0	1	0	0	0	0	1	0	0	0	0	0	0	0	0	0
1	1	0	0	1	1	0	0	0	1	1	0	0	0	0	1	0	0	0	0
1	1	1	1	1	1	1	0	1	0	1	0	0	1	0	1	1	1	0	0
1	0	1	0	1	1	0	1	1	1	0	0	0	1	0	0	1	0	0	0
0	1	0	0	0	0	0	0	0	0	0	0	0	0	0	1	1	0	0	0
0	0	1	0	0	0	0	0	0	0	0	0	0	0	0	0	0	0	0	0
1	1	1	0	1	0	1	0	0	1	1	0	0	0	0	1	1	1	0	0
0	0	1	0	0	0	0	0	0	0	0	0	0	0	0	0	0	1	0	0
0	1	1	0	1	1	1	0	1	1	0	1	0	1	0	0	1	1	0	0
0	1	1	1	1	1	1	0	0	1	1	1	0	1	0	1	0	1	0	0
1	1	0	0	1	0	1	0	0	1	0	0	0	1	1	1	1	0	1	0
0	0	0	1	0	0	0	0	0	0	0	0	0	0	0	0	0	1	0	0
0	0	0	1	0	0	0	0	0	0	0	0	0	0	0	0	0	0	0	0
DIFF_EDGE
0 0
CHROM_NUMBER
10
EOF
