TYPE : graph_{count}
DIMENSION: 21
EDGE_DATA_FORMAT: EDGE_LIST
EDGE_WEIGHT_TYPE: EXPLICIT
EDGE_WEIGHT_FORMAT: FULL_MATRIX
EDGE_DATA_SECTION
0 1
0 2
0 3
0 4
0 5
0 8
0 10
0 11
0 15
0 17
0 20
1 3
1 6
1 15
1 16
1 17
2 9
2 10
3 4
3 8
3 9
3 10
4 5
4 7
4 8
5 6
5 16
5 18
6 7
6 8
6 9
6 10
6 15
6 16
6 17
6 20
7 14
7 15
8 9
8 10
8 12
9 10
9 11
9 15
9 16
9 17
10 15
10 16
10 17
11 15
11 16
12 13
12 16
12 17
13 15
14 18
15 16
15 17
16 17
16 19
-1
EDGE_WEIGHT_SECTION
0	1	1	1	1	1	0	0	1	0	1	1	0	0	0	1	0	1	0	0	1
1	0	0	1	0	0	1	0	0	0	0	0	0	0	0	1	1	1	0	0	0
1	0	0	0	0	0	0	0	0	1	1	0	0	0	0	0	0	0	0	0	0
1	1	0	0	1	0	0	0	1	1	1	0	0	0	0	0	0	0	0	0	0
1	0	0	1	0	1	0	1	1	0	0	0	0	0	0	0	0	0	0	0	0
1	0	0	0	1	0	1	0	0	0	0	0	0	0	0	0	1	0	1	0	0
0	1	0	0	0	1	0	1	1	1	1	0	0	0	0	1	1	1	0	0	1
0	0	0	0	1	0	1	0	0	0	0	0	0	0	1	1	0	0	0	0	0
1	0	0	1	1	0	1	0	0	1	1	0	1	0	0	0	0	0	0	0	0
0	0	1	1	0	0	1	0	1	0	1	1	0	0	0	1	1	1	0	0	0
1	0	1	1	0	0	1	0	1	1	0	0	0	0	0	1	1	1	0	0	0
1	0	0	0	0	0	0	0	0	1	0	0	0	0	0	1	1	0	0	0	0
0	0	0	0	0	0	0	0	1	0	0	0	0	1	0	0	1	1	0	0	0
0	0	0	0	0	0	0	0	0	0	0	0	1	0	0	1	0	0	0	0	0
0	0	0	0	0	0	0	1	0	0	0	0	0	0	0	0	0	0	1	0	0
1	1	0	0	0	0	1	1	0	1	1	1	0	1	0	1	1	1	0	0	0
0	1	0	0	0	1	1	0	0	1	1	1	1	0	0	1	0	1	0	1	0
1	1	0	0	0	0	1	0	0	1	1	0	1	0	0	1	1	0	0	0	0
0	0	0	0	0	1	0	0	0	0	0	0	0	0	1	0	0	0	0	0	0
0	0	0	0	0	0	0	0	0	0	0	0	0	0	0	0	1	0	0	0	0
1	0	0	0	0	0	1	0	0	0	0	0	0	0	0	0	0	0	0	0	0
DIFF_EDGE
0 0
CHROM_NUMBER
9
EOF
