TYPE : graph_{count}
DIMENSION: 19
EDGE_DATA_FORMAT: EDGE_LIST
EDGE_WEIGHT_TYPE: EXPLICIT
EDGE_WEIGHT_FORMAT: FULL_MATRIX
EDGE_DATA_SECTION
0 6
0 9
0 13
1 2
1 5
1 6
2 3
2 5
2 6
2 7
2 8
2 10
2 11
3 8
3 10
3 13
3 16
4 5
4 6
4 8
4 10
5 6
5 9
5 10
5 18
6 9
7 12
7 15
8 9
8 10
8 12
8 18
9 15
10 17
11 14
-1
EDGE_WEIGHT_SECTION
0	0	0	0	0	0	1	0	0	1	0	0	0	1	0	0	0	0	0
0	0	1	0	0	1	1	0	0	0	0	0	0	0	0	0	0	0	0
0	1	0	1	0	1	1	1	1	0	1	1	0	0	0	0	0	0	0
0	0	1	0	0	0	0	0	1	0	1	0	0	1	0	0	1	0	0
0	0	0	0	0	1	1	0	1	0	1	0	0	0	0	0	0	0	0
0	1	1	0	1	0	1	0	0	1	1	0	0	0	0	0	0	0	1
1	1	1	0	1	1	0	0	0	1	0	0	0	0	0	0	0	0	0
0	0	1	0	0	0	0	0	0	0	0	0	1	0	0	1	0	0	0
0	0	1	1	1	0	0	0	0	1	1	0	1	0	0	0	0	0	1
1	0	0	0	0	1	1	0	1	0	0	0	0	0	0	1	0	0	0
0	0	1	1	1	1	0	0	1	0	0	0	0	0	0	0	0	1	0
0	0	1	0	0	0	0	0	0	0	0	0	0	0	1	0	0	0	0
0	0	0	0	0	0	0	1	1	0	0	0	0	0	0	0	0	0	0
1	0	0	1	0	0	0	0	0	0	0	0	0	0	0	0	0	0	0
0	0	0	0	0	0	0	0	0	0	0	1	0	0	0	0	0	0	0
0	0	0	0	0	0	0	1	0	1	0	0	0	0	0	0	0	0	0
0	0	0	1	0	0	0	0	0	0	0	0	0	0	0	0	0	0	0
0	0	0	0	0	0	0	0	0	0	1	0	0	0	0	0	0	0	0
0	0	0	0	0	1	0	0	1	0	0	0	0	0	0	0	0	0	0
DIFF_EDGE
0 0
CHROM_NUMBER
6
EOF
