TYPE : graph_{count}
DIMENSION: 21
EDGE_DATA_FORMAT: EDGE_LIST
EDGE_WEIGHT_TYPE: EXPLICIT
EDGE_WEIGHT_FORMAT: FULL_MATRIX
EDGE_DATA_SECTION
0 2
0 3
0 4
0 5
0 7
0 9
0 11
0 14
0 18
1 7
1 14
1 16
1 18
2 5
2 6
2 7
2 8
2 9
2 10
2 16
2 17
2 18
3 7
3 8
4 8
4 9
5 7
5 8
5 9
5 15
5 16
5 17
6 8
6 10
7 8
7 16
7 17
7 18
8 9
8 10
8 13
8 16
8 17
9 10
9 18
9 19
10 16
10 20
11 12
11 16
12 16
12 17
12 18
13 18
14 16
14 18
15 17
15 18
16 17
16 18
16 19
17 18
17 20
-1
EDGE_WEIGHT_SECTION
0	0	1	1	1	1	0	1	0	1	0	1	0	0	1	0	0	0	1	0	0
0	0	0	0	0	0	0	1	0	0	0	0	0	0	1	0	1	0	1	0	0
1	0	0	0	0	1	1	1	1	1	1	0	0	0	0	0	1	1	1	0	0
1	0	0	0	0	0	0	1	1	0	0	0	0	0	0	0	0	0	0	0	0
1	0	0	0	0	0	0	0	1	1	0	0	0	0	0	0	0	0	0	0	0
1	0	1	0	0	0	0	1	1	1	0	0	0	0	0	1	1	1	0	0	0
0	0	1	0	0	0	0	0	1	0	1	0	0	0	0	0	0	0	0	0	0
1	1	1	1	0	1	0	0	1	0	0	0	0	0	0	0	1	1	1	0	0
0	0	1	1	1	1	1	1	0	1	1	0	0	1	0	0	1	1	0	0	0
1	0	1	0	1	1	0	0	1	0	1	0	0	0	0	0	0	0	1	1	0
0	0	1	0	0	0	1	0	1	1	0	0	0	0	0	0	1	0	0	0	1
1	0	0	0	0	0	0	0	0	0	0	0	1	0	0	0	1	0	0	0	0
0	0	0	0	0	0	0	0	0	0	0	1	0	0	0	0	1	1	1	0	0
0	0	0	0	0	0	0	0	1	0	0	0	0	0	0	0	0	0	1	0	0
1	1	0	0	0	0	0	0	0	0	0	0	0	0	0	0	1	0	1	0	0
0	0	0	0	0	1	0	0	0	0	0	0	0	0	0	0	0	1	1	0	0
0	1	1	0	0	1	0	1	1	0	1	1	1	0	1	0	1	1	1	1	0
0	0	1	0	0	1	0	1	1	0	0	0	1	0	0	1	1	0	1	0	1
1	1	1	0	0	0	0	1	0	1	0	0	1	1	1	1	1	1	0	0	0
0	0	0	0	0	0	0	0	0	1	0	0	0	0	0	0	1	0	0	0	0
0	0	0	0	0	0	0	0	0	0	1	0	0	0	0	0	0	1	0	0	0
DIFF_EDGE
0 0
CHROM_NUMBER
8
EOF
