TYPE : graph_{count}
DIMENSION: 18
EDGE_DATA_FORMAT: EDGE_LIST
EDGE_WEIGHT_TYPE: EXPLICIT
EDGE_WEIGHT_FORMAT: FULL_MATRIX
EDGE_DATA_SECTION
0 4
0 5
0 8
0 9
0 10
1 3
1 4
1 6
1 12
1 16
2 6
2 7
2 8
2 12
2 13
2 15
2 16
3 5
3 6
3 9
3 16
4 5
4 11
4 13
4 15
4 16
4 17
5 8
6 8
6 10
6 12
6 13
6 15
6 16
6 17
7 10
7 11
7 15
7 16
7 17
8 10
8 12
8 13
8 14
8 15
9 10
9 16
10 12
10 13
10 15
10 16
10 17
11 17
12 13
12 15
12 16
12 17
13 15
13 16
13 17
14 16
14 17
15 16
15 17
16 17
-1
EDGE_WEIGHT_SECTION
0	0	0	0	1	1	0	0	1	1	1	0	0	0	0	0	0	0
0	0	0	1	1	0	1	0	0	0	0	0	1	0	0	0	1	0
0	0	0	0	0	0	1	1	1	0	0	0	1	1	0	1	1	0
0	1	0	0	0	1	1	0	0	1	0	0	0	0	0	0	1	0
1	1	0	0	0	1	0	0	0	0	0	1	0	1	0	1	1	1
1	0	0	1	1	0	0	0	1	0	0	0	0	0	0	0	0	0
0	1	1	1	0	0	0	0	1	0	1	0	1	1	0	1	1	1
0	0	1	0	0	0	0	0	0	0	1	1	0	0	0	1	1	1
1	0	1	0	0	1	1	0	0	0	1	0	1	1	1	1	0	0
1	0	0	1	0	0	0	0	0	0	1	0	0	0	0	0	1	0
1	0	0	0	0	0	1	1	1	1	0	0	1	1	0	1	1	1
0	0	0	0	1	0	0	1	0	0	0	0	0	0	0	0	0	1
0	1	1	0	0	0	1	0	1	0	1	0	1	1	0	1	1	1
0	0	1	0	1	0	1	0	1	0	1	0	1	0	0	1	1	1
0	0	0	0	0	0	0	0	1	0	0	0	0	0	0	0	1	1
0	0	1	0	1	0	1	1	1	0	1	0	1	1	0	1	1	1
0	1	1	1	1	0	1	1	0	1	1	0	1	1	1	1	0	1
0	0	0	0	1	0	1	1	0	0	1	1	1	1	1	1	1	1
DIFF_EDGE
0 0
CHROM_NUMBER
10
EOF
