TYPE : graph_{count}
DIMENSION: 19
EDGE_DATA_FORMAT: EDGE_LIST
EDGE_WEIGHT_TYPE: EXPLICIT
EDGE_WEIGHT_FORMAT: FULL_MATRIX
EDGE_DATA_SECTION
0 7
0 8
0 10
0 13
0 16
1 2
1 5
1 6
1 8
1 9
1 10
1 11
1 12
1 13
1 16
1 17
2 3
2 6
2 9
2 10
2 11
2 12
2 13
2 16
2 17
3 5
3 6
3 7
3 8
3 9
3 10
3 11
3 13
3 18
4 8
4 10
4 11
4 13
4 17
5 7
5 8
5 10
5 12
5 13
5 16
6 8
6 9
6 11
6 12
6 13
6 16
6 17
8 9
8 11
8 16
9 11
9 12
9 13
9 16
9 17
10 12
10 17
11 12
11 14
11 15
11 16
11 17
12 13
12 16
12 17
13 14
13 16
13 17
16 17
17 18
-1
EDGE_WEIGHT_SECTION
0	0	0	0	0	0	0	1	1	0	1	0	0	1	0	0	1	0	0
0	0	1	0	0	1	1	0	1	1	1	1	1	1	0	0	1	1	0
0	1	0	1	0	0	1	0	0	1	1	1	1	1	0	0	1	1	0
0	0	1	0	0	1	1	1	1	1	1	1	0	1	0	0	0	0	1
0	0	0	0	0	0	0	0	1	0	1	1	0	1	0	0	0	1	0
0	1	0	1	0	0	0	1	1	0	1	0	1	1	0	0	1	0	0
0	1	1	1	0	0	0	0	1	1	0	1	1	1	0	0	1	1	0
1	0	0	1	0	1	0	0	0	0	0	0	0	0	0	0	0	0	0
1	1	0	1	1	1	1	0	0	1	0	1	0	0	0	0	1	0	0
0	1	1	1	0	0	1	0	1	0	0	1	1	1	0	0	1	1	0
1	1	1	1	1	1	0	0	0	0	0	0	1	0	0	0	0	1	0
0	1	1	1	1	0	1	0	1	1	0	1	1	0	1	1	1	1	0
0	1	1	0	0	1	1	0	0	1	1	1	0	1	0	0	1	1	0
1	1	1	1	1	1	1	0	0	1	0	0	1	0	1	0	1	1	0
0	0	0	0	0	0	0	0	0	0	0	1	0	1	0	0	0	0	0
0	0	0	0	0	0	0	0	0	0	0	1	0	0	0	0	0	0	0
1	1	1	0	0	1	1	0	1	1	0	1	1	1	0	0	1	1	0
0	1	1	0	1	0	1	0	0	1	1	1	1	1	0	0	1	1	1
0	0	0	1	0	0	0	0	0	0	0	0	0	0	0	0	0	1	0
DIFF_EDGE
0 0
CHROM_NUMBER
11
EOF
