TYPE : graph_{count}
DIMENSION: 17
EDGE_DATA_FORMAT: EDGE_LIST
EDGE_WEIGHT_TYPE: EXPLICIT
EDGE_WEIGHT_FORMAT: FULL_MATRIX
EDGE_DATA_SECTION
0 2
0 4
0 7
0 9
0 10
0 16
1 2
1 3
1 5
1 6
1 8
1 14
2 5
2 7
2 11
2 12
2 13
2 15
3 5
3 7
3 9
3 10
3 11
4 9
6 9
6 12
6 16
7 8
7 11
7 14
8 9
8 10
8 11
8 14
8 15
9 10
9 11
9 14
11 14
13 14
-1
EDGE_WEIGHT_SECTION
0	0	1	0	1	0	0	1	0	1	1	0	0	0	0	0	1
0	0	1	1	0	1	1	0	1	0	0	0	0	0	1	0	0
1	1	0	0	0	1	0	1	0	0	0	1	1	1	0	1	0
0	1	0	0	0	1	0	1	0	1	1	1	0	0	0	0	0
1	0	0	0	0	0	0	0	0	1	0	0	0	0	0	0	0
0	1	1	1	0	0	0	0	0	0	0	0	0	0	0	0	0
0	1	0	0	0	0	0	0	0	1	0	0	1	0	0	0	1
1	0	1	1	0	0	0	0	1	0	0	1	0	0	1	0	0
0	1	0	0	0	0	0	1	0	1	1	1	0	0	1	1	0
1	0	0	1	1	0	1	0	1	0	1	1	0	0	1	0	0
1	0	0	1	0	0	0	0	1	1	0	0	0	0	0	0	0
0	0	1	1	0	0	0	1	1	1	0	0	0	0	1	0	0
0	0	1	0	0	0	1	0	0	0	0	0	0	0	0	0	0
0	0	1	0	0	0	0	0	0	0	0	0	0	0	1	0	0
0	1	0	0	0	0	0	1	1	1	0	1	0	1	0	0	0
0	0	1	0	0	0	0	0	1	0	0	0	0	0	0	0	0
1	0	0	0	0	0	1	0	0	0	0	0	0	0	0	0	0
DIFF_EDGE
0 0
CHROM_NUMBER
7
EOF
