TYPE : graph_{count}
DIMENSION: 16
EDGE_DATA_FORMAT: EDGE_LIST
EDGE_WEIGHT_TYPE: EXPLICIT
EDGE_WEIGHT_FORMAT: FULL_MATRIX
EDGE_DATA_SECTION
0 3
0 4
0 8
0 9
0 12
1 2
1 4
1 5
1 7
1 8
1 9
1 10
1 13
1 14
2 3
2 5
2 8
2 9
2 12
3 5
3 8
3 10
3 14
4 5
4 6
4 8
4 9
4 10
4 11
4 12
5 7
5 8
5 9
5 10
5 12
5 14
6 7
6 8
6 10
6 14
7 8
7 9
7 10
7 12
7 14
8 10
8 12
8 14
9 14
10 12
10 14
11 14
12 13
12 14
12 15
13 14
-1
EDGE_WEIGHT_SECTION
0	0	0	1	1	0	0	0	1	1	0	0	1	0	0	0
0	0	1	0	1	1	0	1	1	1	1	0	0	1	1	0
0	1	0	1	0	1	0	0	1	1	0	0	1	0	0	0
1	0	1	0	0	1	0	0	1	0	1	0	0	0	1	0
1	1	0	0	0	1	1	0	1	1	1	1	1	0	0	0
0	1	1	1	1	0	0	1	1	1	1	0	1	0	1	0
0	0	0	0	1	0	0	1	1	0	1	0	0	0	1	0
0	1	0	0	0	1	1	0	1	1	1	0	1	0	1	0
1	1	1	1	1	1	1	1	0	0	1	0	1	0	1	0
1	1	1	0	1	1	0	1	0	0	0	0	0	0	1	0
0	1	0	1	1	1	1	1	1	0	0	0	1	0	1	0
0	0	0	0	1	0	0	0	0	0	0	0	0	0	1	0
1	0	1	0	1	1	0	1	1	0	1	0	1	1	1	1
0	1	0	0	0	0	0	0	0	0	0	0	1	0	1	0
0	1	0	1	0	1	1	1	1	1	1	1	1	1	0	0
0	0	0	0	0	0	0	0	0	0	0	0	1	0	0	0
DIFF_EDGE
0 0
CHROM_NUMBER
9
EOF
