TYPE : graph_{count}
DIMENSION: 18
EDGE_DATA_FORMAT: EDGE_LIST
EDGE_WEIGHT_TYPE: EXPLICIT
EDGE_WEIGHT_FORMAT: FULL_MATRIX
EDGE_DATA_SECTION
0 2
0 5
0 6
0 8
0 9
0 11
0 13
1 2
1 4
1 5
1 6
1 7
1 8
1 9
1 12
1 13
2 3
2 8
2 10
2 13
2 17
3 5
3 8
3 9
3 12
4 6
4 7
4 15
5 9
5 10
5 13
6 8
6 10
7 8
8 9
8 10
8 13
8 14
9 10
9 12
9 15
10 13
11 12
11 13
12 13
12 14
12 16
12 17
-1
EDGE_WEIGHT_SECTION
0	0	1	0	0	1	1	0	1	1	0	1	0	1	0	0	0	0
0	0	1	0	1	1	1	1	1	1	0	0	1	1	0	0	0	0
1	1	0	1	0	0	0	0	1	0	1	0	0	1	0	0	0	1
0	0	1	0	0	1	0	0	1	1	0	0	1	0	0	0	0	0
0	1	0	0	0	0	1	1	0	0	0	0	0	0	0	1	0	0
1	1	0	1	0	0	0	0	0	1	1	0	0	1	0	0	0	0
1	1	0	0	1	0	0	0	1	0	1	0	0	0	0	0	0	0
0	1	0	0	1	0	0	0	1	0	0	0	0	0	0	0	0	0
1	1	1	1	0	0	1	1	0	1	1	0	0	1	1	0	0	0
1	1	0	1	0	1	0	0	1	0	1	0	1	0	0	1	0	0
0	0	1	0	0	1	1	0	1	1	0	0	0	1	0	0	0	0
1	0	0	0	0	0	0	0	0	0	0	0	1	1	0	0	0	0
0	1	0	1	0	0	0	0	0	1	0	1	0	1	1	0	1	1
1	1	1	0	0	1	0	0	1	0	1	1	1	0	0	0	0	0
0	0	0	0	0	0	0	0	1	0	0	0	1	0	0	0	0	0
0	0	0	0	1	0	0	0	0	1	0	0	0	0	0	0	0	0
0	0	0	0	0	0	0	0	0	0	0	0	1	0	0	0	0	0
0	0	1	0	0	0	0	0	0	0	0	0	1	0	0	0	0	0
DIFF_EDGE
0 0
CHROM_NUMBER
8
EOF
