TYPE : graph_{count}
DIMENSION: 18
EDGE_DATA_FORMAT: EDGE_LIST
EDGE_WEIGHT_TYPE: EXPLICIT
EDGE_WEIGHT_FORMAT: FULL_MATRIX
EDGE_DATA_SECTION
0 4
0 6
0 8
0 9
0 10
0 16
1 6
1 8
1 9
1 11
1 16
2 4
2 9
2 10
3 4
3 9
3 11
3 15
3 16
4 7
4 8
4 16
5 6
5 8
5 9
5 16
7 9
7 16
8 10
8 15
8 16
9 10
9 16
10 13
10 14
10 16
10 17
11 12
12 16
15 16
-1
EDGE_WEIGHT_SECTION
0	0	0	0	1	0	1	0	1	1	1	0	0	0	0	0	1	0
0	0	0	0	0	0	1	0	1	1	0	1	0	0	0	0	1	0
0	0	0	0	1	0	0	0	0	1	1	0	0	0	0	0	0	0
0	0	0	0	1	0	0	0	0	1	0	1	0	0	0	1	1	0
1	0	1	1	0	0	0	1	1	0	0	0	0	0	0	0	1	0
0	0	0	0	0	0	1	0	1	1	0	0	0	0	0	0	1	0
1	1	0	0	0	1	0	0	0	0	0	0	0	0	0	0	0	0
0	0	0	0	1	0	0	0	0	1	0	0	0	0	0	0	1	0
1	1	0	0	1	1	0	0	0	0	1	0	0	0	0	1	1	0
1	1	1	1	0	1	0	1	0	0	1	0	0	0	0	0	1	0
1	0	1	0	0	0	0	0	1	1	0	0	0	1	1	0	1	1
0	1	0	1	0	0	0	0	0	0	0	0	1	0	0	0	0	0
0	0	0	0	0	0	0	0	0	0	0	1	0	0	0	0	1	0
0	0	0	0	0	0	0	0	0	0	1	0	0	0	0	0	0	0
0	0	0	0	0	0	0	0	0	0	1	0	0	0	0	0	0	0
0	0	0	1	0	0	0	0	1	0	0	0	0	0	0	0	1	0
1	1	0	1	1	1	0	1	1	1	1	0	1	0	0	1	0	0
0	0	0	0	0	0	0	0	0	0	1	0	0	0	0	0	0	0
DIFF_EDGE
0 0
CHROM_NUMBER
6
EOF
