TYPE : graph_{count}
DIMENSION: 19
EDGE_DATA_FORMAT: EDGE_LIST
EDGE_WEIGHT_TYPE: EXPLICIT
EDGE_WEIGHT_FORMAT: FULL_MATRIX
EDGE_DATA_SECTION
0 3
0 4
0 7
1 2
1 4
1 5
1 7
1 9
1 10
1 15
1 16
1 17
2 5
2 7
2 8
2 9
2 11
2 14
2 15
2 17
3 5
3 8
3 12
3 14
3 15
3 16
3 17
4 7
4 8
4 9
4 11
4 15
4 16
4 17
5 9
5 10
5 15
6 7
6 9
6 10
6 12
7 9
7 15
7 16
7 17
8 9
9 13
9 15
10 16
11 16
11 17
12 17
13 16
13 17
14 15
14 16
15 16
15 17
16 17
16 18
-1
EDGE_WEIGHT_SECTION
0	0	0	1	1	0	0	1	0	0	0	0	0	0	0	0	0	0	0
0	0	1	0	1	1	0	1	0	1	1	0	0	0	0	1	1	1	0
0	1	0	0	0	1	0	1	1	1	0	1	0	0	1	1	0	1	0
1	0	0	0	0	1	0	0	1	0	0	0	1	0	1	1	1	1	0
1	1	0	0	0	0	0	1	1	1	0	1	0	0	0	1	1	1	0
0	1	1	1	0	0	0	0	0	1	1	0	0	0	0	1	0	0	0
0	0	0	0	0	0	0	1	0	1	1	0	1	0	0	0	0	0	0
1	1	1	0	1	0	1	0	0	1	0	0	0	0	0	1	1	1	0
0	0	1	1	1	0	0	0	0	1	0	0	0	0	0	0	0	0	0
0	1	1	0	1	1	1	1	1	0	0	0	0	1	0	1	0	0	0
0	1	0	0	0	1	1	0	0	0	0	0	0	0	0	0	1	0	0
0	0	1	0	1	0	0	0	0	0	0	0	0	0	0	0	1	1	0
0	0	0	1	0	0	1	0	0	0	0	0	0	0	0	0	0	1	0
0	0	0	0	0	0	0	0	0	1	0	0	0	0	0	0	1	1	0
0	0	1	1	0	0	0	0	0	0	0	0	0	0	0	1	1	0	0
0	1	1	1	1	1	0	1	0	1	0	0	0	0	1	0	1	1	0
0	1	0	1	1	0	0	1	0	0	1	1	0	1	1	1	0	1	1
0	1	1	1	1	0	0	1	0	0	0	1	1	1	0	1	1	0	0
0	0	0	0	0	0	0	0	0	0	0	0	0	0	0	0	1	0	0
DIFF_EDGE
0 0
CHROM_NUMBER
9
EOF
