TYPE : graph_{count}
DIMENSION: 17
EDGE_DATA_FORMAT: EDGE_LIST
EDGE_WEIGHT_TYPE: EXPLICIT
EDGE_WEIGHT_FORMAT: FULL_MATRIX
EDGE_DATA_SECTION
0 6
1 2
1 5
1 8
1 10
2 3
2 4
2 7
2 9
2 10
2 14
2 15
3 10
4 5
4 7
4 8
4 10
4 11
4 14
5 7
5 8
5 9
5 10
5 14
5 15
6 7
6 10
6 12
6 13
7 8
7 9
7 14
8 9
8 14
9 13
9 14
10 14
12 14
15 16
-1
EDGE_WEIGHT_SECTION
0	0	0	0	0	0	1	0	0	0	0	0	0	0	0	0	0
0	0	1	0	0	1	0	0	1	0	1	0	0	0	0	0	0
0	1	0	1	1	0	0	1	0	1	1	0	0	0	1	1	0
0	0	1	0	0	0	0	0	0	0	1	0	0	0	0	0	0
0	0	1	0	0	1	0	1	1	0	1	1	0	0	1	0	0
0	1	0	0	1	0	0	1	1	1	1	0	0	0	1	1	0
1	0	0	0	0	0	0	1	0	0	1	0	1	1	0	0	0
0	0	1	0	1	1	1	0	1	1	0	0	0	0	1	0	0
0	1	0	0	1	1	0	1	0	1	0	0	0	0	1	0	0
0	0	1	0	0	1	0	1	1	0	0	0	0	1	1	0	0
0	1	1	1	1	1	1	0	0	0	0	0	0	0	1	0	0
0	0	0	0	1	0	0	0	0	0	0	0	0	0	0	0	0
0	0	0	0	0	0	1	0	0	0	0	0	0	0	1	0	0
0	0	0	0	0	0	1	0	0	1	0	0	0	0	0	0	0
0	0	1	0	1	1	0	1	1	1	1	0	1	0	0	0	0
0	0	1	0	0	1	0	0	0	0	0	0	0	0	0	0	1
0	0	0	0	0	0	0	0	0	0	0	0	0	0	0	1	0
DIFF_EDGE
0 0
CHROM_NUMBER
7
EOF
