TYPE : graph_{count}
DIMENSION: 21
EDGE_DATA_FORMAT: EDGE_LIST
EDGE_WEIGHT_TYPE: EXPLICIT
EDGE_WEIGHT_FORMAT: FULL_MATRIX
EDGE_DATA_SECTION
0 1
0 2
0 4
0 5
0 6
0 13
0 14
1 5
1 7
1 9
1 15
2 6
2 7
2 9
2 13
3 5
3 8
3 9
3 10
4 5
4 9
4 11
4 15
4 16
5 6
5 7
5 10
5 12
5 13
5 15
6 7
6 10
6 18
6 19
7 13
7 14
7 15
7 16
8 18
9 13
9 15
9 19
10 11
10 13
10 15
11 13
11 20
12 15
13 15
13 17
14 15
-1
EDGE_WEIGHT_SECTION
0	1	1	0	1	1	1	0	0	0	0	0	0	1	1	0	0	0	0	0	0
1	0	0	0	0	1	0	1	0	1	0	0	0	0	0	1	0	0	0	0	0
1	0	0	0	0	0	1	1	0	1	0	0	0	1	0	0	0	0	0	0	0
0	0	0	0	0	1	0	0	1	1	1	0	0	0	0	0	0	0	0	0	0
1	0	0	0	0	1	0	0	0	1	0	1	0	0	0	1	1	0	0	0	0
1	1	0	1	1	0	1	1	0	0	1	0	1	1	0	1	0	0	0	0	0
1	0	1	0	0	1	0	1	0	0	1	0	0	0	0	0	0	0	1	1	0
0	1	1	0	0	1	1	0	0	0	0	0	0	1	1	1	1	0	0	0	0
0	0	0	1	0	0	0	0	0	0	0	0	0	0	0	0	0	0	1	0	0
0	1	1	1	1	0	0	0	0	0	0	0	0	1	0	1	0	0	0	1	0
0	0	0	1	0	1	1	0	0	0	0	1	0	1	0	1	0	0	0	0	0
0	0	0	0	1	0	0	0	0	0	1	0	0	1	0	0	0	0	0	0	1
0	0	0	0	0	1	0	0	0	0	0	0	0	0	0	1	0	0	0	0	0
1	0	1	0	0	1	0	1	0	1	1	1	0	0	0	1	0	1	0	0	0
1	0	0	0	0	0	0	1	0	0	0	0	0	0	0	1	0	0	0	0	0
0	1	0	0	1	1	0	1	0	1	1	0	1	1	1	1	0	0	0	0	0
0	0	0	0	1	0	0	1	0	0	0	0	0	0	0	0	0	0	0	0	0
0	0	0	0	0	0	0	0	0	0	0	0	0	1	0	0	0	0	0	0	0
0	0	0	0	0	0	1	0	1	0	0	0	0	0	0	0	0	0	0	0	0
0	0	0	0	0	0	1	0	0	1	0	0	0	0	0	0	0	0	0	0	0
0	0	0	0	0	0	0	0	0	0	0	1	0	0	0	0	0	0	0	0	0
DIFF_EDGE
0 0
CHROM_NUMBER
8
EOF
