TYPE : graph_{count}
DIMENSION: 19
EDGE_DATA_FORMAT: EDGE_LIST
EDGE_WEIGHT_TYPE: EXPLICIT
EDGE_WEIGHT_FORMAT: FULL_MATRIX
EDGE_DATA_SECTION
0 2
0 3
0 6
0 10
0 11
0 13
0 17
1 2
1 4
1 6
1 7
1 10
1 13
1 15
2 4
2 5
2 9
2 10
2 16
3 5
3 6
3 8
3 9
3 10
3 11
3 12
3 13
3 17
4 7
4 11
5 13
6 7
6 8
6 9
6 10
6 11
6 13
6 14
6 17
7 9
7 11
7 13
8 11
8 13
8 16
9 11
9 15
9 17
10 11
10 13
10 17
10 18
11 13
11 17
12 13
12 17
13 17
14 17
16 17
-1
EDGE_WEIGHT_SECTION
0	0	1	1	0	0	1	0	0	0	1	1	0	1	0	0	0	1	0
0	0	1	0	1	0	1	1	0	0	1	0	0	1	0	1	0	0	0
1	1	0	0	1	1	0	0	0	1	1	0	0	0	0	0	1	0	0
1	0	0	0	0	1	1	0	1	1	1	1	1	1	0	0	0	1	0
0	1	1	0	0	0	0	1	0	0	0	1	0	0	0	0	0	0	0
0	0	1	1	0	0	0	0	0	0	0	0	0	1	0	0	0	0	0
1	1	0	1	0	0	0	1	1	1	1	1	0	1	1	0	0	1	0
0	1	0	0	1	0	1	0	0	1	0	1	0	1	0	0	0	0	0
0	0	0	1	0	0	1	0	0	0	0	1	0	1	0	0	1	0	0
0	0	1	1	0	0	1	1	0	0	0	1	0	0	0	1	0	1	0
1	1	1	1	0	0	1	0	0	0	0	1	0	1	0	0	0	1	1
1	0	0	1	1	0	1	1	1	1	1	0	0	1	0	0	0	1	0
0	0	0	1	0	0	0	0	0	0	0	0	0	1	0	0	0	1	0
1	1	0	1	0	1	1	1	1	0	1	1	1	0	0	0	0	1	0
0	0	0	0	0	0	1	0	0	0	0	0	0	0	0	0	0	1	0
0	1	0	0	0	0	0	0	0	1	0	0	0	0	0	0	0	0	0
0	0	1	0	0	0	0	0	1	0	0	0	0	0	0	0	0	1	0
1	0	0	1	0	0	1	0	0	1	1	1	1	1	1	0	1	0	0
0	0	0	0	0	0	0	0	0	0	1	0	0	0	0	0	0	0	0
DIFF_EDGE
0 0
CHROM_NUMBER
8
EOF
