TYPE : graph_{count}
DIMENSION: 19
EDGE_DATA_FORMAT: EDGE_LIST
EDGE_WEIGHT_TYPE: EXPLICIT
EDGE_WEIGHT_FORMAT: FULL_MATRIX
EDGE_DATA_SECTION
0 2
0 4
0 5
0 7
0 14
0 16
1 3
1 4
1 5
1 9
2 4
2 7
2 10
2 12
2 13
2 14
2 15
3 5
3 7
3 10
3 13
3 14
3 15
4 5
4 7
4 8
4 9
4 14
4 15
4 18
5 11
5 14
5 15
6 7
6 8
6 9
7 8
7 9
7 10
7 14
7 15
8 10
8 11
8 15
9 15
10 14
13 14
13 15
14 15
14 17
-1
EDGE_WEIGHT_SECTION
0	0	1	0	1	1	0	1	0	0	0	0	0	0	1	0	1	0	0
0	0	0	1	1	1	0	0	0	1	0	0	0	0	0	0	0	0	0
1	0	0	0	1	0	0	1	0	0	1	0	1	1	1	1	0	0	0
0	1	0	0	0	1	0	1	0	0	1	0	0	1	1	1	0	0	0
1	1	1	0	0	1	0	1	1	1	0	0	0	0	1	1	0	0	1
1	1	0	1	1	0	0	0	0	0	0	1	0	0	1	1	0	0	0
0	0	0	0	0	0	0	1	1	1	0	0	0	0	0	0	0	0	0
1	0	1	1	1	0	1	0	1	1	1	0	0	0	1	1	0	0	0
0	0	0	0	1	0	1	1	0	0	1	1	0	0	0	1	0	0	0
0	1	0	0	1	0	1	1	0	0	0	0	0	0	0	1	0	0	0
0	0	1	1	0	0	0	1	1	0	0	0	0	0	1	0	0	0	0
0	0	0	0	0	1	0	0	1	0	0	0	0	0	0	0	0	0	0
0	0	1	0	0	0	0	0	0	0	0	0	0	0	0	0	0	0	0
0	0	1	1	0	0	0	0	0	0	0	0	0	0	1	1	0	0	0
1	0	1	1	1	1	0	1	0	0	1	0	0	1	1	1	0	1	0
0	0	1	1	1	1	0	1	1	1	0	0	0	1	1	0	0	0	0
1	0	0	0	0	0	0	0	0	0	0	0	0	0	0	0	0	0	0
0	0	0	0	0	0	0	0	0	0	0	0	0	0	1	0	0	0	0
0	0	0	0	1	0	0	0	0	0	0	0	0	0	0	0	0	0	0
DIFF_EDGE
0 0
CHROM_NUMBER
8
EOF
