TYPE : graph_{count}
DIMENSION: 21
EDGE_DATA_FORMAT: EDGE_LIST
EDGE_WEIGHT_TYPE: EXPLICIT
EDGE_WEIGHT_FORMAT: FULL_MATRIX
EDGE_DATA_SECTION
0 3
0 5
0 6
0 9
0 12
0 17
1 2
1 3
1 10
1 19
2 4
2 6
2 8
2 10
2 12
3 15
3 16
3 17
3 19
4 5
4 6
4 9
4 13
4 17
5 6
5 7
5 8
5 18
6 8
6 9
6 10
6 11
6 17
7 8
7 16
7 17
8 9
8 10
8 12
8 17
9 12
9 15
10 12
11 12
12 17
13 14
13 17
14 17
15 17
15 20
17 18
-1
EDGE_WEIGHT_SECTION
0	0	0	1	0	1	1	0	0	1	0	0	1	0	0	0	0	1	0	0	0
0	0	1	1	0	0	0	0	0	0	1	0	0	0	0	0	0	0	0	1	0
0	1	0	0	1	0	1	0	1	0	1	0	1	0	0	0	0	0	0	0	0
1	1	0	0	0	0	0	0	0	0	0	0	0	0	0	1	1	1	0	1	0
0	0	1	0	0	1	1	0	0	1	0	0	0	1	0	0	0	1	0	0	0
1	0	0	0	1	0	1	1	1	0	0	0	0	0	0	0	0	0	1	0	0
1	0	1	0	1	1	0	0	1	1	1	1	0	0	0	0	0	1	0	0	0
0	0	0	0	0	1	0	0	1	0	0	0	0	0	0	0	1	1	0	0	0
0	0	1	0	0	1	1	1	0	1	1	0	1	0	0	0	0	1	0	0	0
1	0	0	0	1	0	1	0	1	0	0	0	1	0	0	1	0	0	0	0	0
0	1	1	0	0	0	1	0	1	0	0	0	1	0	0	0	0	0	0	0	0
0	0	0	0	0	0	1	0	0	0	0	0	1	0	0	0	0	0	0	0	0
1	0	1	0	0	0	0	0	1	1	1	1	0	0	0	0	0	1	0	0	0
0	0	0	0	1	0	0	0	0	0	0	0	0	0	1	0	0	1	0	0	0
0	0	0	0	0	0	0	0	0	0	0	0	0	1	0	0	0	1	0	0	0
0	0	0	1	0	0	0	0	0	1	0	0	0	0	0	0	0	1	0	0	1
0	0	0	1	0	0	0	1	0	0	0	0	0	0	0	0	0	0	0	0	0
1	0	0	1	1	0	1	1	1	0	0	0	1	1	1	1	0	1	1	0	0
0	0	0	0	0	1	0	0	0	0	0	0	0	0	0	0	0	1	0	0	0
0	1	0	1	0	0	0	0	0	0	0	0	0	0	0	0	0	0	0	0	0
0	0	0	0	0	0	0	0	0	0	0	0	0	0	0	1	0	0	0	0	0
DIFF_EDGE
0 0
CHROM_NUMBER
8
EOF
