TYPE : graph_{count}
DIMENSION: 18
EDGE_DATA_FORMAT: EDGE_LIST
EDGE_WEIGHT_TYPE: EXPLICIT
EDGE_WEIGHT_FORMAT: FULL_MATRIX
EDGE_DATA_SECTION
0 3
0 5
0 8
0 9
0 10
1 2
1 5
1 10
1 12
1 13
2 3
2 10
2 11
2 13
3 4
3 5
4 7
5 6
5 7
5 9
5 10
5 11
5 13
5 14
6 7
6 8
7 8
7 13
9 16
10 13
10 16
11 15
12 16
13 16
14 16
14 17
15 16
-1
EDGE_WEIGHT_SECTION
0	0	0	1	0	1	0	0	1	1	1	0	0	0	0	0	0	0
0	0	1	0	0	1	0	0	0	0	1	0	1	1	0	0	0	0
0	1	0	1	0	0	0	0	0	0	1	1	0	1	0	0	0	0
1	0	1	0	1	1	0	0	0	0	0	0	0	0	0	0	0	0
0	0	0	1	0	0	0	1	0	0	0	0	0	0	0	0	0	0
1	1	0	1	0	0	1	1	0	1	1	1	0	1	1	0	0	0
0	0	0	0	0	1	0	1	1	0	0	0	0	0	0	0	0	0
0	0	0	0	1	1	1	0	1	0	0	0	0	1	0	0	0	0
1	0	0	0	0	0	1	1	0	0	0	0	0	0	0	0	0	0
1	0	0	0	0	1	0	0	0	0	0	0	0	0	0	0	1	0
1	1	1	0	0	1	0	0	0	0	0	0	0	1	0	0	1	0
0	0	1	0	0	1	0	0	0	0	0	0	0	0	0	1	0	0
0	1	0	0	0	0	0	0	0	0	0	0	0	0	0	0	1	0
0	1	1	0	0	1	0	1	0	0	1	0	0	0	0	0	1	0
0	0	0	0	0	1	0	0	0	0	0	0	0	0	0	0	1	1
0	0	0	0	0	0	0	0	0	0	0	1	0	0	0	0	1	0
0	0	0	0	0	0	0	0	0	1	1	0	1	1	1	1	0	0
0	0	0	0	0	0	0	0	0	0	0	0	0	0	1	0	0	0
DIFF_EDGE
0 0
CHROM_NUMBER
6
EOF
