TYPE : graph_{count}
DIMENSION: 17
EDGE_DATA_FORMAT: EDGE_LIST
EDGE_WEIGHT_TYPE: EXPLICIT
EDGE_WEIGHT_FORMAT: FULL_MATRIX
EDGE_DATA_SECTION
0 1
0 5
0 6
0 8
0 9
0 13
0 16
1 3
1 4
1 5
1 7
1 8
1 9
1 13
1 15
2 3
2 4
2 5
2 6
2 10
2 12
3 8
3 9
3 13
4 5
4 6
4 7
4 8
4 10
4 13
5 8
5 13
5 14
6 10
7 8
7 10
8 11
9 10
9 12
11 13
-1
EDGE_WEIGHT_SECTION
0	1	0	0	0	1	1	0	1	1	0	0	0	1	0	0	1
1	0	0	1	1	1	0	1	1	1	0	0	0	1	0	1	0
0	0	0	1	1	1	1	0	0	0	1	0	1	0	0	0	0
0	1	1	0	0	0	0	0	1	1	0	0	0	1	0	0	0
0	1	1	0	0	1	1	1	1	0	1	0	0	1	0	0	0
1	1	1	0	1	0	0	0	1	0	0	0	0	1	1	0	0
1	0	1	0	1	0	0	0	0	0	1	0	0	0	0	0	0
0	1	0	0	1	0	0	0	1	0	1	0	0	0	0	0	0
1	1	0	1	1	1	0	1	0	0	0	1	0	0	0	0	0
1	1	0	1	0	0	0	0	0	0	1	0	1	0	0	0	0
0	0	1	0	1	0	1	1	0	1	0	0	0	0	0	0	0
0	0	0	0	0	0	0	0	1	0	0	0	0	1	0	0	0
0	0	1	0	0	0	0	0	0	1	0	0	0	0	0	0	0
1	1	0	1	1	1	0	0	0	0	0	1	0	1	0	0	0
0	0	0	0	0	1	0	0	0	0	0	0	0	0	0	0	0
0	1	0	0	0	0	0	0	0	0	0	0	0	0	0	0	0
1	0	0	0	0	0	0	0	0	0	0	0	0	0	0	0	0
DIFF_EDGE
0 0
CHROM_NUMBER
7
EOF
