TYPE : graph_{count}
DIMENSION: 17
EDGE_DATA_FORMAT: EDGE_LIST
EDGE_WEIGHT_TYPE: EXPLICIT
EDGE_WEIGHT_FORMAT: FULL_MATRIX
EDGE_DATA_SECTION
0 1
0 2
0 5
0 6
0 9
0 12
0 16
1 3
1 4
1 5
1 9
1 13
1 15
1 16
2 5
2 6
2 7
2 8
2 9
3 4
3 5
3 6
3 7
3 10
3 14
3 15
3 16
4 6
4 7
5 7
5 8
5 9
5 14
5 15
5 16
6 7
6 11
6 15
7 8
7 10
7 13
7 14
7 15
7 16
8 15
9 10
9 14
10 14
10 15
10 16
11 14
11 15
11 16
12 15
13 14
13 15
13 16
14 15
14 16
15 16
-1
EDGE_WEIGHT_SECTION
0	1	1	0	0	1	1	0	0	1	0	0	1	0	0	0	1
1	0	0	1	1	1	0	0	0	1	0	0	0	1	0	1	1
1	0	0	0	0	1	1	1	1	1	0	0	0	0	0	0	0
0	1	0	0	1	1	1	1	0	0	1	0	0	0	1	1	1
0	1	0	1	0	0	1	1	0	0	0	0	0	0	0	0	0
1	1	1	1	0	0	0	1	1	1	0	0	0	0	1	1	1
1	0	1	1	1	0	0	1	0	0	0	1	0	0	0	1	0
0	0	1	1	1	1	1	0	1	0	1	0	0	1	1	1	1
0	0	1	0	0	1	0	1	0	0	0	0	0	0	0	1	0
1	1	1	0	0	1	0	0	0	0	1	0	0	0	1	0	0
0	0	0	1	0	0	0	1	0	1	0	0	0	0	1	1	1
0	0	0	0	0	0	1	0	0	0	0	0	0	0	1	1	1
1	0	0	0	0	0	0	0	0	0	0	0	0	0	0	1	0
0	1	0	0	0	0	0	1	0	0	0	0	0	0	1	1	1
0	0	0	1	0	1	0	1	0	1	1	1	0	1	0	1	1
0	1	0	1	0	1	1	1	1	0	1	1	1	1	1	0	1
1	1	0	1	0	1	0	1	0	0	1	1	0	1	1	1	1
DIFF_EDGE
0 0
CHROM_NUMBER
9
EOF
