TYPE : graph_{count}
DIMENSION: 18
EDGE_DATA_FORMAT: EDGE_LIST
EDGE_WEIGHT_TYPE: EXPLICIT
EDGE_WEIGHT_FORMAT: FULL_MATRIX
EDGE_DATA_SECTION
0 2
0 7
0 9
0 10
0 15
1 2
1 4
1 5
1 9
1 15
2 3
2 4
2 5
2 6
2 7
2 9
2 13
2 17
3 5
3 7
3 12
3 17
4 5
4 6
4 7
4 10
4 11
4 15
5 7
5 8
5 9
5 15
5 17
6 9
6 10
6 17
7 10
7 17
8 9
8 10
8 11
8 15
9 14
9 15
10 12
10 14
10 15
11 17
13 15
14 16
14 17
15 16
15 17
-1
EDGE_WEIGHT_SECTION
0	0	1	0	0	0	0	1	0	1	1	0	0	0	0	1	0	0
0	0	1	0	1	1	0	0	0	1	0	0	0	0	0	1	0	0
1	1	0	1	1	1	1	1	0	1	0	0	0	1	0	0	0	1
0	0	1	0	0	1	0	1	0	0	0	0	1	0	0	0	0	1
0	1	1	0	0	1	1	1	0	0	1	1	0	0	0	1	0	0
0	1	1	1	1	0	0	1	1	1	0	0	0	0	0	1	0	1
0	0	1	0	1	0	0	0	0	1	1	0	0	0	0	0	0	1
1	0	1	1	1	1	0	0	0	0	1	0	0	0	0	0	0	1
0	0	0	0	0	1	0	0	0	1	1	1	0	0	0	1	0	0
1	1	1	0	0	1	1	0	1	0	0	0	0	0	1	1	0	0
1	0	0	0	1	0	1	1	1	0	0	0	1	0	1	1	0	0
0	0	0	0	1	0	0	0	1	0	0	0	0	0	0	0	0	1
0	0	0	1	0	0	0	0	0	0	1	0	0	0	0	0	0	0
0	0	1	0	0	0	0	0	0	0	0	0	0	0	0	1	0	0
0	0	0	0	0	0	0	0	0	1	1	0	0	0	0	0	1	1
1	1	0	0	1	1	0	0	1	1	1	0	0	1	0	0	1	1
0	0	0	0	0	0	0	0	0	0	0	0	0	0	1	1	0	0
0	0	1	1	0	1	1	1	0	0	0	1	0	0	1	1	0	0
DIFF_EDGE
0 0
CHROM_NUMBER
8
EOF
