TYPE : graph_{count}
DIMENSION: 16
EDGE_DATA_FORMAT: EDGE_LIST
EDGE_WEIGHT_TYPE: EXPLICIT
EDGE_WEIGHT_FORMAT: FULL_MATRIX
EDGE_DATA_SECTION
0 1
0 2
0 8
0 9
1 3
1 4
1 7
1 10
1 12
2 4
2 5
2 6
2 7
2 8
2 10
2 12
3 5
3 6
3 7
3 10
3 12
3 13
4 5
4 11
5 7
5 12
5 15
6 8
6 14
7 9
7 12
8 13
9 12
12 14
-1
EDGE_WEIGHT_SECTION
0	1	1	0	0	0	0	0	1	1	0	0	0	0	0	0
1	0	0	1	1	0	0	1	0	0	1	0	1	0	0	0
1	0	0	0	1	1	1	1	1	0	1	0	1	0	0	0
0	1	0	0	0	1	1	1	0	0	1	0	1	1	0	0
0	1	1	0	0	1	0	0	0	0	0	1	0	0	0	0
0	0	1	1	1	0	0	1	0	0	0	0	1	0	0	1
0	0	1	1	0	0	0	0	1	0	0	0	0	0	1	0
0	1	1	1	0	1	0	0	0	1	0	0	1	0	0	0
1	0	1	0	0	0	1	0	0	0	0	0	0	1	0	0
1	0	0	0	0	0	0	1	0	0	0	0	1	0	0	0
0	1	1	1	0	0	0	0	0	0	0	0	0	0	0	0
0	0	0	0	1	0	0	0	0	0	0	0	0	0	0	0
0	1	1	1	0	1	0	1	0	1	0	0	0	0	1	0
0	0	0	1	0	0	0	0	1	0	0	0	0	0	0	0
0	0	0	0	0	0	1	0	0	0	0	0	1	0	0	0
0	0	0	0	0	1	0	0	0	0	0	0	0	0	0	0
DIFF_EDGE
0 0
CHROM_NUMBER
6
EOF
