TYPE : graph_{count}
DIMENSION: 17
EDGE_DATA_FORMAT: EDGE_LIST
EDGE_WEIGHT_TYPE: EXPLICIT
EDGE_WEIGHT_FORMAT: FULL_MATRIX
EDGE_DATA_SECTION
0 1
0 4
0 5
0 14
0 15
0 16
1 6
1 11
1 15
2 3
2 6
2 7
2 8
2 10
2 12
2 13
2 15
2 16
3 5
3 6
3 10
3 14
4 5
4 6
4 7
4 9
5 9
6 7
6 8
6 14
6 15
6 16
7 8
7 9
7 14
7 15
7 16
8 9
8 14
8 15
8 16
9 10
9 11
10 14
10 15
10 16
11 15
12 14
13 16
14 15
14 16
15 16
-1
EDGE_WEIGHT_SECTION
0	1	0	0	1	1	0	0	0	0	0	0	0	0	1	1	1
1	0	0	0	0	0	1	0	0	0	0	1	0	0	0	1	0
0	0	0	1	0	0	1	1	1	0	1	0	1	1	0	1	1
0	0	1	0	0	1	1	0	0	0	1	0	0	0	1	0	0
1	0	0	0	0	1	1	1	0	1	0	0	0	0	0	0	0
1	0	0	1	1	0	0	0	0	1	0	0	0	0	0	0	0
0	1	1	1	1	0	0	1	1	0	0	0	0	0	1	1	1
0	0	1	0	1	0	1	0	1	1	0	0	0	0	1	1	1
0	0	1	0	0	0	1	1	0	1	0	0	0	0	1	1	1
0	0	0	0	1	1	0	1	1	0	1	1	0	0	0	0	0
0	0	1	1	0	0	0	0	0	1	0	0	0	0	1	1	1
0	1	0	0	0	0	0	0	0	1	0	0	0	0	0	1	0
0	0	1	0	0	0	0	0	0	0	0	0	0	0	1	0	0
0	0	1	0	0	0	0	0	0	0	0	0	0	0	0	0	1
1	0	0	1	0	0	1	1	1	0	1	0	1	0	0	1	1
1	1	1	0	0	0	1	1	1	0	1	1	0	0	1	0	1
1	0	1	0	0	0	1	1	1	0	1	0	0	1	1	1	1
DIFF_EDGE
0 0
CHROM_NUMBER
8
EOF
