TYPE : graph_{count}
DIMENSION: 17
EDGE_DATA_FORMAT: EDGE_LIST
EDGE_WEIGHT_TYPE: EXPLICIT
EDGE_WEIGHT_FORMAT: FULL_MATRIX
EDGE_DATA_SECTION
0 2
0 7
0 8
1 2
1 5
1 6
1 9
1 11
2 5
2 8
2 10
2 12
2 13
2 14
3 4
3 5
3 6
3 7
3 8
3 10
3 14
4 6
4 8
4 10
4 14
5 6
5 9
5 14
5 15
6 7
6 9
6 10
6 13
6 14
7 15
7 16
8 9
8 10
8 11
8 14
9 10
9 16
10 14
11 14
-1
EDGE_WEIGHT_SECTION
0	0	1	0	0	0	0	1	1	0	0	0	0	0	0	0	0
0	0	1	0	0	1	1	0	0	1	0	1	0	0	0	0	0
1	1	0	0	0	1	0	0	1	0	1	0	1	1	1	0	0
0	0	0	0	1	1	1	1	1	0	1	0	0	0	1	0	0
0	0	0	1	0	0	1	0	1	0	1	0	0	0	1	0	0
0	1	1	1	0	0	1	0	0	1	0	0	0	0	1	1	0
0	1	0	1	1	1	0	1	0	1	1	0	0	1	1	0	0
1	0	0	1	0	0	1	0	0	0	0	0	0	0	0	1	1
1	0	1	1	1	0	0	0	0	1	1	1	0	0	1	0	0
0	1	0	0	0	1	1	0	1	0	1	0	0	0	0	0	1
0	0	1	1	1	0	1	0	1	1	0	0	0	0	1	0	0
0	1	0	0	0	0	0	0	1	0	0	0	0	0	1	0	0
0	0	1	0	0	0	0	0	0	0	0	0	0	0	0	0	0
0	0	1	0	0	0	1	0	0	0	0	0	0	0	0	0	0
0	0	1	1	1	1	1	0	1	0	1	1	0	0	0	0	0
0	0	0	0	0	1	0	1	0	0	0	0	0	0	0	0	0
0	0	0	0	0	0	0	1	0	1	0	0	0	0	0	0	0
DIFF_EDGE
0 0
CHROM_NUMBER
7
EOF
