TYPE : graph_{count}
DIMENSION: 16
EDGE_DATA_FORMAT: EDGE_LIST
EDGE_WEIGHT_TYPE: EXPLICIT
EDGE_WEIGHT_FORMAT: FULL_MATRIX
EDGE_DATA_SECTION
0 2
0 3
0 4
0 8
0 10
0 12
0 13
0 14
0 15
1 3
1 5
1 7
1 8
1 10
1 15
2 3
2 4
2 5
2 6
2 8
2 9
2 10
2 12
2 15
3 4
3 6
3 12
3 15
4 5
4 6
4 9
4 11
4 15
5 12
5 13
6 10
6 12
6 14
7 8
7 9
7 15
8 9
8 10
10 15
11 12
11 15
12 15
13 15
14 15
-1
EDGE_WEIGHT_SECTION
0	0	1	1	1	0	0	0	1	0	1	0	1	1	1	1
0	0	0	1	0	1	0	1	1	0	1	0	0	0	0	1
1	0	0	1	1	1	1	0	1	1	1	0	1	0	0	1
1	1	1	0	1	0	1	0	0	0	0	0	1	0	0	1
1	0	1	1	0	1	1	0	0	1	0	1	0	0	0	1
0	1	1	0	1	0	0	0	0	0	0	0	1	1	0	0
0	0	1	1	1	0	0	0	0	0	1	0	1	0	1	0
0	1	0	0	0	0	0	0	1	1	0	0	0	0	0	1
1	1	1	0	0	0	0	1	0	1	1	0	0	0	0	0
0	0	1	0	1	0	0	1	1	0	0	0	0	0	0	0
1	1	1	0	0	0	1	0	1	0	0	0	0	0	0	1
0	0	0	0	1	0	0	0	0	0	0	0	1	0	0	1
1	0	1	1	0	1	1	0	0	0	0	1	0	0	0	1
1	0	0	0	0	1	0	0	0	0	0	0	0	0	0	1
1	0	0	0	0	0	1	0	0	0	0	0	0	0	0	1
1	1	1	1	1	0	0	1	0	0	1	1	1	1	1	0
DIFF_EDGE
0 0
CHROM_NUMBER
8
EOF
