TYPE : graph_{count}
DIMENSION: 19
EDGE_DATA_FORMAT: EDGE_LIST
EDGE_WEIGHT_TYPE: EXPLICIT
EDGE_WEIGHT_FORMAT: FULL_MATRIX
EDGE_DATA_SECTION
0 1
0 4
0 5
0 7
0 8
0 11
0 14
0 16
0 17
0 18
1 9
1 10
1 11
1 14
1 16
1 18
2 4
2 12
2 14
2 16
3 4
3 6
3 9
3 11
3 13
3 14
3 15
3 16
3 17
4 11
4 14
4 16
4 17
5 9
5 14
5 16
6 7
6 8
6 14
6 18
7 8
7 14
8 10
8 11
8 12
8 14
8 15
8 17
8 18
9 10
9 16
9 17
10 11
10 13
10 14
10 16
10 17
11 14
11 16
11 17
11 18
12 14
12 16
12 17
13 16
13 17
14 16
14 17
14 18
15 18
16 17
16 18
17 18
-1
EDGE_WEIGHT_SECTION
0	1	0	0	1	1	0	1	1	0	0	1	0	0	1	0	1	1	1
1	0	0	0	0	0	0	0	0	1	1	1	0	0	1	0	1	0	1
0	0	0	0	1	0	0	0	0	0	0	0	1	0	1	0	1	0	0
0	0	0	0	1	0	1	0	0	1	0	1	0	1	1	1	1	1	0
1	0	1	1	0	0	0	0	0	0	0	1	0	0	1	0	1	1	0
1	0	0	0	0	0	0	0	0	1	0	0	0	0	1	0	1	0	0
0	0	0	1	0	0	0	1	1	0	0	0	0	0	1	0	0	0	1
1	0	0	0	0	0	1	0	1	0	0	0	0	0	1	0	0	0	0
1	0	0	0	0	0	1	1	0	0	1	1	1	0	1	1	0	1	1
0	1	0	1	0	1	0	0	0	0	1	0	0	0	0	0	1	1	0
0	1	0	0	0	0	0	0	1	1	0	1	0	1	1	0	1	1	0
1	1	0	1	1	0	0	0	1	0	1	0	0	0	1	0	1	1	1
0	0	1	0	0	0	0	0	1	0	0	0	0	0	1	0	1	1	0
0	0	0	1	0	0	0	0	0	0	1	0	0	0	0	0	1	1	0
1	1	1	1	1	1	1	1	1	0	1	1	1	0	0	0	1	1	1
0	0	0	1	0	0	0	0	1	0	0	0	0	0	0	0	0	0	1
1	1	1	1	1	1	0	0	0	1	1	1	1	1	1	0	0	1	1
1	0	0	1	1	0	0	0	1	1	1	1	1	1	1	0	1	0	1
1	1	0	0	0	0	1	0	1	0	0	1	0	0	1	1	1	1	0
DIFF_EDGE
0 0
CHROM_NUMBER
9
EOF
