TYPE : graph_{count}
DIMENSION: 17
EDGE_DATA_FORMAT: EDGE_LIST
EDGE_WEIGHT_TYPE: EXPLICIT
EDGE_WEIGHT_FORMAT: FULL_MATRIX
EDGE_DATA_SECTION
0 1
0 3
0 6
0 13
0 16
1 2
1 4
1 5
1 7
1 10
1 13
1 16
2 4
2 6
2 8
2 10
2 16
3 4
3 5
3 7
3 8
3 9
4 5
4 6
4 7
4 8
4 15
4 16
5 6
5 10
5 13
5 16
6 9
6 13
7 8
7 10
7 16
8 9
8 10
9 10
10 12
10 16
11 14
12 13
12 14
13 15
13 16
14 16
-1
EDGE_WEIGHT_SECTION
0	1	0	1	0	0	1	0	0	0	0	0	0	1	0	0	1
1	0	1	0	1	1	0	1	0	0	1	0	0	1	0	0	1
0	1	0	0	1	0	1	0	1	0	1	0	0	0	0	0	1
1	0	0	0	1	1	0	1	1	1	0	0	0	0	0	0	0
0	1	1	1	0	1	1	1	1	0	0	0	0	0	0	1	1
0	1	0	1	1	0	1	0	0	0	1	0	0	1	0	0	1
1	0	1	0	1	1	0	0	0	1	0	0	0	1	0	0	0
0	1	0	1	1	0	0	0	1	0	1	0	0	0	0	0	1
0	0	1	1	1	0	0	1	0	1	1	0	0	0	0	0	0
0	0	0	1	0	0	1	0	1	0	1	0	0	0	0	0	0
0	1	1	0	0	1	0	1	1	1	0	0	1	0	0	0	1
0	0	0	0	0	0	0	0	0	0	0	0	0	0	1	0	0
0	0	0	0	0	0	0	0	0	0	1	0	0	1	1	0	0
1	1	0	0	0	1	1	0	0	0	0	0	1	0	0	1	1
0	0	0	0	0	0	0	0	0	0	0	1	1	0	0	0	1
0	0	0	0	1	0	0	0	0	0	0	0	0	1	0	0	0
1	1	1	0	1	1	0	1	0	0	1	0	0	1	1	0	0
DIFF_EDGE
0 0
CHROM_NUMBER
8
EOF
