TYPE : graph_{count}
DIMENSION: 15
EDGE_DATA_FORMAT: EDGE_LIST
EDGE_WEIGHT_TYPE: EXPLICIT
EDGE_WEIGHT_FORMAT: FULL_MATRIX
EDGE_DATA_SECTION
0 2
0 3
0 5
0 6
0 7
0 8
0 9
0 12
0 13
0 14
1 6
1 12
1 13
2 3
2 4
2 5
2 6
2 8
2 9
2 10
2 12
2 13
2 14
3 7
3 9
3 10
3 13
3 14
4 5
4 6
5 7
5 8
5 9
5 10
5 12
5 13
5 14
6 7
6 8
6 12
7 8
7 9
7 10
7 11
7 12
7 14
8 9
8 12
8 13
8 14
9 10
9 12
9 13
9 14
11 13
12 13
12 14
13 14
-1
EDGE_WEIGHT_SECTION
0	0	1	1	0	1	1	1	1	1	0	0	1	1	1
0	0	0	0	0	0	1	0	0	0	0	0	1	1	0
1	0	0	1	1	1	1	0	1	1	1	0	1	1	1
1	0	1	0	0	0	0	1	0	1	1	0	0	1	1
0	0	1	0	0	1	1	0	0	0	0	0	0	0	0
1	0	1	0	1	0	0	1	1	1	1	0	1	1	1
1	1	1	0	1	0	0	1	1	0	0	0	1	0	0
1	0	0	1	0	1	1	0	1	1	1	1	1	0	1
1	0	1	0	0	1	1	1	0	1	0	0	1	1	1
1	0	1	1	0	1	0	1	1	0	1	0	1	1	1
0	0	1	1	0	1	0	1	0	1	0	0	0	0	0
0	0	0	0	0	0	0	1	0	0	0	0	0	1	0
1	1	1	0	0	1	1	1	1	1	0	0	0	1	1
1	1	1	1	0	1	0	0	1	1	0	1	1	1	1
1	0	1	1	0	1	0	1	1	1	0	0	1	1	0
DIFF_EDGE
0 0
CHROM_NUMBER
9
EOF
