TYPE : graph_{count}
DIMENSION: 21
EDGE_DATA_FORMAT: EDGE_LIST
EDGE_WEIGHT_TYPE: EXPLICIT
EDGE_WEIGHT_FORMAT: FULL_MATRIX
EDGE_DATA_SECTION
0 1
0 2
0 5
0 6
0 7
0 8
0 9
0 10
0 15
0 16
0 17
0 18
1 2
1 4
1 5
1 6
1 9
1 10
1 11
1 12
1 16
1 17
2 4
2 5
2 8
2 9
2 13
3 4
3 7
3 9
3 16
4 5
4 8
4 9
4 10
4 15
4 16
4 17
5 7
5 15
5 16
5 17
6 8
6 10
6 16
7 8
7 9
7 10
7 16
8 9
8 12
8 15
8 16
8 17
9 15
9 16
9 17
9 19
10 14
10 16
10 19
12 15
13 15
13 16
13 17
14 15
15 16
15 17
15 20
16 17
-1
EDGE_WEIGHT_SECTION
0	1	1	0	0	1	1	1	1	1	1	0	0	0	0	1	1	1	1	0	0
1	0	1	0	1	1	1	0	0	1	1	1	1	0	0	0	1	1	0	0	0
1	1	0	0	1	1	0	0	1	1	0	0	0	1	0	0	0	0	0	0	0
0	0	0	0	1	0	0	1	0	1	0	0	0	0	0	0	1	0	0	0	0
0	1	1	1	0	1	0	0	1	1	1	0	0	0	0	1	1	1	0	0	0
1	1	1	0	1	0	0	1	0	0	0	0	0	0	0	1	1	1	0	0	0
1	1	0	0	0	0	0	0	1	0	1	0	0	0	0	0	1	0	0	0	0
1	0	0	1	0	1	0	0	1	1	1	0	0	0	0	0	1	0	0	0	0
1	0	1	0	1	0	1	1	0	1	0	0	1	0	0	1	1	1	0	0	0
1	1	1	1	1	0	0	1	1	0	0	0	0	0	0	1	1	1	0	1	0
1	1	0	0	1	0	1	1	0	0	0	0	0	0	1	0	1	0	0	1	0
0	1	0	0	0	0	0	0	0	0	0	0	0	0	0	0	0	0	0	0	0
0	1	0	0	0	0	0	0	1	0	0	0	0	0	0	1	0	0	0	0	0
0	0	1	0	0	0	0	0	0	0	0	0	0	0	0	1	1	1	0	0	0
0	0	0	0	0	0	0	0	0	0	1	0	0	0	0	1	0	0	0	0	0
1	0	0	0	1	1	0	0	1	1	0	0	1	1	1	0	1	1	0	0	1
1	1	0	1	1	1	1	1	1	1	1	0	0	1	0	1	0	1	0	0	0
1	1	0	0	1	1	0	0	1	1	0	0	0	1	0	1	1	0	0	0	0
1	0	0	0	0	0	0	0	0	0	0	0	0	0	0	0	0	0	0	0	0
0	0	0	0	0	0	0	0	0	1	1	0	0	0	0	0	0	0	0	0	0
0	0	0	0	0	0	0	0	0	0	0	0	0	0	0	1	0	0	0	0	0
DIFF_EDGE
0 0
CHROM_NUMBER
10
EOF
