TYPE : graph_{count}
DIMENSION: 20
EDGE_DATA_FORMAT: EDGE_LIST
EDGE_WEIGHT_TYPE: EXPLICIT
EDGE_WEIGHT_FORMAT: FULL_MATRIX
EDGE_DATA_SECTION
0 1
0 3
0 5
0 8
0 10
0 11
0 17
1 3
1 6
1 7
1 8
1 11
1 13
1 17
2 3
2 8
2 11
2 13
3 8
4 6
4 7
4 8
4 11
4 13
4 14
4 17
5 6
5 8
5 13
5 17
5 19
6 7
6 10
7 8
7 9
7 10
7 11
7 13
7 17
8 9
8 10
8 11
8 13
8 17
9 10
9 11
9 16
9 19
10 11
10 13
10 17
11 12
11 13
11 18
13 17
14 15
14 17
15 17
16 17
17 18
-1
EDGE_WEIGHT_SECTION
0	1	0	1	0	1	0	0	1	0	1	1	0	0	0	0	0	1	0	0
1	0	0	1	0	0	1	1	1	0	0	1	0	1	0	0	0	1	0	0
0	0	0	1	0	0	0	0	1	0	0	1	0	1	0	0	0	0	0	0
1	1	1	0	0	0	0	0	1	0	0	0	0	0	0	0	0	0	0	0
0	0	0	0	0	0	1	1	1	0	0	1	0	1	1	0	0	1	0	0
1	0	0	0	0	0	1	0	1	0	0	0	0	1	0	0	0	1	0	1
0	1	0	0	1	1	0	1	0	0	1	0	0	0	0	0	0	0	0	0
0	1	0	0	1	0	1	0	1	1	1	1	0	1	0	0	0	1	0	0
1	1	1	1	1	1	0	1	0	1	1	1	0	1	0	0	0	1	0	0
0	0	0	0	0	0	0	1	1	0	1	1	0	0	0	0	1	0	0	1
1	0	0	0	0	0	1	1	1	1	0	1	0	1	0	0	0	1	0	0
1	1	1	0	1	0	0	1	1	1	1	0	1	1	0	0	0	0	1	0
0	0	0	0	0	0	0	0	0	0	0	1	0	0	0	0	0	0	0	0
0	1	1	0	1	1	0	1	1	0	1	1	0	1	0	0	0	1	0	0
0	0	0	0	1	0	0	0	0	0	0	0	0	0	0	1	0	1	0	0
0	0	0	0	0	0	0	0	0	0	0	0	0	0	1	0	0	1	0	0
0	0	0	0	0	0	0	0	0	1	0	0	0	0	0	0	0	1	0	0
1	1	0	0	1	1	0	1	1	0	1	0	0	1	1	1	1	0	1	0
0	0	0	0	0	0	0	0	0	0	0	1	0	0	0	0	0	1	0	0
0	0	0	0	0	1	0	0	0	1	0	0	0	0	0	0	0	0	0	0
DIFF_EDGE
0 0
CHROM_NUMBER
9
EOF
