TYPE : graph_{count}
DIMENSION: 20
EDGE_DATA_FORMAT: EDGE_LIST
EDGE_WEIGHT_TYPE: EXPLICIT
EDGE_WEIGHT_FORMAT: FULL_MATRIX
EDGE_DATA_SECTION
0 2
0 3
0 4
0 5
0 6
0 14
0 16
0 17
1 3
1 4
1 5
1 8
1 10
1 17
2 6
2 7
2 9
2 10
2 17
2 19
3 4
3 5
3 7
4 5
4 6
4 7
4 8
4 9
4 14
4 16
4 17
4 19
5 8
5 10
5 19
6 8
6 9
6 10
6 13
6 16
6 17
6 19
7 9
7 10
7 17
8 9
8 14
8 16
8 17
8 19
9 11
9 16
9 17
10 14
10 15
10 16
10 17
10 19
11 12
11 14
11 16
11 17
11 18
12 19
13 14
13 16
13 19
14 16
14 17
14 19
15 16
15 19
16 17
16 19
17 19
-1
EDGE_WEIGHT_SECTION
0	0	1	1	1	1	1	0	0	0	0	0	0	0	1	0	1	1	0	0
0	0	0	1	1	1	0	0	1	0	1	0	0	0	0	0	0	1	0	0
1	0	0	0	0	0	1	1	0	1	1	0	0	0	0	0	0	1	0	1
1	1	0	0	1	1	0	1	0	0	0	0	0	0	0	0	0	0	0	0
1	1	0	1	0	1	1	1	1	1	0	0	0	0	1	0	1	1	0	1
1	1	0	1	1	0	0	0	1	0	1	0	0	0	0	0	0	0	0	1
1	0	1	0	1	0	0	0	1	1	1	0	0	1	0	0	1	1	0	1
0	0	1	1	1	0	0	0	0	1	1	0	0	0	0	0	0	1	0	0
0	1	0	0	1	1	1	0	0	1	0	0	0	0	1	0	1	1	0	1
0	0	1	0	1	0	1	1	1	0	0	1	0	0	0	0	1	1	0	0
0	1	1	0	0	1	1	1	0	0	0	0	0	0	1	1	1	1	0	1
0	0	0	0	0	0	0	0	0	1	0	0	1	0	1	0	1	1	1	0
0	0	0	0	0	0	0	0	0	0	0	1	0	0	0	0	0	0	0	1
0	0	0	0	0	0	1	0	0	0	0	0	0	0	1	0	1	0	0	1
1	0	0	0	1	0	0	0	1	0	1	1	0	1	0	0	1	1	0	1
0	0	0	0	0	0	0	0	0	0	1	0	0	0	0	0	1	0	0	1
1	0	0	0	1	0	1	0	1	1	1	1	0	1	1	1	0	1	0	1
1	1	1	0	1	0	1	1	1	1	1	1	0	0	1	0	1	0	0	1
0	0	0	0	0	0	0	0	0	0	0	1	0	0	0	0	0	0	0	0
0	0	1	0	1	1	1	0	1	0	1	0	1	1	1	1	1	1	0	0
DIFF_EDGE
0 0
CHROM_NUMBER
10
EOF
