TYPE : graph_{count}
DIMENSION: 20
EDGE_DATA_FORMAT: EDGE_LIST
EDGE_WEIGHT_TYPE: EXPLICIT
EDGE_WEIGHT_FORMAT: FULL_MATRIX
EDGE_DATA_SECTION
0 2
0 5
0 6
0 7
0 10
0 12
0 14
0 16
0 19
1 2
1 4
1 7
1 9
1 16
2 4
2 6
2 7
2 9
2 19
3 4
3 5
3 6
3 10
3 12
3 14
3 16
4 5
4 7
4 9
4 12
4 14
5 6
5 7
5 8
5 9
5 10
5 12
5 14
5 16
5 17
5 19
6 7
6 8
6 10
6 12
6 14
6 16
6 19
7 10
7 12
7 14
7 16
7 18
7 19
8 9
8 19
10 11
10 14
10 16
10 19
11 12
11 14
11 19
12 13
12 14
12 16
13 19
14 16
14 19
15 16
15 18
16 19
-1
EDGE_WEIGHT_SECTION
0	0	1	0	0	1	1	1	0	0	1	0	1	0	1	0	1	0	0	1
0	0	1	0	1	0	0	1	0	1	0	0	0	0	0	0	1	0	0	0
1	1	0	0	1	0	1	1	0	1	0	0	0	0	0	0	0	0	0	1
0	0	0	0	1	1	1	0	0	0	1	0	1	0	1	0	1	0	0	0
0	1	1	1	0	1	0	1	0	1	0	0	1	0	1	0	0	0	0	0
1	0	0	1	1	0	1	1	1	1	1	0	1	0	1	0	1	1	0	1
1	0	1	1	0	1	0	1	1	0	1	0	1	0	1	0	1	0	0	1
1	1	1	0	1	1	1	0	0	0	1	0	1	0	1	0	1	0	1	1
0	0	0	0	0	1	1	0	0	1	0	0	0	0	0	0	0	0	0	1
0	1	1	0	1	1	0	0	1	0	0	0	0	0	0	0	0	0	0	0
1	0	0	1	0	1	1	1	0	0	0	1	0	0	1	0	1	0	0	1
0	0	0	0	0	0	0	0	0	0	1	0	1	0	1	0	0	0	0	1
1	0	0	1	1	1	1	1	0	0	0	1	1	1	1	0	1	0	0	0
0	0	0	0	0	0	0	0	0	0	0	0	1	0	0	0	0	0	0	1
1	0	0	1	1	1	1	1	0	0	1	1	1	0	0	0	1	0	0	1
0	0	0	0	0	0	0	0	0	0	0	0	0	0	0	0	1	0	1	0
1	1	0	1	0	1	1	1	0	0	1	0	1	0	1	1	0	0	0	1
0	0	0	0	0	1	0	0	0	0	0	0	0	0	0	0	0	0	0	0
0	0	0	0	0	0	0	1	0	0	0	0	0	0	0	1	0	0	0	0
1	0	1	0	0	1	1	1	1	0	1	1	0	1	1	0	1	0	0	0
DIFF_EDGE
0 0
CHROM_NUMBER
10
EOF
