TYPE : graph_{count}
DIMENSION: 16
EDGE_DATA_FORMAT: EDGE_LIST
EDGE_WEIGHT_TYPE: EXPLICIT
EDGE_WEIGHT_FORMAT: FULL_MATRIX
EDGE_DATA_SECTION
0 1
0 5
0 7
1 3
1 4
1 5
1 6
1 11
1 12
1 14
2 7
2 10
3 6
3 8
3 9
3 11
3 12
3 15
4 6
4 8
4 10
4 11
4 12
5 9
5 10
5 15
6 10
6 11
6 12
7 10
8 9
8 10
10 11
10 12
10 14
11 12
12 13
-1
EDGE_WEIGHT_SECTION
0	1	0	0	0	1	0	1	0	0	0	0	0	0	0	0
1	0	0	1	1	1	1	0	0	0	0	1	1	0	1	0
0	0	0	0	0	0	0	1	0	0	1	0	0	0	0	0
0	1	0	0	0	0	1	0	1	1	0	1	1	0	0	1
0	1	0	0	0	0	1	0	1	0	1	1	1	0	0	0
1	1	0	0	0	0	0	0	0	1	1	0	0	0	0	1
0	1	0	1	1	0	0	0	0	0	1	1	1	0	0	0
1	0	1	0	0	0	0	0	0	0	1	0	0	0	0	0
0	0	0	1	1	0	0	0	0	1	1	0	0	0	0	0
0	0	0	1	0	1	0	0	1	0	0	0	0	0	0	0
0	0	1	0	1	1	1	1	1	0	0	1	1	0	1	0
0	1	0	1	1	0	1	0	0	0	1	0	1	0	0	0
0	1	0	1	1	0	1	0	0	0	1	1	0	1	0	0
0	0	0	0	0	0	0	0	0	0	0	0	1	0	0	0
0	1	0	0	0	0	0	0	0	0	1	0	0	0	0	0
0	0	0	1	0	1	0	0	0	0	0	0	0	0	0	0
DIFF_EDGE
0 0
CHROM_NUMBER
7
EOF
