TYPE : graph_{count}
DIMENSION: 17
EDGE_DATA_FORMAT: EDGE_LIST
EDGE_WEIGHT_TYPE: EXPLICIT
EDGE_WEIGHT_FORMAT: FULL_MATRIX
EDGE_DATA_SECTION
0 2
0 6
0 7
0 9
0 10
0 13
0 15
1 2
1 5
1 7
1 10
2 4
2 7
2 9
2 10
2 13
2 15
3 5
3 8
3 10
4 5
4 7
4 10
5 7
5 8
5 15
6 7
6 10
6 13
7 8
7 9
7 10
7 13
7 15
8 9
8 10
9 10
9 11
9 13
9 14
10 12
10 15
12 13
12 15
13 16
14 15
15 16
-1
EDGE_WEIGHT_SECTION
0	0	1	0	0	0	1	1	0	1	1	0	0	1	0	1	0
0	0	1	0	0	1	0	1	0	0	1	0	0	0	0	0	0
1	1	0	0	1	0	0	1	0	1	1	0	0	1	0	1	0
0	0	0	0	0	1	0	0	1	0	1	0	0	0	0	0	0
0	0	1	0	0	1	0	1	0	0	1	0	0	0	0	0	0
0	1	0	1	1	0	0	1	1	0	0	0	0	0	0	1	0
1	0	0	0	0	0	0	1	0	0	1	0	0	1	0	0	0
1	1	1	0	1	1	1	0	1	1	1	0	0	1	0	1	0
0	0	0	1	0	1	0	1	0	1	1	0	0	0	0	0	0
1	0	1	0	0	0	0	1	1	0	1	1	0	1	1	0	0
1	1	1	1	1	0	1	1	1	1	0	0	1	0	0	1	0
0	0	0	0	0	0	0	0	0	1	0	0	0	0	0	0	0
0	0	0	0	0	0	0	0	0	0	1	0	0	1	0	1	0
1	0	1	0	0	0	1	1	0	1	0	0	1	0	0	0	1
0	0	0	0	0	0	0	0	0	1	0	0	0	0	0	1	0
1	0	1	0	0	1	0	1	0	0	1	0	1	0	1	1	1
0	0	0	0	0	0	0	0	0	0	0	0	0	1	0	1	0
DIFF_EDGE
0 0
CHROM_NUMBER
7
EOF
