TYPE : graph_{count}
DIMENSION: 20
EDGE_DATA_FORMAT: EDGE_LIST
EDGE_WEIGHT_TYPE: EXPLICIT
EDGE_WEIGHT_FORMAT: FULL_MATRIX
EDGE_DATA_SECTION
0 1
0 3
0 5
0 7
0 10
0 11
0 15
0 18
1 5
1 7
1 9
1 11
1 18
2 3
2 5
2 7
2 11
2 16
2 18
3 5
3 7
3 8
3 10
3 11
3 15
3 17
3 18
4 5
4 7
4 15
5 8
5 10
5 11
5 13
5 15
5 18
6 7
6 9
7 8
7 14
7 15
8 15
9 18
10 11
10 15
10 16
10 18
11 18
11 19
12 15
12 18
12 19
13 18
14 18
15 18
16 18
17 18
-1
EDGE_WEIGHT_SECTION
0	1	0	1	0	1	0	1	0	0	1	1	0	0	0	1	0	0	1	0
1	0	0	0	0	1	0	1	0	1	0	1	0	0	0	0	0	0	1	0
0	0	0	1	0	1	0	1	0	0	0	1	0	0	0	0	1	0	1	0
1	0	1	0	0	1	0	1	1	0	1	1	0	0	0	1	0	1	1	0
0	0	0	0	0	1	0	1	0	0	0	0	0	0	0	1	0	0	0	0
1	1	1	1	1	0	0	0	1	0	1	1	0	1	0	1	0	0	1	0
0	0	0	0	0	0	0	1	0	1	0	0	0	0	0	0	0	0	0	0
1	1	1	1	1	0	1	0	1	0	0	0	0	0	1	1	0	0	0	0
0	0	0	1	0	1	0	1	0	0	0	0	0	0	0	1	0	0	0	0
0	1	0	0	0	0	1	0	0	0	0	0	0	0	0	0	0	0	1	0
1	0	0	1	0	1	0	0	0	0	0	1	0	0	0	1	1	0	1	0
1	1	1	1	0	1	0	0	0	0	1	0	0	0	0	0	0	0	1	1
0	0	0	0	0	0	0	0	0	0	0	0	0	0	0	1	0	0	1	1
0	0	0	0	0	1	0	0	0	0	0	0	0	0	0	0	0	0	1	0
0	0	0	0	0	0	0	1	0	0	0	0	0	0	0	0	0	0	1	0
1	0	0	1	1	1	0	1	1	0	1	0	1	0	0	1	0	0	1	0
0	0	1	0	0	0	0	0	0	0	1	0	0	0	0	0	0	0	1	0
0	0	0	1	0	0	0	0	0	0	0	0	0	0	0	0	0	0	1	0
1	1	1	1	0	1	0	0	0	1	1	1	1	1	1	1	1	1	0	0
0	0	0	0	0	0	0	0	0	0	0	1	1	0	0	0	0	0	0	0
DIFF_EDGE
0 0
CHROM_NUMBER
8
EOF
