TYPE : graph_{count}
DIMENSION: 16
EDGE_DATA_FORMAT: EDGE_LIST
EDGE_WEIGHT_TYPE: EXPLICIT
EDGE_WEIGHT_FORMAT: FULL_MATRIX
EDGE_DATA_SECTION
0 4
0 6
0 7
0 10
0 11
0 12
1 3
1 4
1 9
1 10
1 11
1 14
2 3
2 5
2 6
2 7
2 8
2 9
2 11
2 12
3 6
3 9
3 10
4 6
4 7
4 10
4 12
4 13
6 10
6 11
7 8
7 10
7 11
7 12
8 10
8 14
9 10
10 12
10 15
11 12
11 13
11 15
-1
EDGE_WEIGHT_SECTION
0	0	0	0	1	0	1	1	0	0	1	1	1	0	0	0
0	0	0	1	1	0	0	0	0	1	1	1	0	0	1	0
0	0	0	1	0	1	1	1	1	1	0	1	1	0	0	0
0	1	1	0	0	0	1	0	0	1	1	0	0	0	0	0
1	1	0	0	0	0	1	1	0	0	1	0	1	1	0	0
0	0	1	0	0	0	0	0	0	0	0	0	0	0	0	0
1	0	1	1	1	0	0	0	0	0	1	1	0	0	0	0
1	0	1	0	1	0	0	0	1	0	1	1	1	0	0	0
0	0	1	0	0	0	0	1	0	0	1	0	0	0	1	0
0	1	1	1	0	0	0	0	0	0	1	0	0	0	0	0
1	1	0	1	1	0	1	1	1	1	0	0	1	0	0	1
1	1	1	0	0	0	1	1	0	0	0	0	1	1	0	1
1	0	1	0	1	0	0	1	0	0	1	1	0	0	0	0
0	0	0	0	1	0	0	0	0	0	0	1	0	0	0	0
0	1	0	0	0	0	0	0	1	0	0	0	0	0	0	0
0	0	0	0	0	0	0	0	0	0	1	1	0	0	0	0
DIFF_EDGE
0 0
CHROM_NUMBER
7
EOF
