TYPE : graph_{count}
DIMENSION: 20
EDGE_DATA_FORMAT: EDGE_LIST
EDGE_WEIGHT_TYPE: EXPLICIT
EDGE_WEIGHT_FORMAT: FULL_MATRIX
EDGE_DATA_SECTION
0 1
0 2
0 3
0 4
0 5
0 7
0 8
0 9
0 10
0 11
0 14
0 17
1 3
1 5
1 6
1 9
1 10
1 11
1 14
1 18
2 5
2 6
2 7
2 14
2 16
2 18
3 4
3 5
3 7
3 8
3 11
4 5
4 7
4 8
4 9
4 11
4 13
4 14
4 18
5 8
5 9
5 10
5 11
6 18
7 9
7 10
7 11
7 12
8 10
8 14
8 19
9 10
9 11
9 14
9 16
9 18
10 11
10 13
10 14
10 15
10 18
11 14
11 18
11 19
12 14
12 18
14 18
15 18
17 18
-1
EDGE_WEIGHT_SECTION
0	1	1	1	1	1	0	1	1	1	1	1	0	0	1	0	0	1	0	0
1	0	0	1	0	1	1	0	0	1	1	1	0	0	1	0	0	0	1	0
1	0	0	0	0	1	1	1	0	0	0	0	0	0	1	0	1	0	1	0
1	1	0	0	1	1	0	1	1	0	0	1	0	0	0	0	0	0	0	0
1	0	0	1	0	1	0	1	1	1	0	1	0	1	1	0	0	0	1	0
1	1	1	1	1	0	0	0	1	1	1	1	0	0	0	0	0	0	0	0
0	1	1	0	0	0	0	0	0	0	0	0	0	0	0	0	0	0	1	0
1	0	1	1	1	0	0	0	0	1	1	1	1	0	0	0	0	0	0	0
1	0	0	1	1	1	0	0	0	0	1	0	0	0	1	0	0	0	0	1
1	1	0	0	1	1	0	1	0	0	1	1	0	0	1	0	1	0	1	0
1	1	0	0	0	1	0	1	1	1	0	1	0	1	1	1	0	0	1	0
1	1	0	1	1	1	0	1	0	1	1	1	0	0	1	0	0	0	1	1
0	0	0	0	0	0	0	1	0	0	0	0	0	0	1	0	0	0	1	0
0	0	0	0	1	0	0	0	0	0	1	0	0	0	0	0	0	0	0	0
1	1	1	0	1	0	0	0	1	1	1	1	1	0	0	0	0	0	1	0
0	0	0	0	0	0	0	0	0	0	1	0	0	0	0	0	0	0	1	0
0	0	1	0	0	0	0	0	0	1	0	0	0	0	0	0	0	0	0	0
1	0	0	0	0	0	0	0	0	0	0	0	0	0	0	0	0	0	1	0
0	1	1	0	1	0	1	0	0	1	1	1	1	0	1	1	0	1	0	0
0	0	0	0	0	0	0	0	1	0	0	1	0	0	0	0	0	0	0	0
DIFF_EDGE
0 0
CHROM_NUMBER
10
EOF
