TYPE : graph_{count}
DIMENSION: 20
EDGE_DATA_FORMAT: EDGE_LIST
EDGE_WEIGHT_TYPE: EXPLICIT
EDGE_WEIGHT_FORMAT: FULL_MATRIX
EDGE_DATA_SECTION
0 6
0 7
0 8
0 10
0 14
0 15
1 2
1 4
1 5
1 10
1 15
2 4
2 6
2 7
2 9
2 11
2 13
2 15
2 19
3 4
3 5
3 6
3 8
3 13
3 15
4 5
4 7
4 8
4 9
4 10
4 14
4 15
5 6
5 7
5 9
5 12
6 7
6 14
6 15
7 8
7 9
7 14
7 15
7 18
8 10
9 10
9 14
9 15
10 11
10 14
10 15
10 16
11 14
12 14
13 15
14 15
16 17
-1
EDGE_WEIGHT_SECTION
0	0	0	0	0	0	1	1	1	0	1	0	0	0	1	1	0	0	0	0
0	0	1	0	1	1	0	0	0	0	1	0	0	0	0	1	0	0	0	0
0	1	0	0	1	0	1	1	0	1	0	1	0	1	0	1	0	0	0	1
0	0	0	0	1	1	1	0	1	0	0	0	0	1	0	1	0	0	0	0
0	1	1	1	0	1	0	1	1	1	1	0	0	0	1	1	0	0	0	0
0	1	0	1	1	0	1	1	0	1	0	0	1	0	0	0	0	0	0	0
1	0	1	1	0	1	0	1	0	0	0	0	0	0	1	1	0	0	0	0
1	0	1	0	1	1	1	0	1	1	0	0	0	0	1	1	0	0	1	0
1	0	0	1	1	0	0	1	0	0	1	0	0	0	0	0	0	0	0	0
0	0	1	0	1	1	0	1	0	0	1	0	0	0	1	1	0	0	0	0
1	1	0	0	1	0	0	0	1	1	0	1	0	0	1	1	1	0	0	0
0	0	1	0	0	0	0	0	0	0	1	0	0	0	1	0	0	0	0	0
0	0	0	0	0	1	0	0	0	0	0	0	0	0	1	0	0	0	0	0
0	0	1	1	0	0	0	0	0	0	0	0	0	0	0	1	0	0	0	0
1	0	0	0	1	0	1	1	0	1	1	1	1	0	0	1	0	0	0	0
1	1	1	1	1	0	1	1	0	1	1	0	0	1	1	0	0	0	0	0
0	0	0	0	0	0	0	0	0	0	1	0	0	0	0	0	0	1	0	0
0	0	0	0	0	0	0	0	0	0	0	0	0	0	0	0	1	0	0	0
0	0	0	0	0	0	0	1	0	0	0	0	0	0	0	0	0	0	0	0
0	0	1	0	0	0	0	0	0	0	0	0	0	0	0	0	0	0	0	0
DIFF_EDGE
0 0
CHROM_NUMBER
8
EOF
