TYPE : graph_{count}
DIMENSION: 17
EDGE_DATA_FORMAT: EDGE_LIST
EDGE_WEIGHT_TYPE: EXPLICIT
EDGE_WEIGHT_FORMAT: FULL_MATRIX
EDGE_DATA_SECTION
0 8
0 9
1 2
1 4
1 5
1 7
2 3
2 4
2 6
2 7
2 9
2 10
2 15
3 4
3 6
3 9
3 14
3 16
4 5
4 7
4 8
4 9
4 13
4 14
5 7
6 7
6 11
6 14
7 10
7 14
8 9
8 10
8 14
12 16
13 14
14 15
-1
EDGE_WEIGHT_SECTION
0	0	0	0	0	0	0	0	1	1	0	0	0	0	0	0	0
0	0	1	0	1	1	0	1	0	0	0	0	0	0	0	0	0
0	1	0	1	1	0	1	1	0	1	1	0	0	0	0	1	0
0	0	1	0	1	0	1	0	0	1	0	0	0	0	1	0	1
0	1	1	1	0	1	0	1	1	1	0	0	0	1	1	0	0
0	1	0	0	1	0	0	1	0	0	0	0	0	0	0	0	0
0	0	1	1	0	0	0	1	0	0	0	1	0	0	1	0	0
0	1	1	0	1	1	1	0	0	0	1	0	0	0	1	0	0
1	0	0	0	1	0	0	0	0	1	1	0	0	0	1	0	0
1	0	1	1	1	0	0	0	1	0	0	0	0	0	0	0	0
0	0	1	0	0	0	0	1	1	0	0	0	0	0	0	0	0
0	0	0	0	0	0	1	0	0	0	0	0	0	0	0	0	0
0	0	0	0	0	0	0	0	0	0	0	0	0	0	0	0	1
0	0	0	0	1	0	0	0	0	0	0	0	0	0	1	0	0
0	0	0	1	1	0	1	1	1	0	0	0	0	1	0	1	0
0	0	1	0	0	0	0	0	0	0	0	0	0	0	1	0	0
0	0	0	1	0	0	0	0	0	0	0	0	1	0	0	0	0
DIFF_EDGE
0 0
CHROM_NUMBER
6
EOF
