TYPE : graph_{count}
DIMENSION: 20
EDGE_DATA_FORMAT: EDGE_LIST
EDGE_WEIGHT_TYPE: EXPLICIT
EDGE_WEIGHT_FORMAT: FULL_MATRIX
EDGE_DATA_SECTION
0 1
0 2
0 3
0 4
0 5
0 12
0 13
0 14
0 15
0 16
0 17
0 18
1 3
1 4
1 6
1 8
1 9
1 10
1 12
1 13
1 14
1 15
1 16
1 18
2 5
2 7
2 9
2 12
2 13
2 14
2 16
3 4
3 5
3 8
3 9
3 10
3 12
3 13
3 14
3 15
3 16
3 19
4 5
4 6
4 7
4 10
4 12
4 13
4 14
4 15
4 16
4 18
5 6
5 12
5 13
5 14
5 15
6 9
6 10
6 11
6 12
7 11
7 13
7 14
7 17
7 18
8 9
8 10
9 15
10 15
11 13
11 14
11 16
11 18
12 13
12 14
12 15
12 16
12 18
13 14
13 15
13 16
13 18
14 15
14 16
14 18
15 16
15 18
16 18
18 19
-1
EDGE_WEIGHT_SECTION
0	1	1	1	1	1	0	0	0	0	0	0	1	1	1	1	1	1	1	0
1	0	0	1	1	0	1	0	1	1	1	0	1	1	1	1	1	0	1	0
1	0	0	0	0	1	0	1	0	1	0	0	1	1	1	0	1	0	0	0
1	1	0	0	1	1	0	0	1	1	1	0	1	1	1	1	1	0	0	1
1	1	0	1	0	1	1	1	0	0	1	0	1	1	1	1	1	0	1	0
1	0	1	1	1	0	1	0	0	0	0	0	1	1	1	1	0	0	0	0
0	1	0	0	1	1	0	0	0	1	1	1	1	0	0	0	0	0	0	0
0	0	1	0	1	0	0	0	0	0	0	1	0	1	1	0	0	1	1	0
0	1	0	1	0	0	0	0	0	1	1	0	0	0	0	0	0	0	0	0
0	1	1	1	0	0	1	0	1	0	0	0	0	0	0	1	0	0	0	0
0	1	0	1	1	0	1	0	1	0	0	0	0	0	0	1	0	0	0	0
0	0	0	0	0	0	1	1	0	0	0	0	0	1	1	0	1	0	1	0
1	1	1	1	1	1	1	0	0	0	0	0	1	1	1	1	1	0	1	0
1	1	1	1	1	1	0	1	0	0	0	1	1	0	1	1	1	0	1	0
1	1	1	1	1	1	0	1	0	0	0	1	1	1	0	1	1	0	1	0
1	1	0	1	1	1	0	0	0	1	1	0	1	1	1	0	1	0	1	0
1	1	1	1	1	0	0	0	0	0	0	1	1	1	1	1	0	0	1	0
1	0	0	0	0	0	0	1	0	0	0	0	0	0	0	0	0	0	0	0
1	1	0	0	1	0	0	1	0	0	0	1	1	1	1	1	1	0	0	1
0	0	0	1	0	0	0	0	0	0	0	0	0	0	0	0	0	0	1	0
DIFF_EDGE
0 0
CHROM_NUMBER
12
EOF
