TYPE : graph_{count}
DIMENSION: 17
EDGE_DATA_FORMAT: EDGE_LIST
EDGE_WEIGHT_TYPE: EXPLICIT
EDGE_WEIGHT_FORMAT: FULL_MATRIX
EDGE_DATA_SECTION
0 1
0 4
0 6
0 7
0 9
0 10
0 11
0 15
0 16
1 4
1 7
1 9
1 10
1 11
1 16
2 5
2 8
2 9
2 10
2 16
3 4
3 5
3 8
4 6
4 9
4 10
4 11
4 14
4 16
5 6
5 7
5 16
6 7
6 8
6 11
6 16
7 10
8 9
8 10
8 11
8 12
8 13
10 11
10 16
11 16
13 16
14 16
-1
EDGE_WEIGHT_SECTION
0	1	0	0	1	0	1	1	0	1	1	1	0	0	0	1	1
1	0	0	0	1	0	0	1	0	1	1	1	0	0	0	0	1
0	0	0	0	0	1	0	0	1	1	1	0	0	0	0	0	1
0	0	0	0	1	1	0	0	1	0	0	0	0	0	0	0	0
1	1	0	1	0	0	1	0	0	1	1	1	0	0	1	0	1
0	0	1	1	0	0	1	1	0	0	0	0	0	0	0	0	1
1	0	0	0	1	1	0	1	1	0	0	1	0	0	0	0	1
1	1	0	0	0	1	1	0	0	0	1	0	0	0	0	0	0
0	0	1	1	0	0	1	0	0	1	1	1	1	1	0	0	0
1	1	1	0	1	0	0	0	1	0	0	0	0	0	0	0	0
1	1	1	0	1	0	0	1	1	0	0	1	0	0	0	0	1
1	1	0	0	1	0	1	0	1	0	1	0	0	0	0	0	1
0	0	0	0	0	0	0	0	1	0	0	0	0	0	0	0	0
0	0	0	0	0	0	0	0	1	0	0	0	0	0	0	0	1
0	0	0	0	1	0	0	0	0	0	0	0	0	0	0	0	1
1	0	0	0	0	0	0	0	0	0	0	0	0	0	0	0	0
1	1	1	0	1	1	1	0	0	0	1	1	0	1	1	0	1
DIFF_EDGE
0 0
CHROM_NUMBER
8
EOF
