TYPE : graph_{count}
DIMENSION: 16
EDGE_DATA_FORMAT: EDGE_LIST
EDGE_WEIGHT_TYPE: EXPLICIT
EDGE_WEIGHT_FORMAT: FULL_MATRIX
EDGE_DATA_SECTION
0 4
0 5
0 6
0 7
0 8
0 9
0 11
0 12
0 13
1 5
1 6
1 10
2 6
2 7
2 8
2 9
2 13
2 14
3 6
3 10
3 13
3 14
4 6
5 6
5 10
5 13
6 8
6 9
6 12
6 13
6 14
7 12
8 12
8 13
8 14
9 10
9 13
10 13
10 14
11 13
11 15
12 13
12 14
13 14
14 15
-1
EDGE_WEIGHT_SECTION
0	0	0	0	1	1	1	1	1	1	0	1	1	1	0	0
0	0	0	0	0	1	1	0	0	0	1	0	0	0	0	0
0	0	0	0	0	0	1	1	1	1	0	0	0	1	1	0
0	0	0	0	0	0	1	0	0	0	1	0	0	1	1	0
1	0	0	0	0	0	1	0	0	0	0	0	0	0	0	0
1	1	0	0	0	0	1	0	0	0	1	0	0	1	0	0
1	1	1	1	1	1	0	0	1	1	0	0	1	1	1	0
1	0	1	0	0	0	0	0	0	0	0	0	1	0	0	0
1	0	1	0	0	0	1	0	0	0	0	0	1	1	1	0
1	0	1	0	0	0	1	0	0	0	1	0	0	1	0	0
0	1	0	1	0	1	0	0	0	1	0	0	0	1	1	0
1	0	0	0	0	0	0	0	0	0	0	0	0	1	0	1
1	0	0	0	0	0	1	1	1	0	0	0	0	1	1	0
1	0	1	1	0	1	1	0	1	1	1	1	1	0	1	0
0	0	1	1	0	0	1	0	1	0	1	0	1	1	0	1
0	0	0	0	0	0	0	0	0	0	0	1	0	0	1	0
DIFF_EDGE
0 0
CHROM_NUMBER
7
EOF
