TYPE : graph_{count}
DIMENSION: 16
EDGE_DATA_FORMAT: EDGE_LIST
EDGE_WEIGHT_TYPE: EXPLICIT
EDGE_WEIGHT_FORMAT: FULL_MATRIX
EDGE_DATA_SECTION
0 2
0 6
0 7
0 8
0 12
0 13
1 3
1 4
1 8
2 3
2 4
2 5
2 6
2 7
2 9
2 10
2 12
3 4
3 5
3 9
4 5
4 8
5 6
5 8
5 10
6 7
6 12
6 14
7 9
7 12
8 9
8 10
8 12
9 11
9 14
11 12
14 15
-1
EDGE_WEIGHT_SECTION
0	0	1	0	0	0	1	1	1	0	0	0	1	1	0	0
0	0	0	1	1	0	0	0	1	0	0	0	0	0	0	0
1	0	0	1	1	1	1	1	0	1	1	0	1	0	0	0
0	1	1	0	1	1	0	0	0	1	0	0	0	0	0	0
0	1	1	1	0	1	0	0	1	0	0	0	0	0	0	0
0	0	1	1	1	0	1	0	1	0	1	0	0	0	0	0
1	0	1	0	0	1	0	1	0	0	0	0	1	0	1	0
1	0	1	0	0	0	1	0	0	1	0	0	1	0	0	0
1	1	0	0	1	1	0	0	0	1	1	0	1	0	0	0
0	0	1	1	0	0	0	1	1	0	0	1	0	0	1	0
0	0	1	0	0	1	0	0	1	0	0	0	0	0	0	0
0	0	0	0	0	0	0	0	0	1	0	0	1	0	0	0
1	0	1	0	0	0	1	1	1	0	0	1	0	0	0	0
1	0	0	0	0	0	0	0	0	0	0	0	0	0	0	0
0	0	0	0	0	0	1	0	0	1	0	0	0	0	0	1
0	0	0	0	0	0	0	0	0	0	0	0	0	0	1	0
DIFF_EDGE
0 0
CHROM_NUMBER
6
EOF
