TYPE : graph_{count}
DIMENSION: 21
EDGE_DATA_FORMAT: EDGE_LIST
EDGE_WEIGHT_TYPE: EXPLICIT
EDGE_WEIGHT_FORMAT: FULL_MATRIX
EDGE_DATA_SECTION
0 1
0 3
0 4
0 5
0 7
0 19
1 6
1 7
1 9
1 15
1 16
1 17
1 20
2 3
2 8
2 10
2 20
3 5
3 8
3 10
3 12
3 14
3 17
4 6
4 7
4 8
4 9
4 10
4 19
4 20
5 6
5 8
5 9
5 19
5 20
6 7
6 8
6 10
6 17
6 19
7 9
7 10
7 17
7 19
7 20
8 9
8 10
8 17
9 10
9 11
9 14
9 19
10 13
10 16
10 19
11 17
11 20
12 20
13 18
15 19
17 18
17 19
17 20
18 20
19 20
-1
EDGE_WEIGHT_SECTION
0	1	0	1	1	1	0	1	0	0	0	0	0	0	0	0	0	0	0	1	0
1	0	0	0	0	0	1	1	0	1	0	0	0	0	0	1	1	1	0	0	1
0	0	0	1	0	0	0	0	1	0	1	0	0	0	0	0	0	0	0	0	1
1	0	1	0	0	1	0	0	1	0	1	0	1	0	1	0	0	1	0	0	0
1	0	0	0	0	0	1	1	1	1	1	0	0	0	0	0	0	0	0	1	1
1	0	0	1	0	0	1	0	1	1	0	0	0	0	0	0	0	0	0	1	1
0	1	0	0	1	1	0	1	1	0	1	0	0	0	0	0	0	1	0	1	0
1	1	0	0	1	0	1	0	0	1	1	0	0	0	0	0	0	1	0	1	1
0	0	1	1	1	1	1	0	0	1	1	0	0	0	0	0	0	1	0	0	0
0	1	0	0	1	1	0	1	1	0	1	1	0	0	1	0	0	0	0	1	0
0	0	1	1	1	0	1	1	1	1	0	0	0	1	0	0	1	0	0	1	0
0	0	0	0	0	0	0	0	0	1	0	0	0	0	0	0	0	1	0	0	1
0	0	0	1	0	0	0	0	0	0	0	0	0	0	0	0	0	0	0	0	1
0	0	0	0	0	0	0	0	0	0	1	0	0	0	0	0	0	0	1	0	0
0	0	0	1	0	0	0	0	0	1	0	0	0	0	0	0	0	0	0	0	0
0	1	0	0	0	0	0	0	0	0	0	0	0	0	0	0	0	0	0	1	0
0	1	0	0	0	0	0	0	0	0	1	0	0	0	0	0	0	0	0	0	0
0	1	0	1	0	0	1	1	1	0	0	1	0	0	0	0	0	0	1	1	1
0	0	0	0	0	0	0	0	0	0	0	0	0	1	0	0	0	1	0	0	1
1	0	0	0	1	1	1	1	0	1	1	0	0	0	0	1	0	1	0	0	1
0	1	1	0	1	1	0	1	0	0	0	1	1	0	0	0	0	1	1	1	0
DIFF_EDGE
0 0
CHROM_NUMBER
9
EOF
