TYPE : graph_{count}
DIMENSION: 18
EDGE_DATA_FORMAT: EDGE_LIST
EDGE_WEIGHT_TYPE: EXPLICIT
EDGE_WEIGHT_FORMAT: FULL_MATRIX
EDGE_DATA_SECTION
0 4
0 5
0 6
0 8
0 9
0 12
1 2
1 3
1 6
1 10
1 16
2 5
2 6
2 7
2 8
2 9
2 10
2 15
2 17
3 4
3 5
3 8
3 9
3 14
4 5
4 6
4 9
4 11
4 12
5 6
5 9
5 10
5 13
6 8
6 9
6 10
6 12
7 9
7 11
8 12
9 10
9 12
12 13
12 16
12 17
-1
EDGE_WEIGHT_SECTION
0	0	0	0	1	1	1	0	1	1	0	0	1	0	0	0	0	0
0	0	1	1	0	0	1	0	0	0	1	0	0	0	0	0	1	0
0	1	0	0	0	1	1	1	1	1	1	0	0	0	0	1	0	1
0	1	0	0	1	1	0	0	1	1	0	0	0	0	1	0	0	0
1	0	0	1	0	1	1	0	0	1	0	1	1	0	0	0	0	0
1	0	1	1	1	0	1	0	0	1	1	0	0	1	0	0	0	0
1	1	1	0	1	1	0	0	1	1	1	0	1	0	0	0	0	0
0	0	1	0	0	0	0	0	0	1	0	1	0	0	0	0	0	0
1	0	1	1	0	0	1	0	0	0	0	0	1	0	0	0	0	0
1	0	1	1	1	1	1	1	0	0	1	0	1	0	0	0	0	0
0	1	1	0	0	1	1	0	0	1	0	0	0	0	0	0	0	0
0	0	0	0	1	0	0	1	0	0	0	0	0	0	0	0	0	0
1	0	0	0	1	0	1	0	1	1	0	0	1	1	0	0	1	1
0	0	0	0	0	1	0	0	0	0	0	0	1	0	0	0	0	0
0	0	0	1	0	0	0	0	0	0	0	0	0	0	0	0	0	0
0	0	1	0	0	0	0	0	0	0	0	0	0	0	0	0	0	0
0	1	0	0	0	0	0	0	0	0	0	0	1	0	0	0	0	0
0	0	1	0	0	0	0	0	0	0	0	0	1	0	0	0	0	0
DIFF_EDGE
0 0
CHROM_NUMBER
8
EOF
