TYPE : graph_{count}
DIMENSION: 21
EDGE_DATA_FORMAT: EDGE_LIST
EDGE_WEIGHT_TYPE: EXPLICIT
EDGE_WEIGHT_FORMAT: FULL_MATRIX
EDGE_DATA_SECTION
0 2
0 3
0 5
0 6
0 8
0 11
0 18
0 19
0 20
1 3
1 4
1 5
1 6
1 10
1 11
1 14
1 19
2 5
2 6
2 8
2 9
2 11
2 18
2 19
3 11
3 13
3 18
3 19
4 6
4 8
4 11
4 18
5 7
5 8
5 9
5 10
5 15
5 17
5 19
6 8
6 9
6 10
6 11
6 16
6 19
7 8
7 18
7 19
8 12
8 19
9 14
10 13
10 18
11 17
11 18
11 19
14 18
17 18
18 19
-1
EDGE_WEIGHT_SECTION
0	0	1	1	0	1	1	0	1	0	0	1	0	0	0	0	0	0	1	1	1
0	0	0	1	1	1	1	0	0	0	1	1	0	0	1	0	0	0	0	1	0
1	0	0	0	0	1	1	0	1	1	0	1	0	0	0	0	0	0	1	1	0
1	1	0	0	0	0	0	0	0	0	0	1	0	1	0	0	0	0	1	1	0
0	1	0	0	0	0	1	0	1	0	0	1	0	0	0	0	0	0	1	0	0
1	1	1	0	0	0	0	1	1	1	1	0	0	0	0	1	0	1	0	1	0
1	1	1	0	1	0	0	0	1	1	1	1	0	0	0	0	1	0	0	1	0
0	0	0	0	0	1	0	0	1	0	0	0	0	0	0	0	0	0	1	1	0
1	0	1	0	1	1	1	1	0	0	0	0	1	0	0	0	0	0	0	1	0
0	0	1	0	0	1	1	0	0	0	0	0	0	0	1	0	0	0	0	0	0
0	1	0	0	0	1	1	0	0	0	0	0	0	1	0	0	0	0	1	0	0
1	1	1	1	1	0	1	0	0	0	0	0	0	0	0	0	0	1	1	1	0
0	0	0	0	0	0	0	0	1	0	0	0	0	0	0	0	0	0	0	0	0
0	0	0	1	0	0	0	0	0	0	1	0	0	0	0	0	0	0	0	0	0
0	1	0	0	0	0	0	0	0	1	0	0	0	0	0	0	0	0	1	0	0
0	0	0	0	0	1	0	0	0	0	0	0	0	0	0	0	0	0	0	0	0
0	0	0	0	0	0	1	0	0	0	0	0	0	0	0	0	0	0	0	0	0
0	0	0	0	0	1	0	0	0	0	0	1	0	0	0	0	0	0	1	0	0
1	0	1	1	1	0	0	1	0	0	1	1	0	0	1	0	0	1	0	1	0
1	1	1	1	0	1	1	1	1	0	0	1	0	0	0	0	0	0	1	0	0
1	0	0	0	0	0	0	0	0	0	0	0	0	0	0	0	0	0	0	0	0
DIFF_EDGE
0 0
CHROM_NUMBER
9
EOF
