TYPE : graph_{count}
DIMENSION: 19
EDGE_DATA_FORMAT: EDGE_LIST
EDGE_WEIGHT_TYPE: EXPLICIT
EDGE_WEIGHT_FORMAT: FULL_MATRIX
EDGE_DATA_SECTION
0 1
0 3
0 4
0 7
0 8
0 9
0 10
0 11
0 12
1 2
1 4
1 7
1 10
1 11
1 12
1 16
2 3
2 5
2 7
2 10
2 14
2 18
3 5
3 10
3 11
3 12
4 5
4 7
4 8
4 11
4 12
4 18
5 7
6 9
6 15
7 8
7 11
7 12
8 15
8 17
9 11
9 13
9 17
10 12
10 13
11 12
-1
EDGE_WEIGHT_SECTION
0	1	0	1	1	0	0	1	1	1	1	1	1	0	0	0	0	0	0
1	0	1	0	1	0	0	1	0	0	1	1	1	0	0	0	1	0	0
0	1	0	1	0	1	0	1	0	0	1	0	0	0	1	0	0	0	1
1	0	1	0	0	1	0	0	0	0	1	1	1	0	0	0	0	0	0
1	1	0	0	0	1	0	1	1	0	0	1	1	0	0	0	0	0	1
0	0	1	1	1	0	0	1	0	0	0	0	0	0	0	0	0	0	0
0	0	0	0	0	0	0	0	0	1	0	0	0	0	0	1	0	0	0
1	1	1	0	1	1	0	0	1	0	0	1	1	0	0	0	0	0	0
1	0	0	0	1	0	0	1	0	0	0	0	0	0	0	1	0	1	0
1	0	0	0	0	0	1	0	0	0	0	1	0	1	0	0	0	1	0
1	1	1	1	0	0	0	0	0	0	0	0	1	1	0	0	0	0	0
1	1	0	1	1	0	0	1	0	1	0	0	1	0	0	0	0	0	0
1	1	0	1	1	0	0	1	0	0	1	1	0	0	0	0	0	0	0
0	0	0	0	0	0	0	0	0	1	1	0	0	0	0	0	0	0	0
0	0	1	0	0	0	0	0	0	0	0	0	0	0	0	0	0	0	0
0	0	0	0	0	0	1	0	1	0	0	0	0	0	0	0	0	0	0
0	1	0	0	0	0	0	0	0	0	0	0	0	0	0	0	0	0	0
0	0	0	0	0	0	0	0	1	1	0	0	0	0	0	0	0	0	0
0	0	1	0	1	0	0	0	0	0	0	0	0	0	0	0	0	0	0
DIFF_EDGE
0 0
CHROM_NUMBER
8
EOF
