TYPE : graph_{count}
DIMENSION: 15
EDGE_DATA_FORMAT: EDGE_LIST
EDGE_WEIGHT_TYPE: EXPLICIT
EDGE_WEIGHT_FORMAT: FULL_MATRIX
EDGE_DATA_SECTION
0 4
0 5
0 7
0 10
0 11
0 12
1 5
1 8
2 4
2 6
2 7
2 8
2 9
2 11
2 12
2 13
3 5
3 6
3 12
4 7
4 9
4 11
4 12
4 13
5 6
5 8
5 12
5 13
7 8
7 12
7 13
7 14
8 9
8 10
8 12
8 13
9 11
11 12
11 13
11 14
12 13
-1
EDGE_WEIGHT_SECTION
0	0	0	0	1	1	0	1	0	0	1	1	1	0	0
0	0	0	0	0	1	0	0	1	0	0	0	0	0	0
0	0	0	0	1	0	1	1	1	1	0	1	1	1	0
0	0	0	0	0	1	1	0	0	0	0	0	1	0	0
1	0	1	0	0	0	0	1	0	1	0	1	1	1	0
1	1	0	1	0	0	1	0	1	0	0	0	1	1	0
0	0	1	1	0	1	0	0	0	0	0	0	0	0	0
1	0	1	0	1	0	0	0	1	0	0	0	1	1	1
0	1	1	0	0	1	0	1	0	1	1	0	1	1	0
0	0	1	0	1	0	0	0	1	0	0	1	0	0	0
1	0	0	0	0	0	0	0	1	0	0	0	0	0	0
1	0	1	0	1	0	0	0	0	1	0	0	1	1	1
1	0	1	1	1	1	0	1	1	0	0	1	0	1	0
0	0	1	0	1	1	0	1	1	0	0	1	1	0	0
0	0	0	0	0	0	0	1	0	0	0	1	0	0	0
DIFF_EDGE
0 0
CHROM_NUMBER
8
EOF
