TYPE : graph_{count}
DIMENSION: 21
EDGE_DATA_FORMAT: EDGE_LIST
EDGE_WEIGHT_TYPE: EXPLICIT
EDGE_WEIGHT_FORMAT: FULL_MATRIX
EDGE_DATA_SECTION
0 6
0 8
0 9
0 10
0 15
1 3
1 4
1 5
1 6
1 7
1 9
1 10
1 12
1 14
1 17
1 18
2 4
2 6
2 7
2 10
2 12
2 17
3 5
3 10
4 6
4 7
4 8
4 9
4 10
4 12
4 17
4 18
5 8
5 10
5 15
6 9
6 10
6 17
6 18
7 9
7 10
7 12
7 17
7 18
9 11
9 12
9 16
9 17
10 12
10 13
10 18
11 17
11 18
12 17
12 18
13 17
15 17
16 17
17 18
17 19
18 20
-1
EDGE_WEIGHT_SECTION
0	0	0	0	0	0	1	0	1	1	1	0	0	0	0	1	0	0	0	0	0
0	0	0	1	1	1	1	1	0	1	1	0	1	0	1	0	0	1	1	0	0
0	0	0	0	1	0	1	1	0	0	1	0	1	0	0	0	0	1	0	0	0
0	1	0	0	0	1	0	0	0	0	1	0	0	0	0	0	0	0	0	0	0
0	1	1	0	0	0	1	1	1	1	1	0	1	0	0	0	0	1	1	0	0
0	1	0	1	0	0	0	0	1	0	1	0	0	0	0	1	0	0	0	0	0
1	1	1	0	1	0	0	0	0	1	1	0	0	0	0	0	0	1	1	0	0
0	1	1	0	1	0	0	0	0	1	1	0	1	0	0	0	0	1	1	0	0
1	0	0	0	1	1	0	0	0	0	0	0	0	0	0	0	0	0	0	0	0
1	1	0	0	1	0	1	1	0	0	0	1	1	0	0	0	1	1	0	0	0
1	1	1	1	1	1	1	1	0	0	0	0	1	1	0	0	0	0	1	0	0
0	0	0	0	0	0	0	0	0	1	0	0	0	0	0	0	0	1	1	0	0
0	1	1	0	1	0	0	1	0	1	1	0	0	0	0	0	0	1	1	0	0
0	0	0	0	0	0	0	0	0	0	1	0	0	0	0	0	0	1	0	0	0
0	1	0	0	0	0	0	0	0	0	0	0	0	0	0	0	0	0	0	0	0
1	0	0	0	0	1	0	0	0	0	0	0	0	0	0	0	0	1	0	0	0
0	0	0	0	0	0	0	0	0	1	0	0	0	0	0	0	0	1	0	0	0
0	1	1	0	1	0	1	1	0	1	0	1	1	1	0	1	1	0	1	1	0
0	1	0	0	1	0	1	1	0	0	1	1	1	0	0	0	0	1	0	0	1
0	0	0	0	0	0	0	0	0	0	0	0	0	0	0	0	0	1	0	0	0
0	0	0	0	0	0	0	0	0	0	0	0	0	0	0	0	0	0	1	0	0
DIFF_EDGE
0 0
CHROM_NUMBER
9
EOF
