TYPE : graph_{count}
DIMENSION: 15
EDGE_DATA_FORMAT: EDGE_LIST
EDGE_WEIGHT_TYPE: EXPLICIT
EDGE_WEIGHT_FORMAT: FULL_MATRIX
EDGE_DATA_SECTION
0 2
0 3
0 5
0 6
0 7
0 10
0 11
0 14
1 5
1 6
1 7
2 4
2 6
2 7
2 10
2 11
2 14
3 5
3 7
3 10
3 14
4 8
4 10
4 12
5 6
5 8
5 11
6 7
6 8
6 9
6 10
6 11
6 14
7 8
7 10
7 11
7 12
7 14
8 10
8 14
10 13
10 14
11 13
11 14
12 14
-1
EDGE_WEIGHT_SECTION
0	0	1	1	0	1	1	1	0	0	1	1	0	0	1
0	0	0	0	0	1	1	1	0	0	0	0	0	0	0
1	0	0	0	1	0	1	1	0	0	1	1	0	0	1
1	0	0	0	0	1	0	1	0	0	1	0	0	0	1
0	0	1	0	0	0	0	0	1	0	1	0	1	0	0
1	1	0	1	0	0	1	0	1	0	0	1	0	0	0
1	1	1	0	0	1	0	1	1	1	1	1	0	0	1
1	1	1	1	0	0	1	0	1	0	1	1	1	0	1
0	0	0	0	1	1	1	1	0	0	1	0	0	0	1
0	0	0	0	0	0	1	0	0	0	0	0	0	0	0
1	0	1	1	1	0	1	1	1	0	0	0	0	1	1
1	0	1	0	0	1	1	1	0	0	0	0	0	1	1
0	0	0	0	1	0	0	1	0	0	0	0	0	0	1
0	0	0	0	0	0	0	0	0	0	1	1	0	0	0
1	0	1	1	0	0	1	1	1	0	1	1	1	0	0
DIFF_EDGE
0 0
CHROM_NUMBER
8
EOF
