TYPE : graph_{count}
DIMENSION: 19
EDGE_DATA_FORMAT: EDGE_LIST
EDGE_WEIGHT_TYPE: EXPLICIT
EDGE_WEIGHT_FORMAT: FULL_MATRIX
EDGE_DATA_SECTION
0 1
0 2
0 6
0 7
0 10
0 11
0 13
1 3
1 4
1 5
1 6
1 7
1 9
1 13
1 15
1 16
2 4
2 9
2 12
2 13
2 17
3 4
3 5
3 8
3 17
4 6
4 7
4 8
4 13
5 8
5 9
5 10
5 16
6 7
6 13
6 16
6 17
7 9
7 13
7 16
7 17
9 11
11 16
11 17
12 14
12 16
12 18
13 16
13 17
15 16
15 17
16 17
-1
EDGE_WEIGHT_SECTION
0	1	1	0	0	0	1	1	0	0	1	1	0	1	0	0	0	0	0
1	0	0	1	1	1	1	1	0	1	0	0	0	1	0	1	1	0	0
1	0	0	0	1	0	0	0	0	1	0	0	1	1	0	0	0	1	0
0	1	0	0	1	1	0	0	1	0	0	0	0	0	0	0	0	1	0
0	1	1	1	0	0	1	1	1	0	0	0	0	1	0	0	0	0	0
0	1	0	1	0	0	0	0	1	1	1	0	0	0	0	0	1	0	0
1	1	0	0	1	0	0	1	0	0	0	0	0	1	0	0	1	1	0
1	1	0	0	1	0	1	0	0	1	0	0	0	1	0	0	1	1	0
0	0	0	1	1	1	0	0	0	0	0	0	0	0	0	0	0	0	0
0	1	1	0	0	1	0	1	0	0	0	1	0	0	0	0	0	0	0
1	0	0	0	0	1	0	0	0	0	0	0	0	0	0	0	0	0	0
1	0	0	0	0	0	0	0	0	1	0	0	0	0	0	0	1	1	0
0	0	1	0	0	0	0	0	0	0	0	0	0	0	1	0	1	0	1
1	1	1	0	1	0	1	1	0	0	0	0	0	0	0	0	1	1	0
0	0	0	0	0	0	0	0	0	0	0	0	1	0	0	0	0	0	0
0	1	0	0	0	0	0	0	0	0	0	0	0	0	0	0	1	1	0
0	1	0	0	0	1	1	1	0	0	0	1	1	1	0	1	0	1	0
0	0	1	1	0	0	1	1	0	0	0	1	0	1	0	1	1	0	0
0	0	0	0	0	0	0	0	0	0	0	0	1	0	0	0	0	0	0
DIFF_EDGE
0 0
CHROM_NUMBER
8
EOF
