TYPE : graph_{count}
DIMENSION: 20
EDGE_DATA_FORMAT: EDGE_LIST
EDGE_WEIGHT_TYPE: EXPLICIT
EDGE_WEIGHT_FORMAT: FULL_MATRIX
EDGE_DATA_SECTION
0 2
0 3
0 4
0 5
0 6
0 8
0 10
0 11
0 12
0 15
0 19
1 5
1 6
1 8
1 13
2 3
2 5
2 6
2 7
2 10
2 11
2 12
2 14
2 16
3 5
3 6
3 7
3 8
3 10
3 11
3 12
3 13
3 16
4 5
4 6
4 7
4 8
4 9
4 10
4 17
4 19
5 6
5 7
5 8
5 9
5 11
5 12
5 16
5 19
6 9
6 11
6 12
6 16
6 19
7 9
7 10
7 11
7 12
8 10
9 10
9 11
9 16
9 19
10 11
10 12
10 16
11 12
11 16
11 19
12 16
12 19
13 16
13 18
13 19
14 19
15 16
15 19
16 17
16 19
18 19
-1
EDGE_WEIGHT_SECTION
0	0	1	1	1	1	1	0	1	0	1	1	1	0	0	1	0	0	0	1
0	0	0	0	0	1	1	0	1	0	0	0	0	1	0	0	0	0	0	0
1	0	0	1	0	1	1	1	0	0	1	1	1	0	1	0	1	0	0	0
1	0	1	0	0	1	1	1	1	0	1	1	1	1	0	0	1	0	0	0
1	0	0	0	0	1	1	1	1	1	1	0	0	0	0	0	0	1	0	1
1	1	1	1	1	0	1	1	1	1	0	1	1	0	0	0	1	0	0	1
1	1	1	1	1	1	0	0	0	1	0	1	1	0	0	0	1	0	0	1
0	0	1	1	1	1	0	0	0	1	1	1	1	0	0	0	0	0	0	0
1	1	0	1	1	1	0	0	0	0	1	0	0	0	0	0	0	0	0	0
0	0	0	0	1	1	1	1	0	0	1	1	0	0	0	0	1	0	0	1
1	0	1	1	1	0	0	1	1	1	0	1	1	0	0	0	1	0	0	0
1	0	1	1	0	1	1	1	0	1	1	0	1	0	0	0	1	0	0	1
1	0	1	1	0	1	1	1	0	0	1	1	0	0	0	0	1	0	0	1
0	1	0	1	0	0	0	0	0	0	0	0	0	0	0	0	1	0	1	1
0	0	1	0	0	0	0	0	0	0	0	0	0	0	0	0	0	0	0	1
1	0	0	0	0	0	0	0	0	0	0	0	0	0	0	0	1	0	0	1
0	0	1	1	0	1	1	0	0	1	1	1	1	1	0	1	0	1	0	1
0	0	0	0	1	0	0	0	0	0	0	0	0	0	0	0	1	0	0	0
0	0	0	0	0	0	0	0	0	0	0	0	0	1	0	0	0	0	0	1
1	0	0	0	1	1	1	0	0	1	0	1	1	1	1	1	1	0	1	1
DIFF_EDGE
0 0
CHROM_NUMBER
11
EOF
