TYPE : graph_{count}
DIMENSION: 18
EDGE_DATA_FORMAT: EDGE_LIST
EDGE_WEIGHT_TYPE: EXPLICIT
EDGE_WEIGHT_FORMAT: FULL_MATRIX
EDGE_DATA_SECTION
0 2
0 3
0 4
0 8
0 10
0 17
1 3
1 4
1 5
1 6
1 8
1 10
1 12
1 17
2 6
2 7
2 8
2 10
2 11
3 5
3 11
3 12
3 17
4 5
4 8
4 9
4 10
4 12
4 13
4 16
5 6
5 7
5 8
5 10
5 12
5 17
6 17
7 8
7 9
7 10
7 12
7 16
7 17
8 9
8 10
8 12
8 14
9 10
10 12
10 17
12 15
12 17
13 17
14 17
-1
EDGE_WEIGHT_SECTION
0	0	1	1	1	0	0	0	1	0	1	0	0	0	0	0	0	1
0	0	0	1	1	1	1	0	1	0	1	0	1	0	0	0	0	1
1	0	0	0	0	0	1	1	1	0	1	1	0	0	0	0	0	0
1	1	0	0	0	1	0	0	0	0	0	1	1	0	0	0	0	1
1	1	0	0	0	1	0	0	1	1	1	0	1	1	0	0	1	0
0	1	0	1	1	0	1	1	1	0	1	0	1	0	0	0	0	1
0	1	1	0	0	1	0	0	0	0	0	0	0	0	0	0	0	1
0	0	1	0	0	1	0	0	1	1	1	0	1	0	0	0	1	1
1	1	1	0	1	1	0	1	0	1	1	0	1	0	1	0	0	0
0	0	0	0	1	0	0	1	1	0	1	0	0	0	0	0	0	0
1	1	1	0	1	1	0	1	1	1	0	0	1	0	0	0	0	1
0	0	1	1	0	0	0	0	0	0	0	0	0	0	0	0	0	0
0	1	0	1	1	1	0	1	1	0	1	0	0	0	0	1	0	1
0	0	0	0	1	0	0	0	0	0	0	0	0	0	0	0	0	1
0	0	0	0	0	0	0	0	1	0	0	0	0	0	0	0	0	1
0	0	0	0	0	0	0	0	0	0	0	0	1	0	0	0	0	0
0	0	0	0	1	0	0	1	0	0	0	0	0	0	0	0	0	0
1	1	0	1	0	1	1	1	0	0	1	0	1	1	1	0	0	0
DIFF_EDGE
0 0
CHROM_NUMBER
9
EOF
