TYPE : graph_{count}
DIMENSION: 18
EDGE_DATA_FORMAT: EDGE_LIST
EDGE_WEIGHT_TYPE: EXPLICIT
EDGE_WEIGHT_FORMAT: FULL_MATRIX
EDGE_DATA_SECTION
0 1
0 2
0 4
0 5
0 6
0 8
0 9
0 10
0 12
0 16
1 2
1 3
1 7
1 9
2 4
2 5
2 6
2 7
2 11
2 12
3 4
3 5
3 6
3 7
3 8
3 10
4 13
4 14
5 6
5 7
5 9
5 12
5 14
5 15
6 7
6 8
6 10
6 12
6 14
6 17
7 12
7 14
9 17
10 12
10 14
11 14
12 13
12 14
14 16
-1
EDGE_WEIGHT_SECTION
0	1	1	0	1	1	1	0	1	1	1	0	1	0	0	0	1	0
1	0	1	1	0	0	0	1	0	1	0	0	0	0	0	0	0	0
1	1	0	0	1	1	1	1	0	0	0	1	1	0	0	0	0	0
0	1	0	0	1	1	1	1	1	0	1	0	0	0	0	0	0	0
1	0	1	1	0	0	0	0	0	0	0	0	0	1	1	0	0	0
1	0	1	1	0	0	1	1	0	1	0	0	1	0	1	1	0	0
1	0	1	1	0	1	0	1	1	0	1	0	1	0	1	0	0	1
0	1	1	1	0	1	1	0	0	0	0	0	1	0	1	0	0	0
1	0	0	1	0	0	1	0	0	0	0	0	0	0	0	0	0	0
1	1	0	0	0	1	0	0	0	0	0	0	0	0	0	0	0	1
1	0	0	1	0	0	1	0	0	0	0	0	1	0	1	0	0	0
0	0	1	0	0	0	0	0	0	0	0	0	0	0	1	0	0	0
1	0	1	0	0	1	1	1	0	0	1	0	0	1	1	0	0	0
0	0	0	0	1	0	0	0	0	0	0	0	1	0	0	0	0	0
0	0	0	0	1	1	1	1	0	0	1	1	1	0	0	0	1	0
0	0	0	0	0	1	0	0	0	0	0	0	0	0	0	0	0	0
1	0	0	0	0	0	0	0	0	0	0	0	0	0	1	0	0	0
0	0	0	0	0	0	1	0	0	1	0	0	0	0	0	0	0	0
DIFF_EDGE
0 0
CHROM_NUMBER
8
EOF
