TYPE : graph_{count}
DIMENSION: 21
EDGE_DATA_FORMAT: EDGE_LIST
EDGE_WEIGHT_TYPE: EXPLICIT
EDGE_WEIGHT_FORMAT: FULL_MATRIX
EDGE_DATA_SECTION
0 1
0 4
0 5
0 8
0 17
0 19
1 2
1 3
1 8
1 9
1 10
1 17
1 18
2 4
2 11
2 17
2 19
3 4
3 5
3 6
3 7
3 14
3 16
3 20
4 6
4 10
5 7
5 8
5 10
5 17
6 7
7 8
8 9
8 17
10 13
10 14
10 17
11 17
12 13
12 15
12 17
14 17
16 17
-1
EDGE_WEIGHT_SECTION
0	1	0	0	1	1	0	0	1	0	0	0	0	0	0	0	0	1	0	1	0
1	0	1	1	0	0	0	0	1	1	1	0	0	0	0	0	0	1	1	0	0
0	1	0	0	1	0	0	0	0	0	0	1	0	0	0	0	0	1	0	1	0
0	1	0	0	1	1	1	1	0	0	0	0	0	0	1	0	1	0	0	0	1
1	0	1	1	0	0	1	0	0	0	1	0	0	0	0	0	0	0	0	0	0
1	0	0	1	0	0	0	1	1	0	1	0	0	0	0	0	0	1	0	0	0
0	0	0	1	1	0	0	1	0	0	0	0	0	0	0	0	0	0	0	0	0
0	0	0	1	0	1	1	0	1	0	0	0	0	0	0	0	0	0	0	0	0
1	1	0	0	0	1	0	1	0	1	0	0	0	0	0	0	0	1	0	0	0
0	1	0	0	0	0	0	0	1	0	0	0	0	0	0	0	0	0	0	0	0
0	1	0	0	1	1	0	0	0	0	0	0	0	1	1	0	0	1	0	0	0
0	0	1	0	0	0	0	0	0	0	0	0	0	0	0	0	0	1	0	0	0
0	0	0	0	0	0	0	0	0	0	0	0	0	1	0	1	0	1	0	0	0
0	0	0	0	0	0	0	0	0	0	1	0	1	0	0	0	0	0	0	0	0
0	0	0	1	0	0	0	0	0	0	1	0	0	0	0	0	0	1	0	0	0
0	0	0	0	0	0	0	0	0	0	0	0	1	0	0	0	0	0	0	0	0
0	0	0	1	0	0	0	0	0	0	0	0	0	0	0	0	0	1	0	0	0
1	1	1	0	0	1	0	0	1	0	1	1	1	0	1	0	1	1	0	0	0
0	1	0	0	0	0	0	0	0	0	0	0	0	0	0	0	0	0	0	0	0
1	0	1	0	0	0	0	0	0	0	0	0	0	0	0	0	0	0	0	0	0
0	0	0	1	0	0	0	0	0	0	0	0	0	0	0	0	0	0	0	0	0
DIFF_EDGE
0 0
CHROM_NUMBER
6
EOF
