TYPE : graph_{count}
DIMENSION: 20
EDGE_DATA_FORMAT: EDGE_LIST
EDGE_WEIGHT_TYPE: EXPLICIT
EDGE_WEIGHT_FORMAT: FULL_MATRIX
EDGE_DATA_SECTION
0 1
0 2
0 3
0 8
0 9
0 12
0 16
0 17
0 19
1 3
1 6
1 12
1 16
1 17
1 19
2 4
2 6
2 7
2 9
2 10
2 12
2 14
2 16
2 17
2 19
3 9
3 11
3 12
3 16
3 17
3 19
4 5
4 10
4 12
4 13
4 18
4 19
5 9
5 16
5 17
6 7
6 13
6 15
6 19
7 16
8 10
8 12
8 16
8 17
8 18
9 16
10 11
10 12
10 19
11 12
11 16
12 16
12 17
12 19
13 16
13 17
14 16
15 16
16 17
16 19
17 19
18 19
-1
EDGE_WEIGHT_SECTION
0	1	1	1	0	0	0	0	1	1	0	0	1	0	0	0	1	1	0	1
1	0	0	1	0	0	1	0	0	0	0	0	1	0	0	0	1	1	0	1
1	0	0	0	1	0	1	1	0	1	1	0	1	0	1	0	1	1	0	1
1	1	0	0	0	0	0	0	0	1	0	1	1	0	0	0	1	1	0	1
0	0	1	0	0	1	0	0	0	0	1	0	1	1	0	0	0	0	1	1
0	0	0	0	1	0	0	0	0	1	0	0	0	0	0	0	1	1	0	0
0	1	1	0	0	0	0	1	0	0	0	0	0	1	0	1	0	0	0	1
0	0	1	0	0	0	1	0	0	0	0	0	0	0	0	0	1	0	0	0
1	0	0	0	0	0	0	0	0	0	1	0	1	0	0	0	1	1	1	0
1	0	1	1	0	1	0	0	0	0	0	0	0	0	0	0	1	0	0	0
0	0	1	0	1	0	0	0	1	0	0	1	1	0	0	0	0	0	0	1
0	0	0	1	0	0	0	0	0	0	1	0	1	0	0	0	1	0	0	0
1	1	1	1	1	0	0	0	1	0	1	1	0	0	0	0	1	1	0	1
0	0	0	0	1	0	1	0	0	0	0	0	0	0	0	0	1	1	0	0
0	0	1	0	0	0	0	0	0	0	0	0	0	0	0	0	1	0	0	0
0	0	0	0	0	0	1	0	0	0	0	0	0	0	0	0	1	0	0	0
1	1	1	1	0	1	0	1	1	1	0	1	1	1	1	1	0	1	0	1
1	1	1	1	0	1	0	0	1	0	0	0	1	1	0	0	1	0	0	1
0	0	0	0	1	0	0	0	1	0	0	0	0	0	0	0	0	0	0	1
1	1	1	1	1	0	1	0	0	0	1	0	1	0	0	0	1	1	1	0
DIFF_EDGE
0 0
CHROM_NUMBER
9
EOF
