TYPE : graph_{count}
DIMENSION: 19
EDGE_DATA_FORMAT: EDGE_LIST
EDGE_WEIGHT_TYPE: EXPLICIT
EDGE_WEIGHT_FORMAT: FULL_MATRIX
EDGE_DATA_SECTION
0 5
0 6
0 10
0 14
0 15
0 18
1 5
1 6
1 7
1 8
2 3
2 7
2 8
2 14
2 15
2 18
3 4
3 6
3 10
3 13
3 15
3 18
4 5
4 9
4 15
4 16
4 17
5 7
5 8
5 15
5 18
6 8
6 9
6 10
6 15
6 18
7 10
7 11
7 12
7 17
7 18
8 15
8 18
10 15
10 18
11 15
11 18
12 18
13 18
15 18
16 18
17 18
-1
EDGE_WEIGHT_SECTION
0	0	0	0	0	1	1	0	0	0	1	0	0	0	1	1	0	0	1
0	0	0	0	0	1	1	1	1	0	0	0	0	0	0	0	0	0	0
0	0	0	1	0	0	0	1	1	0	0	0	0	0	1	1	0	0	1
0	0	1	0	1	0	1	0	0	0	1	0	0	1	0	1	0	0	1
0	0	0	1	0	1	0	0	0	1	0	0	0	0	0	1	1	1	0
1	1	0	0	1	0	0	1	1	0	0	0	0	0	0	1	0	0	1
1	1	0	1	0	0	0	0	1	1	1	0	0	0	0	1	0	0	1
0	1	1	0	0	1	0	0	0	0	1	1	1	0	0	0	0	1	1
0	1	1	0	0	1	1	0	0	0	0	0	0	0	0	1	0	0	1
0	0	0	0	1	0	1	0	0	0	0	0	0	0	0	0	0	0	0
1	0	0	1	0	0	1	1	0	0	0	0	0	0	0	1	0	0	1
0	0	0	0	0	0	0	1	0	0	0	0	0	0	0	1	0	0	1
0	0	0	0	0	0	0	1	0	0	0	0	0	0	0	0	0	0	1
0	0	0	1	0	0	0	0	0	0	0	0	0	0	0	0	0	0	1
1	0	1	0	0	0	0	0	0	0	0	0	0	0	0	0	0	0	0
1	0	1	1	1	1	1	0	1	0	1	1	0	0	0	1	0	0	1
0	0	0	0	1	0	0	0	0	0	0	0	0	0	0	0	0	0	1
0	0	0	0	1	0	0	1	0	0	0	0	0	0	0	0	0	0	1
1	0	1	1	0	1	1	1	1	0	1	1	1	1	0	1	1	1	0
DIFF_EDGE
0 0
CHROM_NUMBER
8
EOF
