TYPE : graph_{count}
DIMENSION: 17
EDGE_DATA_FORMAT: EDGE_LIST
EDGE_WEIGHT_TYPE: EXPLICIT
EDGE_WEIGHT_FORMAT: FULL_MATRIX
EDGE_DATA_SECTION
0 1
0 7
0 9
1 3
1 4
1 5
1 6
1 7
1 10
1 12
1 15
2 3
2 4
2 5
2 6
2 7
2 8
2 12
2 13
3 4
3 6
3 9
3 10
3 14
4 6
4 7
4 10
5 8
5 9
6 9
6 10
6 11
6 16
8 11
9 10
-1
EDGE_WEIGHT_SECTION
0	1	0	0	0	0	0	1	0	1	0	0	0	0	0	0	0
1	0	0	1	1	1	1	1	0	0	1	0	1	0	0	1	0
0	0	0	1	1	1	1	1	1	0	0	0	1	1	0	0	0
0	1	1	0	1	0	1	0	0	1	1	0	0	0	1	0	0
0	1	1	1	0	0	1	1	0	0	1	0	0	0	0	0	0
0	1	1	0	0	0	0	0	1	1	0	0	0	0	0	0	0
0	1	1	1	1	0	0	0	0	1	1	1	0	0	0	0	1
1	1	1	0	1	0	0	0	0	0	0	0	0	0	0	0	0
0	0	1	0	0	1	0	0	0	0	0	1	0	0	0	0	0
1	0	0	1	0	1	1	0	0	0	1	0	0	0	0	0	0
0	1	0	1	1	0	1	0	0	1	0	0	0	0	0	0	0
0	0	0	0	0	0	1	0	1	0	0	0	0	0	0	0	0
0	1	1	0	0	0	0	0	0	0	0	0	0	0	0	0	0
0	0	1	0	0	0	0	0	0	0	0	0	0	0	0	0	0
0	0	0	1	0	0	0	0	0	0	0	0	0	0	0	0	0
0	1	0	0	0	0	0	0	0	0	0	0	0	0	0	0	0
0	0	0	0	0	0	1	0	0	0	0	0	0	0	0	0	0
DIFF_EDGE
0 0
CHROM_NUMBER
6
EOF
