TYPE : graph_{count}
DIMENSION: 18
EDGE_DATA_FORMAT: EDGE_LIST
EDGE_WEIGHT_TYPE: EXPLICIT
EDGE_WEIGHT_FORMAT: FULL_MATRIX
EDGE_DATA_SECTION
0 5
0 10
0 11
0 17
1 2
1 3
1 4
1 5
1 7
1 8
1 9
1 10
1 14
1 15
1 17
2 5
2 6
2 10
2 17
3 5
3 17
4 5
4 6
4 8
4 10
4 15
4 16
4 17
5 7
5 9
5 15
5 17
6 7
6 8
6 10
6 12
8 10
8 14
8 15
8 17
9 11
9 15
9 17
10 13
10 14
10 15
11 17
12 14
12 15
12 17
13 17
14 15
14 16
14 17
15 17
-1
EDGE_WEIGHT_SECTION
0	0	0	0	0	1	0	0	0	0	1	1	0	0	0	0	0	1
0	0	1	1	1	1	0	1	1	1	1	0	0	0	1	1	0	1
0	1	0	0	0	1	1	0	0	0	1	0	0	0	0	0	0	1
0	1	0	0	0	1	0	0	0	0	0	0	0	0	0	0	0	1
0	1	0	0	0	1	1	0	1	0	1	0	0	0	0	1	1	1
1	1	1	1	1	0	0	1	0	1	0	0	0	0	0	1	0	1
0	0	1	0	1	0	0	1	1	0	1	0	1	0	0	0	0	0
0	1	0	0	0	1	1	0	0	0	0	0	0	0	0	0	0	0
0	1	0	0	1	0	1	0	0	0	1	0	0	0	1	1	0	1
0	1	0	0	0	1	0	0	0	0	0	1	0	0	0	1	0	1
1	1	1	0	1	0	1	0	1	0	0	0	0	1	1	1	0	0
1	0	0	0	0	0	0	0	0	1	0	0	0	0	0	0	0	1
0	0	0	0	0	0	1	0	0	0	0	0	0	0	1	1	0	1
0	0	0	0	0	0	0	0	0	0	1	0	0	0	0	0	0	1
0	1	0	0	0	0	0	0	1	0	1	0	1	0	1	1	1	1
0	1	0	0	1	1	0	0	1	1	1	0	1	0	1	0	0	1
0	0	0	0	1	0	0	0	0	0	0	0	0	0	1	0	0	0
1	1	1	1	1	1	0	0	1	1	0	1	1	1	1	1	0	0
DIFF_EDGE
0 0
CHROM_NUMBER
8
EOF
