TYPE : graph_{count}
DIMENSION: 19
EDGE_DATA_FORMAT: EDGE_LIST
EDGE_WEIGHT_TYPE: EXPLICIT
EDGE_WEIGHT_FORMAT: FULL_MATRIX
EDGE_DATA_SECTION
0 1
0 4
0 5
0 6
0 10
0 17
0 18
1 2
1 3
1 4
1 6
1 8
1 11
1 12
1 17
1 18
2 3
2 4
2 6
2 8
2 10
2 11
2 14
2 15
2 17
3 5
3 7
3 8
3 9
3 11
3 12
3 18
4 5
4 6
4 7
4 9
4 10
4 11
4 12
4 17
4 18
5 8
5 16
5 17
6 9
6 11
6 12
6 18
7 10
8 10
8 11
8 12
8 17
9 17
10 18
11 12
11 13
11 17
11 18
12 15
12 17
12 18
13 16
14 18
15 17
16 18
17 18
-1
EDGE_WEIGHT_SECTION
0	1	0	0	1	1	1	0	0	0	1	0	0	0	0	0	0	1	1
1	0	1	1	1	0	1	0	1	0	0	1	1	0	0	0	0	1	1
0	1	0	1	1	0	1	0	1	0	1	1	0	0	1	1	0	1	0
0	1	1	0	0	1	0	1	1	1	0	1	1	0	0	0	0	0	1
1	1	1	0	0	1	1	1	0	1	1	1	1	0	0	0	0	1	1
1	0	0	1	1	0	0	0	1	0	0	0	0	0	0	0	1	1	0
1	1	1	0	1	0	0	0	0	1	0	1	1	0	0	0	0	0	1
0	0	0	1	1	0	0	0	0	0	1	0	0	0	0	0	0	0	0
0	1	1	1	0	1	0	0	0	0	1	1	1	0	0	0	0	1	0
0	0	0	1	1	0	1	0	0	0	0	0	0	0	0	0	0	1	0
1	0	1	0	1	0	0	1	1	0	0	0	0	0	0	0	0	0	1
0	1	1	1	1	0	1	0	1	0	0	0	1	1	0	0	0	1	1
0	1	0	1	1	0	1	0	1	0	0	1	0	0	0	1	0	1	1
0	0	0	0	0	0	0	0	0	0	0	1	0	0	0	0	1	0	0
0	0	1	0	0	0	0	0	0	0	0	0	0	0	0	0	0	0	1
0	0	1	0	0	0	0	0	0	0	0	0	1	0	0	0	0	1	0
0	0	0	0	0	1	0	0	0	0	0	0	0	1	0	0	0	0	1
1	1	1	0	1	1	0	0	1	1	0	1	1	0	0	1	0	0	1
1	1	0	1	1	0	1	0	0	0	1	1	1	0	1	0	1	1	0
DIFF_EDGE
0 0
CHROM_NUMBER
10
EOF
