TYPE : graph_{count}
DIMENSION: 17
EDGE_DATA_FORMAT: EDGE_LIST
EDGE_WEIGHT_TYPE: EXPLICIT
EDGE_WEIGHT_FORMAT: FULL_MATRIX
EDGE_DATA_SECTION
0 2
0 5
0 6
0 8
0 12
1 2
1 3
1 5
1 7
1 9
1 10
1 12
2 6
2 7
2 10
2 13
2 15
2 16
3 4
3 6
3 7
3 8
3 9
3 11
3 15
3 16
4 5
4 7
4 9
4 13
4 14
4 15
4 16
5 6
5 7
5 12
5 16
6 7
6 8
6 10
6 12
6 15
6 16
7 8
7 9
7 12
7 15
7 16
8 9
8 15
8 16
9 16
10 14
10 16
11 12
11 16
12 15
12 16
13 16
14 15
15 16
-1
EDGE_WEIGHT_SECTION
0	0	1	0	0	1	1	0	1	0	0	0	1	0	0	0	0
0	0	1	1	0	1	0	1	0	1	1	0	1	0	0	0	0
1	1	0	0	0	0	1	1	0	0	1	0	0	1	0	1	1
0	1	0	0	1	0	1	1	1	1	0	1	0	0	0	1	1
0	0	0	1	0	1	0	1	0	1	0	0	0	1	1	1	1
1	1	0	0	1	0	1	1	0	0	0	0	1	0	0	0	1
1	0	1	1	0	1	0	1	1	0	1	0	1	0	0	1	1
0	1	1	1	1	1	1	0	1	1	0	0	1	0	0	1	1
1	0	0	1	0	0	1	1	0	1	0	0	0	0	0	1	1
0	1	0	1	1	0	0	1	1	0	0	0	0	0	0	0	1
0	1	1	0	0	0	1	0	0	0	0	0	0	0	1	0	1
0	0	0	1	0	0	0	0	0	0	0	0	1	0	0	0	1
1	1	0	0	0	1	1	1	0	0	0	1	0	0	0	1	1
0	0	1	0	1	0	0	0	0	0	0	0	0	0	0	0	1
0	0	0	0	1	0	0	0	0	0	1	0	0	0	0	1	0
0	0	1	1	1	0	1	1	1	0	0	0	1	0	1	1	1
0	0	1	1	1	1	1	1	1	1	1	1	1	1	0	1	0
DIFF_EDGE
0 0
CHROM_NUMBER
9
EOF
