TYPE : graph_{count}
DIMENSION: 15
EDGE_DATA_FORMAT: EDGE_LIST
EDGE_WEIGHT_TYPE: EXPLICIT
EDGE_WEIGHT_FORMAT: FULL_MATRIX
EDGE_DATA_SECTION
0 1
0 2
0 3
0 5
0 6
0 9
0 10
0 12
0 13
1 2
1 3
1 5
1 10
1 12
2 4
2 6
2 7
2 13
3 4
3 5
3 6
3 7
3 8
3 9
3 12
3 13
4 6
4 7
4 10
4 12
5 6
5 8
5 9
5 13
6 8
6 10
6 11
6 14
7 8
7 10
7 12
7 13
8 9
8 10
8 12
9 12
9 13
10 13
11 12
11 13
12 13
-1
EDGE_WEIGHT_SECTION
0	1	1	1	0	1	1	0	0	1	1	0	1	1	0
1	0	1	1	0	1	0	0	0	0	1	0	1	0	0
1	1	0	0	1	0	1	1	0	0	0	0	0	1	0
1	1	0	0	1	1	1	1	1	1	0	0	1	1	0
0	0	1	1	0	0	1	1	0	0	1	0	1	0	0
1	1	0	1	0	0	1	0	1	1	0	0	0	1	0
1	0	1	1	1	1	0	0	1	0	1	1	0	0	1
0	0	1	1	1	0	0	0	1	0	1	0	1	1	0
0	0	0	1	0	1	1	1	0	1	1	0	1	0	0
1	0	0	1	0	1	0	0	1	0	0	0	1	1	0
1	1	0	0	1	0	1	1	1	0	0	0	0	1	0
0	0	0	0	0	0	1	0	0	0	0	0	1	1	0
1	1	0	1	1	0	0	1	1	1	0	1	0	1	0
1	0	1	1	0	1	0	1	0	1	1	1	1	0	0
0	0	0	0	0	0	1	0	0	0	0	0	0	0	0
DIFF_EDGE
0 0
CHROM_NUMBER
9
EOF
