TYPE : graph_{count}
DIMENSION: 15
EDGE_DATA_FORMAT: EDGE_LIST
EDGE_WEIGHT_TYPE: EXPLICIT
EDGE_WEIGHT_FORMAT: FULL_MATRIX
EDGE_DATA_SECTION
0 1
0 3
0 5
0 7
0 8
0 11
0 13
1 3
1 4
1 7
1 11
1 13
1 14
2 3
2 4
2 12
2 13
3 4
3 5
3 7
3 9
3 11
3 13
4 6
4 7
4 9
5 6
5 8
5 9
5 10
5 11
5 12
6 9
6 11
7 8
7 9
7 11
7 13
9 13
11 13
-1
EDGE_WEIGHT_SECTION
0	1	0	1	0	1	0	1	1	0	0	1	0	1	0
1	0	0	1	1	0	0	1	0	0	0	1	0	1	1
0	0	0	1	1	0	0	0	0	0	0	0	1	1	0
1	1	1	0	1	1	0	1	0	1	0	1	0	1	0
0	1	1	1	0	0	1	1	0	1	0	0	0	0	0
1	0	0	1	0	0	1	0	1	1	1	1	1	0	0
0	0	0	0	1	1	0	0	0	1	0	1	0	0	0
1	1	0	1	1	0	0	0	1	1	0	1	0	1	0
1	0	0	0	0	1	0	1	0	0	0	0	0	0	0
0	0	0	1	1	1	1	1	0	0	0	0	0	1	0
0	0	0	0	0	1	0	0	0	0	0	0	0	0	0
1	1	0	1	0	1	1	1	0	0	0	1	0	1	0
0	0	1	0	0	1	0	0	0	0	0	0	0	0	0
1	1	1	1	0	0	0	1	0	1	0	1	0	0	0
0	1	0	0	0	0	0	0	0	0	0	0	0	0	0
DIFF_EDGE
0 0
CHROM_NUMBER
7
EOF
