TYPE : graph_{count}
DIMENSION: 16
EDGE_DATA_FORMAT: EDGE_LIST
EDGE_WEIGHT_TYPE: EXPLICIT
EDGE_WEIGHT_FORMAT: FULL_MATRIX
EDGE_DATA_SECTION
0 2
0 4
0 5
0 6
0 7
0 11
0 12
0 13
1 4
1 5
1 6
1 8
1 9
1 11
1 12
1 13
2 7
2 8
2 9
2 12
2 14
3 4
3 5
3 8
3 9
3 11
3 13
4 6
4 9
4 11
4 12
4 13
5 6
5 7
5 8
5 11
5 12
5 15
6 7
6 9
6 10
6 11
6 12
6 13
7 8
8 11
9 10
9 11
9 12
9 13
10 14
11 12
11 13
12 13
-1
EDGE_WEIGHT_SECTION
0	0	1	0	1	1	1	1	0	0	0	1	1	1	0	0
0	0	0	0	1	1	1	0	1	1	0	1	1	1	0	0
1	0	0	0	0	0	0	1	1	1	0	0	1	0	1	0
0	0	0	0	1	1	0	0	1	1	0	1	0	1	0	0
1	1	0	1	0	0	1	0	0	1	0	1	1	1	0	0
1	1	0	1	0	0	1	1	1	0	0	1	1	0	0	1
1	1	0	0	1	1	0	1	0	1	1	1	1	1	0	0
1	0	1	0	0	1	1	0	1	0	0	0	0	0	0	0
0	1	1	1	0	1	0	1	0	0	0	1	0	0	0	0
0	1	1	1	1	0	1	0	0	0	1	1	1	1	0	0
0	0	0	0	0	0	1	0	0	1	0	0	0	0	1	0
1	1	0	1	1	1	1	0	1	1	0	0	1	1	0	0
1	1	1	0	1	1	1	0	0	1	0	1	0	1	0	0
1	1	0	1	1	0	1	0	0	1	0	1	1	0	0	0
0	0	1	0	0	0	0	0	0	0	1	0	0	0	0	0
0	0	0	0	0	1	0	0	0	0	0	0	0	0	0	0
DIFF_EDGE
0 0
CHROM_NUMBER
9
EOF
