TYPE : graph_{count}
DIMENSION: 21
EDGE_DATA_FORMAT: EDGE_LIST
EDGE_WEIGHT_TYPE: EXPLICIT
EDGE_WEIGHT_FORMAT: FULL_MATRIX
EDGE_DATA_SECTION
0 1
0 2
0 5
0 6
0 9
0 10
0 14
0 17
1 5
1 7
1 10
1 13
2 3
2 5
2 6
2 7
2 10
2 17
3 7
3 9
3 13
3 15
3 19
4 6
4 8
4 10
4 11
5 7
5 9
5 16
5 17
6 8
6 9
6 10
7 9
7 10
7 17
8 9
8 14
8 19
9 10
9 11
10 12
10 16
10 17
10 20
11 17
13 17
16 17
16 18
-1
EDGE_WEIGHT_SECTION
0	1	1	0	0	1	1	0	0	1	1	0	0	0	1	0	0	1	0	0	0
1	0	0	0	0	1	0	1	0	0	1	0	0	1	0	0	0	0	0	0	0
1	0	0	1	0	1	1	1	0	0	1	0	0	0	0	0	0	1	0	0	0
0	0	1	0	0	0	0	1	0	1	0	0	0	1	0	1	0	0	0	1	0
0	0	0	0	0	0	1	0	1	0	1	1	0	0	0	0	0	0	0	0	0
1	1	1	0	0	0	0	1	0	1	0	0	0	0	0	0	1	1	0	0	0
1	0	1	0	1	0	0	0	1	1	1	0	0	0	0	0	0	0	0	0	0
0	1	1	1	0	1	0	0	0	1	1	0	0	0	0	0	0	1	0	0	0
0	0	0	0	1	0	1	0	0	1	0	0	0	0	1	0	0	0	0	1	0
1	0	0	1	0	1	1	1	1	0	1	1	0	0	0	0	0	0	0	0	0
1	1	1	0	1	0	1	1	0	1	0	0	1	0	0	0	1	1	0	0	1
0	0	0	0	1	0	0	0	0	1	0	0	0	0	0	0	0	1	0	0	0
0	0	0	0	0	0	0	0	0	0	1	0	0	0	0	0	0	0	0	0	0
0	1	0	1	0	0	0	0	0	0	0	0	0	0	0	0	0	1	0	0	0
1	0	0	0	0	0	0	0	1	0	0	0	0	0	0	0	0	0	0	0	0
0	0	0	1	0	0	0	0	0	0	0	0	0	0	0	0	0	0	0	0	0
0	0	0	0	0	1	0	0	0	0	1	0	0	0	0	0	0	1	1	0	0
1	0	1	0	0	1	0	1	0	0	1	1	0	1	0	0	1	0	0	0	0
0	0	0	0	0	0	0	0	0	0	0	0	0	0	0	0	1	0	0	0	0
0	0	0	1	0	0	0	0	1	0	0	0	0	0	0	0	0	0	0	0	0
0	0	0	0	0	0	0	0	0	0	1	0	0	0	0	0	0	0	0	0	0
DIFF_EDGE
0 0
CHROM_NUMBER
7
EOF
