TYPE : graph_{count}
DIMENSION: 16
EDGE_DATA_FORMAT: EDGE_LIST
EDGE_WEIGHT_TYPE: EXPLICIT
EDGE_WEIGHT_FORMAT: FULL_MATRIX
EDGE_DATA_SECTION
0 2
0 4
0 5
0 6
0 9
1 2
1 7
1 8
1 10
1 12
2 3
2 4
2 10
3 6
3 9
3 10
3 15
4 5
4 8
4 13
4 14
4 15
5 6
5 8
6 7
6 8
6 9
6 13
7 8
8 9
9 10
9 11
11 12
-1
EDGE_WEIGHT_SECTION
0	0	1	0	1	1	1	0	0	1	0	0	0	0	0	0
0	0	1	0	0	0	0	1	1	0	1	0	1	0	0	0
1	1	0	1	1	0	0	0	0	0	1	0	0	0	0	0
0	0	1	0	0	0	1	0	0	1	1	0	0	0	0	1
1	0	1	0	0	1	0	0	1	0	0	0	0	1	1	1
1	0	0	0	1	0	1	0	1	0	0	0	0	0	0	0
1	0	0	1	0	1	0	1	1	1	0	0	0	1	0	0
0	1	0	0	0	0	1	0	1	0	0	0	0	0	0	0
0	1	0	0	1	1	1	1	0	1	0	0	0	0	0	0
1	0	0	1	0	0	1	0	1	0	1	1	0	0	0	0
0	1	1	1	0	0	0	0	0	1	0	0	0	0	0	0
0	0	0	0	0	0	0	0	0	1	0	0	1	0	0	0
0	1	0	0	0	0	0	0	0	0	0	1	0	0	0	0
0	0	0	0	1	0	1	0	0	0	0	0	0	0	0	0
0	0	0	0	1	0	0	0	0	0	0	0	0	0	0	0
0	0	0	1	1	0	0	0	0	0	0	0	0	0	0	0
DIFF_EDGE
0 0
CHROM_NUMBER
6
EOF
