TYPE : graph_{count}
DIMENSION: 15
EDGE_DATA_FORMAT: EDGE_LIST
EDGE_WEIGHT_TYPE: EXPLICIT
EDGE_WEIGHT_FORMAT: FULL_MATRIX
EDGE_DATA_SECTION
0 1
0 2
0 3
0 5
0 9
0 10
0 11
0 14
1 5
1 6
1 10
1 11
2 8
3 4
3 6
3 8
3 14
4 7
4 9
4 10
4 11
4 14
5 6
5 7
5 9
5 11
6 8
6 10
6 11
6 13
6 14
7 8
7 9
7 12
7 14
8 9
8 10
8 11
8 14
9 11
9 13
9 14
10 14
11 14
12 14
13 14
-1
EDGE_WEIGHT_SECTION
0	1	1	1	0	1	0	0	0	1	1	1	0	0	1
1	0	0	0	0	1	1	0	0	0	1	1	0	0	0
1	0	0	0	0	0	0	0	1	0	0	0	0	0	0
1	0	0	0	1	0	1	0	1	0	0	0	0	0	1
0	0	0	1	0	0	0	1	0	1	1	1	0	0	1
1	1	0	0	0	0	1	1	0	1	0	1	0	0	0
0	1	0	1	0	1	0	0	1	0	1	1	0	1	1
0	0	0	0	1	1	0	0	1	1	0	0	1	0	1
0	0	1	1	0	0	1	1	0	1	1	1	0	0	1
1	0	0	0	1	1	0	1	1	0	0	1	0	1	1
1	1	0	0	1	0	1	0	1	0	0	0	0	0	1
1	1	0	0	1	1	1	0	1	1	0	0	0	0	1
0	0	0	0	0	0	0	1	0	0	0	0	0	0	1
0	0	0	0	0	0	1	0	0	1	0	0	0	0	1
1	0	0	1	1	0	1	1	1	1	1	1	1	1	1
DIFF_EDGE
0 0
CHROM_NUMBER
8
EOF
