TYPE : graph_{count}
DIMENSION: 21
EDGE_DATA_FORMAT: EDGE_LIST
EDGE_WEIGHT_TYPE: EXPLICIT
EDGE_WEIGHT_FORMAT: FULL_MATRIX
EDGE_DATA_SECTION
0 1
0 2
0 3
0 4
0 5
0 8
0 10
0 11
0 19
0 20
1 3
1 6
1 7
1 11
1 13
1 15
1 20
2 3
2 5
2 6
3 4
3 5
3 10
3 11
3 19
3 20
4 6
4 7
4 20
5 7
5 8
5 9
5 11
5 13
5 19
5 20
6 8
6 10
6 11
6 12
6 18
7 11
7 19
8 9
8 16
8 20
9 10
9 15
10 16
11 19
11 20
12 19
12 20
13 14
13 20
14 19
17 18
17 20
19 20
-1
EDGE_WEIGHT_SECTION
0	1	1	1	1	1	0	0	1	0	1	1	0	0	0	0	0	0	0	1	1
1	0	0	1	0	0	1	1	0	0	0	1	0	1	0	1	0	0	0	0	1
1	0	0	1	0	1	1	0	0	0	0	0	0	0	0	0	0	0	0	0	0
1	1	1	0	1	1	0	0	0	0	1	1	0	0	0	0	0	0	0	1	1
1	0	0	1	0	0	1	1	0	0	0	0	0	0	0	0	0	0	0	0	1
1	0	1	1	0	0	0	1	1	1	0	1	0	1	0	0	0	0	0	1	1
0	1	1	0	1	0	0	0	1	0	1	1	1	0	0	0	0	0	1	0	0
0	1	0	0	1	1	0	0	0	0	0	1	0	0	0	0	0	0	0	1	0
1	0	0	0	0	1	1	0	0	1	0	0	0	0	0	0	1	0	0	0	1
0	0	0	0	0	1	0	0	1	0	1	0	0	0	0	1	0	0	0	0	0
1	0	0	1	0	0	1	0	0	1	0	0	0	0	0	0	1	0	0	0	0
1	1	0	1	0	1	1	1	0	0	0	0	0	0	0	0	0	0	0	1	1
0	0	0	0	0	0	1	0	0	0	0	0	0	0	0	0	0	0	0	1	1
0	1	0	0	0	1	0	0	0	0	0	0	0	0	1	0	0	0	0	0	1
0	0	0	0	0	0	0	0	0	0	0	0	0	1	0	0	0	0	0	1	0
0	1	0	0	0	0	0	0	0	1	0	0	0	0	0	0	0	0	0	0	0
0	0	0	0	0	0	0	0	1	0	1	0	0	0	0	0	0	0	0	0	0
0	0	0	0	0	0	0	0	0	0	0	0	0	0	0	0	0	0	1	0	1
0	0	0	0	0	0	1	0	0	0	0	0	0	0	0	0	0	1	0	0	0
1	0	0	1	0	1	0	1	0	0	0	1	1	0	1	0	0	0	0	0	1
1	1	0	1	1	1	0	0	1	0	0	1	1	1	0	0	0	1	0	1	0
DIFF_EDGE
0 0
CHROM_NUMBER
9
EOF
