TYPE : graph_{count}
DIMENSION: 16
EDGE_DATA_FORMAT: EDGE_LIST
EDGE_WEIGHT_TYPE: EXPLICIT
EDGE_WEIGHT_FORMAT: FULL_MATRIX
EDGE_DATA_SECTION
0 1
0 2
0 4
0 5
0 9
0 10
0 11
0 13
0 15
1 2
1 3
1 5
1 6
1 7
1 8
1 9
1 12
2 3
2 6
2 9
2 10
2 14
2 15
3 4
3 5
3 9
3 10
3 15
4 6
4 9
4 10
4 12
4 14
4 15
5 8
5 9
5 10
5 14
6 10
6 14
7 8
7 14
8 9
8 14
8 15
9 14
9 15
10 15
11 14
11 15
12 14
12 15
14 15
-1
EDGE_WEIGHT_SECTION
0	1	1	0	1	1	0	0	0	1	1	1	0	1	0	1
1	0	1	1	0	1	1	1	1	1	0	0	1	0	0	0
1	1	0	1	0	0	1	0	0	1	1	0	0	0	1	1
0	1	1	0	1	1	0	0	0	1	1	0	0	0	0	1
1	0	0	1	0	0	1	0	0	1	1	0	1	0	1	1
1	1	0	1	0	0	0	0	1	1	1	0	0	0	1	0
0	1	1	0	1	0	0	0	0	0	1	0	0	0	1	0
0	1	0	0	0	0	0	0	1	0	0	0	0	0	1	0
0	1	0	0	0	1	0	1	0	1	0	0	0	0	1	1
1	1	1	1	1	1	0	0	1	0	0	0	0	0	1	1
1	0	1	1	1	1	1	0	0	0	0	0	0	0	0	1
1	0	0	0	0	0	0	0	0	0	0	0	0	0	1	1
0	1	0	0	1	0	0	0	0	0	0	0	0	0	1	1
1	0	0	0	0	0	0	0	0	0	0	0	0	0	0	0
0	0	1	0	1	1	1	1	1	1	0	1	1	0	1	1
1	0	1	1	1	0	0	0	1	1	1	1	1	0	1	1
DIFF_EDGE
0 0
CHROM_NUMBER
8
EOF
