TYPE : graph_{count}
DIMENSION: 21
EDGE_DATA_FORMAT: EDGE_LIST
EDGE_WEIGHT_TYPE: EXPLICIT
EDGE_WEIGHT_FORMAT: FULL_MATRIX
EDGE_DATA_SECTION
0 1
0 2
0 3
0 4
0 5
0 6
0 7
0 9
0 11
0 13
0 15
0 19
0 20
1 4
1 5
1 6
1 7
1 12
2 3
2 5
2 8
2 10
2 11
2 14
2 19
3 4
3 6
3 9
3 10
3 11
3 13
3 15
3 19
3 20
4 5
4 8
4 9
4 10
4 15
4 19
5 6
5 10
5 13
5 20
6 7
6 9
6 11
6 13
6 15
6 19
6 20
7 8
7 9
7 10
7 13
7 15
7 19
7 20
8 9
9 10
9 11
9 13
9 14
9 15
9 16
9 19
10 11
10 19
11 12
11 13
11 15
11 17
11 19
12 13
12 15
12 20
13 15
13 19
13 20
14 15
14 19
15 19
15 20
16 18
16 20
17 20
19 20
-1
EDGE_WEIGHT_SECTION
0	1	1	1	1	1	1	1	0	1	0	1	0	1	0	1	0	0	0	1	1
1	0	0	0	1	1	1	1	0	0	0	0	1	0	0	0	0	0	0	0	0
1	0	0	1	0	1	0	0	1	0	1	1	0	0	1	0	0	0	0	1	0
1	0	1	0	1	0	1	0	0	1	1	1	0	1	0	1	0	0	0	1	1
1	1	0	1	0	1	0	0	1	1	1	0	0	0	0	1	0	0	0	1	0
1	1	1	0	1	0	1	0	0	0	1	0	0	1	0	0	0	0	0	0	1
1	1	0	1	0	1	0	1	0	1	0	1	0	1	0	1	0	0	0	1	1
1	1	0	0	0	0	1	0	1	1	1	0	0	1	0	1	0	0	0	1	1
0	0	1	0	1	0	0	1	0	1	0	0	0	0	0	0	0	0	0	0	0
1	0	0	1	1	0	1	1	1	0	1	1	0	1	1	1	1	0	0	1	0
0	0	1	1	1	1	0	1	0	1	0	1	0	0	0	0	0	0	0	1	0
1	0	1	1	0	0	1	0	0	1	1	0	1	1	0	1	0	1	0	1	0
0	1	0	0	0	0	0	0	0	0	0	1	0	1	0	1	0	0	0	0	1
1	0	0	1	0	1	1	1	0	1	0	1	1	0	0	1	0	0	0	1	1
0	0	1	0	0	0	0	0	0	1	0	0	0	0	0	1	0	0	0	1	0
1	0	0	1	1	0	1	1	0	1	0	1	1	1	1	1	0	0	0	1	1
0	0	0	0	0	0	0	0	0	1	0	0	0	0	0	0	0	0	1	0	1
0	0	0	0	0	0	0	0	0	0	0	1	0	0	0	0	0	0	0	0	1
0	0	0	0	0	0	0	0	0	0	0	0	0	0	0	0	1	0	0	0	0
1	0	1	1	1	0	1	1	0	1	1	1	0	1	1	1	0	0	0	1	1
1	0	0	1	0	1	1	1	0	0	0	0	1	1	0	1	1	1	0	1	0
DIFF_EDGE
0 0
CHROM_NUMBER
12
EOF
