TYPE : graph_{count}
DIMENSION: 19
EDGE_DATA_FORMAT: EDGE_LIST
EDGE_WEIGHT_TYPE: EXPLICIT
EDGE_WEIGHT_FORMAT: FULL_MATRIX
EDGE_DATA_SECTION
0 2
0 3
0 6
0 7
0 9
0 12
1 2
1 3
1 4
1 8
1 9
1 10
1 11
1 12
1 14
1 18
2 4
2 9
2 10
2 11
2 12
2 13
3 5
3 6
3 7
3 11
3 12
3 16
3 18
4 6
4 8
4 9
4 10
4 11
4 12
4 18
5 7
5 9
5 10
5 12
6 7
6 8
6 9
7 9
7 10
8 9
9 11
9 12
9 17
9 18
10 11
10 12
10 18
11 12
11 18
12 15
12 18
13 18
-1
EDGE_WEIGHT_SECTION
0	0	1	1	0	0	1	1	0	1	0	0	1	0	0	0	0	0	0
0	0	1	1	1	0	0	0	1	1	1	1	1	0	1	0	0	0	1
1	1	0	0	1	0	0	0	0	1	1	1	1	1	0	0	0	0	0
1	1	0	0	0	1	1	1	0	0	0	1	1	0	0	0	1	0	1
0	1	1	0	0	0	1	0	1	1	1	1	1	0	0	0	0	0	1
0	0	0	1	0	0	0	1	0	1	1	0	1	0	0	0	0	0	0
1	0	0	1	1	0	0	1	1	1	0	0	0	0	0	0	0	0	0
1	0	0	1	0	1	1	0	0	1	1	0	0	0	0	0	0	0	0
0	1	0	0	1	0	1	0	0	1	0	0	0	0	0	0	0	0	0
1	1	1	0	1	1	1	1	1	0	0	1	1	0	0	0	0	1	1
0	1	1	0	1	1	0	1	0	0	0	1	1	0	0	0	0	0	1
0	1	1	1	1	0	0	0	0	1	1	0	1	0	0	0	0	0	1
1	1	1	1	1	1	0	0	0	1	1	1	0	0	0	1	0	0	1
0	0	1	0	0	0	0	0	0	0	0	0	0	0	0	0	0	0	1
0	1	0	0	0	0	0	0	0	0	0	0	0	0	0	0	0	0	0
0	0	0	0	0	0	0	0	0	0	0	0	1	0	0	0	0	0	0
0	0	0	1	0	0	0	0	0	0	0	0	0	0	0	0	0	0	0
0	0	0	0	0	0	0	0	0	1	0	0	0	0	0	0	0	0	0
0	1	0	1	1	0	0	0	0	1	1	1	1	1	0	0	0	0	0
DIFF_EDGE
0 0
CHROM_NUMBER
9
EOF
