TYPE : graph_{count}
DIMENSION: 17
EDGE_DATA_FORMAT: EDGE_LIST
EDGE_WEIGHT_TYPE: EXPLICIT
EDGE_WEIGHT_FORMAT: FULL_MATRIX
EDGE_DATA_SECTION
0 1
0 2
0 3
0 4
0 5
0 6
0 9
0 10
0 12
0 13
0 14
1 4
1 6
1 9
2 4
2 5
2 7
2 10
3 5
3 6
3 8
3 9
3 11
3 12
3 13
4 5
4 9
4 10
4 14
5 6
5 7
5 8
5 12
5 13
5 14
5 15
6 7
6 9
6 10
6 12
6 13
6 14
7 8
7 10
8 12
8 16
9 12
9 13
10 13
10 14
10 16
11 14
12 13
12 14
13 14
-1
EDGE_WEIGHT_SECTION
0	1	1	1	1	1	1	0	0	1	1	0	1	1	1	0	0
1	0	0	0	1	0	1	0	0	1	0	0	0	0	0	0	0
1	0	0	0	1	1	0	1	0	0	1	0	0	0	0	0	0
1	0	0	0	0	1	1	0	1	1	0	1	1	1	0	0	0
1	1	1	0	0	1	0	0	0	1	1	0	0	0	1	0	0
1	0	1	1	1	0	1	1	1	0	0	0	1	1	1	1	0
1	1	0	1	0	1	0	1	0	1	1	0	1	1	1	0	0
0	0	1	0	0	1	1	0	1	0	1	0	0	0	0	0	0
0	0	0	1	0	1	0	1	0	0	0	0	1	0	0	0	1
1	1	0	1	1	0	1	0	0	0	0	0	1	1	0	0	0
1	0	1	0	1	0	1	1	0	0	0	0	0	1	1	0	1
0	0	0	1	0	0	0	0	0	0	0	0	0	0	1	0	0
1	0	0	1	0	1	1	0	1	1	0	0	0	1	1	0	0
1	0	0	1	0	1	1	0	0	1	1	0	1	0	1	0	0
1	0	0	0	1	1	1	0	0	0	1	1	1	1	0	0	0
0	0	0	0	0	1	0	0	0	0	0	0	0	0	0	0	0
0	0	0	0	0	0	0	0	1	0	1	0	0	0	0	0	0
DIFF_EDGE
0 0
CHROM_NUMBER
9
EOF
