TYPE : graph_{count}
DIMENSION: 21
EDGE_DATA_FORMAT: EDGE_LIST
EDGE_WEIGHT_TYPE: EXPLICIT
EDGE_WEIGHT_FORMAT: FULL_MATRIX
EDGE_DATA_SECTION
0 1
0 8
0 15
0 19
1 2
1 3
1 7
1 8
1 11
1 12
1 17
2 6
2 7
2 8
2 9
2 13
2 15
3 4
3 7
3 8
3 9
3 10
3 13
3 15
3 17
3 20
4 6
4 7
4 8
4 10
4 17
5 6
5 7
5 19
6 8
6 9
6 14
6 17
6 20
7 9
7 10
7 14
7 15
7 18
8 9
8 15
8 16
8 17
9 12
9 15
9 17
12 17
13 17
14 15
14 17
15 17
16 17
-1
EDGE_WEIGHT_SECTION
0	1	0	0	0	0	0	0	1	0	0	0	0	0	0	1	0	0	0	1	0
1	0	1	1	0	0	0	1	1	0	0	1	1	0	0	0	0	1	0	0	0
0	1	0	0	0	0	1	1	1	1	0	0	0	1	0	1	0	0	0	0	0
0	1	0	0	1	0	0	1	1	1	1	0	0	1	0	1	0	1	0	0	1
0	0	0	1	0	0	1	1	1	0	1	0	0	0	0	0	0	1	0	0	0
0	0	0	0	0	0	1	1	0	0	0	0	0	0	0	0	0	0	0	1	0
0	0	1	0	1	1	0	0	1	1	0	0	0	0	1	0	0	1	0	0	1
0	1	1	1	1	1	0	0	0	1	1	0	0	0	1	1	0	0	1	0	0
1	1	1	1	1	0	1	0	0	1	0	0	0	0	0	1	1	1	0	0	0
0	0	1	1	0	0	1	1	1	0	0	0	1	0	0	1	0	1	0	0	0
0	0	0	1	1	0	0	1	0	0	0	0	0	0	0	0	0	0	0	0	0
0	1	0	0	0	0	0	0	0	0	0	0	0	0	0	0	0	0	0	0	0
0	1	0	0	0	0	0	0	0	1	0	0	0	0	0	0	0	1	0	0	0
0	0	1	1	0	0	0	0	0	0	0	0	0	0	0	0	0	1	0	0	0
0	0	0	0	0	0	1	1	0	0	0	0	0	0	0	1	0	1	0	0	0
1	0	1	1	0	0	0	1	1	1	0	0	0	0	1	0	0	1	0	0	0
0	0	0	0	0	0	0	0	1	0	0	0	0	0	0	0	0	1	0	0	0
0	1	0	1	1	0	1	0	1	1	0	0	1	1	1	1	1	0	0	0	0
0	0	0	0	0	0	0	1	0	0	0	0	0	0	0	0	0	0	0	0	0
1	0	0	0	0	1	0	0	0	0	0	0	0	0	0	0	0	0	0	0	0
0	0	0	1	0	0	1	0	0	0	0	0	0	0	0	0	0	0	0	0	0
DIFF_EDGE
0 0
CHROM_NUMBER
9
EOF
