TYPE : graph_{count}
DIMENSION: 17
EDGE_DATA_FORMAT: EDGE_LIST
EDGE_WEIGHT_TYPE: EXPLICIT
EDGE_WEIGHT_FORMAT: FULL_MATRIX
EDGE_DATA_SECTION
0 2
0 3
0 4
0 10
0 13
0 15
1 3
1 6
1 7
1 8
1 10
1 13
2 4
2 5
2 6
2 10
2 11
2 12
2 14
3 4
3 5
3 6
3 7
3 8
3 9
3 10
3 12
3 13
3 14
4 7
4 10
5 7
5 9
6 8
6 9
6 10
6 12
7 12
7 15
7 16
8 9
8 10
8 11
8 12
8 13
8 16
9 10
9 12
9 13
10 12
10 13
11 12
11 13
12 13
-1
EDGE_WEIGHT_SECTION
0	0	1	1	1	0	0	0	0	0	1	0	0	1	0	1	0
0	0	0	1	0	0	1	1	1	0	1	0	0	1	0	0	0
1	0	0	0	1	1	1	0	0	0	1	1	1	0	1	0	0
1	1	0	0	1	1	1	1	1	1	1	0	1	1	1	0	0
1	0	1	1	0	0	0	1	0	0	1	0	0	0	0	0	0
0	0	1	1	0	0	0	1	0	1	0	0	0	0	0	0	0
0	1	1	1	0	0	0	0	1	1	1	0	1	0	0	0	0
0	1	0	1	1	1	0	0	0	0	0	0	1	0	0	1	1
0	1	0	1	0	0	1	0	0	1	1	1	1	1	0	0	1
0	0	0	1	0	1	1	0	1	0	1	0	1	1	0	0	0
1	1	1	1	1	0	1	0	1	1	0	0	1	1	0	0	0
0	0	1	0	0	0	0	0	1	0	0	0	1	1	0	0	0
0	0	1	1	0	0	1	1	1	1	1	1	0	1	0	0	0
1	1	0	1	0	0	0	0	1	1	1	1	1	0	0	0	0
0	0	1	1	0	0	0	0	0	0	0	0	0	0	0	0	0
1	0	0	0	0	0	0	1	0	0	0	0	0	0	0	0	0
0	0	0	0	0	0	0	1	1	0	0	0	0	0	0	0	0
DIFF_EDGE
0 0
CHROM_NUMBER
9
EOF
