TYPE : graph_{count}
DIMENSION: 18
EDGE_DATA_FORMAT: EDGE_LIST
EDGE_WEIGHT_TYPE: EXPLICIT
EDGE_WEIGHT_FORMAT: FULL_MATRIX
EDGE_DATA_SECTION
0 2
0 5
0 6
0 7
0 8
0 12
0 16
1 2
1 3
1 5
1 6
1 7
1 9
1 10
1 11
1 17
2 4
2 7
2 9
2 14
2 15
2 17
3 7
3 9
3 10
3 13
3 14
4 5
4 6
4 9
4 10
4 12
4 14
4 17
5 6
5 7
5 10
5 12
5 14
5 16
5 17
6 7
6 8
6 9
6 10
6 12
6 14
6 16
6 17
7 8
7 16
7 17
8 10
9 16
10 12
10 14
10 15
10 16
10 17
11 12
11 14
11 16
12 13
12 14
12 16
12 17
14 16
14 17
16 17
-1
EDGE_WEIGHT_SECTION
0	0	1	0	0	1	1	1	1	0	0	0	1	0	0	0	1	0
0	0	1	1	0	1	1	1	0	1	1	1	0	0	0	0	0	1
1	1	0	0	1	0	0	1	0	1	0	0	0	0	1	1	0	1
0	1	0	0	0	0	0	1	0	1	1	0	0	1	1	0	0	0
0	0	1	0	0	1	1	0	0	1	1	0	1	0	1	0	0	1
1	1	0	0	1	0	1	1	0	0	1	0	1	0	1	0	1	1
1	1	0	0	1	1	0	1	1	1	1	0	1	0	1	0	1	1
1	1	1	1	0	1	1	0	1	0	0	0	0	0	0	0	1	1
1	0	0	0	0	0	1	1	0	0	1	0	0	0	0	0	0	0
0	1	1	1	1	0	1	0	0	0	0	0	0	0	0	0	1	0
0	1	0	1	1	1	1	0	1	0	0	0	1	0	1	1	1	1
0	1	0	0	0	0	0	0	0	0	0	0	1	0	1	0	1	0
1	0	0	0	1	1	1	0	0	0	1	1	0	1	1	0	1	1
0	0	0	1	0	0	0	0	0	0	0	0	1	0	0	0	0	0
0	0	1	1	1	1	1	0	0	0	1	1	1	0	0	0	1	1
0	0	1	0	0	0	0	0	0	0	1	0	0	0	0	0	0	0
1	0	0	0	0	1	1	1	0	1	1	1	1	0	1	0	0	1
0	1	1	0	1	1	1	1	0	0	1	0	1	0	1	0	1	0
DIFF_EDGE
0 0
CHROM_NUMBER
11
EOF
