TYPE : graph_{count}
DIMENSION: 18
EDGE_DATA_FORMAT: EDGE_LIST
EDGE_WEIGHT_TYPE: EXPLICIT
EDGE_WEIGHT_FORMAT: FULL_MATRIX
EDGE_DATA_SECTION
0 1
0 2
0 3
0 4
0 10
0 12
0 13
0 14
0 16
1 4
1 5
1 7
1 8
1 12
1 13
1 14
1 16
2 5
2 9
2 10
2 11
2 12
2 16
3 5
3 6
3 7
3 8
3 12
3 13
3 14
3 16
4 6
4 7
4 8
4 10
4 12
4 13
4 14
4 16
5 7
5 9
5 12
5 13
5 14
5 16
6 8
6 12
7 16
7 17
8 9
8 13
9 12
9 13
10 12
11 13
12 13
12 14
12 16
13 14
13 15
13 16
13 17
14 16
-1
EDGE_WEIGHT_SECTION
0	1	1	1	1	0	0	0	0	0	1	0	1	1	1	0	1	0
1	0	0	0	1	1	0	1	1	0	0	0	1	1	1	0	1	0
1	0	0	0	0	1	0	0	0	1	1	1	1	0	0	0	1	0
1	0	0	0	0	1	1	1	1	0	0	0	1	1	1	0	1	0
1	1	0	0	0	0	1	1	1	0	1	0	1	1	1	0	1	0
0	1	1	1	0	0	0	1	0	1	0	0	1	1	1	0	1	0
0	0	0	1	1	0	0	0	1	0	0	0	1	0	0	0	0	0
0	1	0	1	1	1	0	0	0	0	0	0	0	0	0	0	1	1
0	1	0	1	1	0	1	0	0	1	0	0	0	1	0	0	0	0
0	0	1	0	0	1	0	0	1	0	0	0	1	1	0	0	0	0
1	0	1	0	1	0	0	0	0	0	0	0	1	0	0	0	0	0
0	0	1	0	0	0	0	0	0	0	0	0	0	1	0	0	0	0
1	1	1	1	1	1	1	0	0	1	1	0	0	1	1	0	1	0
1	1	0	1	1	1	0	0	1	1	0	1	1	0	1	1	1	1
1	1	0	1	1	1	0	0	0	0	0	0	1	1	0	0	1	0
0	0	0	0	0	0	0	0	0	0	0	0	0	1	0	0	0	0
1	1	1	1	1	1	0	1	0	0	0	0	1	1	1	0	0	0
0	0	0	0	0	0	0	1	0	0	0	0	0	1	0	0	0	0
DIFF_EDGE
0 0
CHROM_NUMBER
9
EOF
