TYPE : graph_{count}
DIMENSION: 21
EDGE_DATA_FORMAT: EDGE_LIST
EDGE_WEIGHT_TYPE: EXPLICIT
EDGE_WEIGHT_FORMAT: FULL_MATRIX
EDGE_DATA_SECTION
0 4
0 5
0 6
0 14
0 16
0 18
1 4
1 5
1 7
1 10
1 16
1 17
2 3
2 4
2 6
2 7
2 11
2 14
2 15
2 18
2 20
3 4
3 6
3 7
3 10
3 14
4 8
4 9
4 14
4 16
5 8
5 9
5 10
6 8
7 9
7 14
8 17
9 10
9 14
9 15
9 16
10 14
10 16
10 19
10 20
11 12
11 13
11 14
12 14
12 16
13 16
14 16
-1
EDGE_WEIGHT_SECTION
0	0	0	0	1	1	1	0	0	0	0	0	0	0	1	0	1	0	1	0	0
0	0	0	0	1	1	0	1	0	0	1	0	0	0	0	0	1	1	0	0	0
0	0	0	1	1	0	1	1	0	0	0	1	0	0	1	1	0	0	1	0	1
0	0	1	0	1	0	1	1	0	0	1	0	0	0	1	0	0	0	0	0	0
1	1	1	1	0	0	0	0	1	1	0	0	0	0	1	0	1	0	0	0	0
1	1	0	0	0	0	0	0	1	1	1	0	0	0	0	0	0	0	0	0	0
1	0	1	1	0	0	0	0	1	0	0	0	0	0	0	0	0	0	0	0	0
0	1	1	1	0	0	0	0	0	1	0	0	0	0	1	0	0	0	0	0	0
0	0	0	0	1	1	1	0	0	0	0	0	0	0	0	0	0	1	0	0	0
0	0	0	0	1	1	0	1	0	0	1	0	0	0	1	1	1	0	0	0	0
0	1	0	1	0	1	0	0	0	1	0	0	0	0	1	0	1	0	0	1	1
0	0	1	0	0	0	0	0	0	0	0	0	1	1	1	0	0	0	0	0	0
0	0	0	0	0	0	0	0	0	0	0	1	0	0	1	0	1	0	0	0	0
0	0	0	0	0	0	0	0	0	0	0	1	0	0	0	0	1	0	0	0	0
1	0	1	1	1	0	0	1	0	1	1	1	1	0	1	0	1	0	0	0	0
0	0	1	0	0	0	0	0	0	1	0	0	0	0	0	0	0	0	0	0	0
1	1	0	0	1	0	0	0	0	1	1	0	1	1	1	0	0	0	0	0	0
0	1	0	0	0	0	0	0	1	0	0	0	0	0	0	0	0	0	0	0	0
1	0	1	0	0	0	0	0	0	0	0	0	0	0	0	0	0	0	0	0	0
0	0	0	0	0	0	0	0	0	0	1	0	0	0	0	0	0	0	0	0	0
0	0	1	0	0	0	0	0	0	0	1	0	0	0	0	0	0	0	0	0	0
DIFF_EDGE
0 0
CHROM_NUMBER
8
EOF
