TYPE : graph_{count}
DIMENSION: 17
EDGE_DATA_FORMAT: EDGE_LIST
EDGE_WEIGHT_TYPE: EXPLICIT
EDGE_WEIGHT_FORMAT: FULL_MATRIX
EDGE_DATA_SECTION
0 2
0 3
0 4
0 5
0 6
0 8
0 9
0 11
0 14
0 16
1 5
1 8
1 9
1 14
2 4
2 6
2 10
2 13
3 4
3 6
3 7
3 10
3 11
4 5
4 7
4 8
4 11
4 14
4 16
5 6
5 7
5 9
5 10
5 11
5 12
5 16
6 7
6 8
6 9
6 10
6 11
6 14
6 16
7 9
8 9
8 10
8 12
8 13
8 14
8 15
8 16
9 10
9 11
9 14
9 16
10 11
10 14
10 16
11 14
11 15
11 16
12 14
13 14
14 16
-1
EDGE_WEIGHT_SECTION
0	0	1	1	1	1	1	0	1	1	0	1	0	0	1	0	1
0	0	0	0	0	1	0	0	1	1	0	0	0	0	1	0	0
1	0	0	0	1	0	1	0	0	0	1	0	0	1	0	0	0
1	0	0	0	1	0	1	1	0	0	1	1	0	0	0	0	0
1	0	1	1	0	1	0	1	1	0	0	1	0	0	1	0	1
1	1	0	0	1	0	1	1	0	1	1	1	1	0	0	0	1
1	0	1	1	0	1	0	1	1	1	1	1	0	0	1	0	1
0	0	0	1	1	1	1	0	0	1	0	0	0	0	0	0	0
1	1	0	0	1	0	1	0	0	1	1	0	1	1	1	1	1
1	1	0	0	0	1	1	1	1	0	1	1	0	0	1	0	1
0	0	1	1	0	1	1	0	1	1	0	1	0	0	1	0	1
1	0	0	1	1	1	1	0	0	1	1	0	0	0	1	1	1
0	0	0	0	0	1	0	0	1	0	0	0	0	0	1	0	0
0	0	1	0	0	0	0	0	1	0	0	0	0	0	1	0	0
1	1	0	0	1	0	1	0	1	1	1	1	1	1	1	0	1
0	0	0	0	0	0	0	0	1	0	0	1	0	0	0	0	0
1	0	0	0	1	1	1	0	1	1	1	1	0	0	1	0	0
DIFF_EDGE
0 0
CHROM_NUMBER
10
EOF
