TYPE : graph_{count}
DIMENSION: 17
EDGE_DATA_FORMAT: EDGE_LIST
EDGE_WEIGHT_TYPE: EXPLICIT
EDGE_WEIGHT_FORMAT: FULL_MATRIX
EDGE_DATA_SECTION
0 1
0 4
0 7
0 8
0 9
0 14
1 9
2 3
2 5
2 6
2 7
2 8
2 10
2 13
2 15
3 5
3 7
3 9
3 10
3 13
3 15
4 8
5 6
5 7
5 8
5 11
5 15
6 9
6 13
6 14
6 15
7 10
7 13
8 9
8 10
9 11
9 13
9 15
10 12
11 13
11 15
12 13
12 15
13 15
14 15
15 16
-1
EDGE_WEIGHT_SECTION
0	1	0	0	1	0	0	1	1	1	0	0	0	0	1	0	0
1	0	0	0	0	0	0	0	0	1	0	0	0	0	0	0	0
0	0	0	1	0	1	1	1	1	0	1	0	0	1	0	1	0
0	0	1	0	0	1	0	1	0	1	1	0	0	1	0	1	0
1	0	0	0	0	0	0	0	1	0	0	0	0	0	0	0	0
0	0	1	1	0	0	1	1	1	0	0	1	0	0	0	1	0
0	0	1	0	0	1	0	0	0	1	0	0	0	1	1	1	0
1	0	1	1	0	1	0	0	0	0	1	0	0	1	0	0	0
1	0	1	0	1	1	0	0	0	1	1	0	0	0	0	0	0
1	1	0	1	0	0	1	0	1	0	0	1	0	1	0	1	0
0	0	1	1	0	0	0	1	1	0	0	0	1	0	0	0	0
0	0	0	0	0	1	0	0	0	1	0	0	0	1	0	1	0
0	0	0	0	0	0	0	0	0	0	1	0	0	1	0	1	0
0	0	1	1	0	0	1	1	0	1	0	1	1	0	0	1	0
1	0	0	0	0	0	1	0	0	0	0	0	0	0	0	1	0
0	0	1	1	0	1	1	0	0	1	0	1	1	1	1	0	1
0	0	0	0	0	0	0	0	0	0	0	0	0	0	0	1	0
DIFF_EDGE
0 0
CHROM_NUMBER
8
EOF
