TYPE : graph_{count}
DIMENSION: 19
EDGE_DATA_FORMAT: EDGE_LIST
EDGE_WEIGHT_TYPE: EXPLICIT
EDGE_WEIGHT_FORMAT: FULL_MATRIX
EDGE_DATA_SECTION
0 2
0 4
0 8
0 15
1 2
1 4
1 6
1 8
1 9
1 15
1 17
2 5
2 9
2 10
2 11
2 12
2 18
3 8
3 16
4 8
4 10
4 18
5 6
5 8
5 10
5 14
5 16
6 13
7 9
7 12
8 9
8 12
8 15
9 12
9 14
9 15
11 12
11 15
12 13
12 15
12 17
13 15
14 15
-1
EDGE_WEIGHT_SECTION
0	0	1	0	1	0	0	0	1	0	0	0	0	0	0	1	0	0	0
0	0	1	0	1	0	1	0	1	1	0	0	0	0	0	1	0	1	0
1	1	0	0	0	1	0	0	0	1	1	1	1	0	0	0	0	0	1
0	0	0	0	0	0	0	0	1	0	0	0	0	0	0	0	1	0	0
1	1	0	0	0	0	0	0	1	0	1	0	0	0	0	0	0	0	1
0	0	1	0	0	0	1	0	1	0	1	0	0	0	1	0	1	0	0
0	1	0	0	0	1	0	0	0	0	0	0	0	1	0	0	0	0	0
0	0	0	0	0	0	0	0	0	1	0	0	1	0	0	0	0	0	0
1	1	0	1	1	1	0	0	0	1	0	0	1	0	0	1	0	0	0
0	1	1	0	0	0	0	1	1	0	0	0	1	0	1	1	0	0	0
0	0	1	0	1	1	0	0	0	0	0	0	0	0	0	0	0	0	0
0	0	1	0	0	0	0	0	0	0	0	0	1	0	0	1	0	0	0
0	0	1	0	0	0	0	1	1	1	0	1	0	1	0	1	0	1	0
0	0	0	0	0	0	1	0	0	0	0	0	1	0	0	1	0	0	0
0	0	0	0	0	1	0	0	0	1	0	0	0	0	0	1	0	0	0
1	1	0	0	0	0	0	0	1	1	0	1	1	1	1	1	0	0	0
0	0	0	1	0	1	0	0	0	0	0	0	0	0	0	0	0	0	0
0	1	0	0	0	0	0	0	0	0	0	0	1	0	0	0	0	0	0
0	0	1	0	1	0	0	0	0	0	0	0	0	0	0	0	0	0	0
DIFF_EDGE
0 0
CHROM_NUMBER
7
EOF
