TYPE : graph_{count}
DIMENSION: 15
EDGE_DATA_FORMAT: EDGE_LIST
EDGE_WEIGHT_TYPE: EXPLICIT
EDGE_WEIGHT_FORMAT: FULL_MATRIX
EDGE_DATA_SECTION
0 1
0 4
0 5
0 6
0 7
0 10
0 11
1 2
1 3
1 4
1 5
1 9
1 10
1 11
2 4
2 5
2 7
2 10
2 11
3 5
3 7
3 8
3 9
3 10
3 12
4 5
4 6
4 10
4 11
5 7
5 8
5 9
5 11
5 13
6 7
6 8
6 12
6 14
7 8
7 11
9 11
9 14
10 11
-1
EDGE_WEIGHT_SECTION
0	1	0	0	1	1	1	1	0	0	1	1	0	0	0
1	0	1	1	1	1	0	0	0	1	1	1	0	0	0
0	1	0	0	1	1	0	1	0	0	1	1	0	0	0
0	1	0	0	0	1	0	1	1	1	1	0	1	0	0
1	1	1	0	0	1	1	0	0	0	1	1	0	0	0
1	1	1	1	1	0	0	1	1	1	0	1	0	1	0
1	0	0	0	1	0	0	1	1	0	0	0	1	0	1
1	0	1	1	0	1	1	0	1	0	0	1	0	0	0
0	0	0	1	0	1	1	1	0	0	0	0	0	0	0
0	1	0	1	0	1	0	0	0	0	0	1	0	0	1
1	1	1	1	1	0	0	0	0	0	0	1	0	0	0
1	1	1	0	1	1	0	1	0	1	1	0	0	0	0
0	0	0	1	0	0	1	0	0	0	0	0	0	0	0
0	0	0	0	0	1	0	0	0	0	0	0	0	0	0
0	0	0	0	0	0	1	0	0	1	0	0	0	0	0
DIFF_EDGE
0 0
CHROM_NUMBER
8
EOF
