TYPE : graph_{count}
DIMENSION: 19
EDGE_DATA_FORMAT: EDGE_LIST
EDGE_WEIGHT_TYPE: EXPLICIT
EDGE_WEIGHT_FORMAT: FULL_MATRIX
EDGE_DATA_SECTION
0 1
0 3
0 6
1 2
1 3
1 6
1 8
1 9
1 11
1 12
1 17
1 18
2 4
2 5
2 6
2 9
2 10
2 11
2 12
2 18
3 4
3 5
3 6
3 9
3 10
3 11
3 12
3 18
4 6
4 8
4 18
5 6
5 10
5 18
6 11
6 12
6 16
6 18
7 8
7 10
7 12
7 17
8 10
8 11
8 12
9 10
10 13
10 16
10 18
11 12
11 13
11 14
11 18
12 15
13 18
14 18
15 18
17 18
-1
EDGE_WEIGHT_SECTION
0	1	0	1	0	0	1	0	0	0	0	0	0	0	0	0	0	0	0
1	0	1	1	0	0	1	0	1	1	0	1	1	0	0	0	0	1	1
0	1	0	0	1	1	1	0	0	1	1	1	1	0	0	0	0	0	1
1	1	0	0	1	1	1	0	0	1	1	1	1	0	0	0	0	0	1
0	0	1	1	0	0	1	0	1	0	0	0	0	0	0	0	0	0	1
0	0	1	1	0	0	1	0	0	0	1	0	0	0	0	0	0	0	1
1	1	1	1	1	1	0	0	0	0	0	1	1	0	0	0	1	0	1
0	0	0	0	0	0	0	0	1	0	1	0	1	0	0	0	0	1	0
0	1	0	0	1	0	0	1	0	0	1	1	1	0	0	0	0	0	0
0	1	1	1	0	0	0	0	0	0	1	0	0	0	0	0	0	0	0
0	0	1	1	0	1	0	1	1	1	0	0	0	1	0	0	1	0	1
0	1	1	1	0	0	1	0	1	0	0	0	1	1	1	0	0	0	1
0	1	1	1	0	0	1	1	1	0	0	1	0	0	0	1	0	0	0
0	0	0	0	0	0	0	0	0	0	1	1	0	0	0	0	0	0	1
0	0	0	0	0	0	0	0	0	0	0	1	0	0	0	0	0	0	1
0	0	0	0	0	0	0	0	0	0	0	0	1	0	0	0	0	0	1
0	0	0	0	0	0	1	0	0	0	1	0	0	0	0	0	0	0	0
0	1	0	0	0	0	0	1	0	0	0	0	0	0	0	0	0	0	1
0	1	1	1	1	1	1	0	0	0	1	1	0	1	1	1	0	1	1
DIFF_EDGE
0 0
CHROM_NUMBER
9
EOF
