TYPE : graph_{count}
DIMENSION: 15
EDGE_DATA_FORMAT: EDGE_LIST
EDGE_WEIGHT_TYPE: EXPLICIT
EDGE_WEIGHT_FORMAT: FULL_MATRIX
EDGE_DATA_SECTION
0 1
0 3
0 5
0 7
0 8
0 10
0 13
1 6
1 8
1 9
1 13
2 3
2 4
2 7
2 8
2 10
2 14
3 5
3 6
3 7
3 8
3 9
3 13
4 5
4 6
4 7
4 8
4 9
4 13
5 8
5 13
5 14
6 9
6 10
6 13
7 9
7 10
7 11
7 13
8 13
9 13
11 12
11 13
12 13
-1
EDGE_WEIGHT_SECTION
0	1	0	1	0	1	0	1	1	0	1	0	0	1	0
1	0	0	0	0	0	1	0	1	1	0	0	0	1	0
0	0	0	1	1	0	0	1	1	0	1	0	0	0	1
1	0	1	0	0	1	1	1	1	1	0	0	0	1	0
0	0	1	0	0	1	1	1	1	1	0	0	0	1	0
1	0	0	1	1	0	0	0	1	0	0	0	0	1	1
0	1	0	1	1	0	0	0	0	1	1	0	0	1	0
1	0	1	1	1	0	0	0	0	1	1	1	0	1	0
1	1	1	1	1	1	0	0	0	0	0	0	0	1	0
0	1	0	1	1	0	1	1	0	0	0	0	0	1	0
1	0	1	0	0	0	1	1	0	0	0	0	0	0	0
0	0	0	0	0	0	0	1	0	0	0	0	1	1	0
0	0	0	0	0	0	0	0	0	0	0	1	0	1	0
1	1	0	1	1	1	1	1	1	1	0	1	1	0	0
0	0	1	0	0	1	0	0	0	0	0	0	0	0	0
DIFF_EDGE
0 0
CHROM_NUMBER
8
EOF
