TYPE : graph_{count}
DIMENSION: 17
EDGE_DATA_FORMAT: EDGE_LIST
EDGE_WEIGHT_TYPE: EXPLICIT
EDGE_WEIGHT_FORMAT: FULL_MATRIX
EDGE_DATA_SECTION
0 1
0 2
0 3
0 8
0 9
0 10
0 12
0 15
1 9
1 10
1 12
2 3
2 4
2 5
2 7
2 8
2 10
2 12
2 15
3 9
3 15
4 7
4 9
4 10
4 12
5 8
6 10
6 12
7 8
7 11
7 12
8 13
9 10
9 11
9 12
9 15
9 16
10 12
10 15
11 15
12 14
12 15
14 15
-1
EDGE_WEIGHT_SECTION
0	1	1	1	0	0	0	0	1	1	1	0	1	0	0	1	0
1	0	0	0	0	0	0	0	0	1	1	0	1	0	0	0	0
1	0	0	1	1	1	0	1	1	0	1	0	1	0	0	1	0
1	0	1	0	0	0	0	0	0	1	0	0	0	0	0	1	0
0	0	1	0	0	0	0	1	0	1	1	0	1	0	0	0	0
0	0	1	0	0	0	0	0	1	0	0	0	0	0	0	0	0
0	0	0	0	0	0	0	0	0	0	1	0	1	0	0	0	0
0	0	1	0	1	0	0	0	1	0	0	1	1	0	0	0	0
1	0	1	0	0	1	0	1	0	0	0	0	0	1	0	0	0
1	1	0	1	1	0	0	0	0	0	1	1	1	0	0	1	1
1	1	1	0	1	0	1	0	0	1	0	0	1	0	0	1	0
0	0	0	0	0	0	0	1	0	1	0	0	0	0	0	1	0
1	1	1	0	1	0	1	1	0	1	1	0	1	0	1	1	0
0	0	0	0	0	0	0	0	1	0	0	0	0	0	0	0	0
0	0	0	0	0	0	0	0	0	0	0	0	1	0	0	1	0
1	0	1	1	0	0	0	0	0	1	1	1	1	0	1	1	0
0	0	0	0	0	0	0	0	0	1	0	0	0	0	0	0	0
DIFF_EDGE
0 0
CHROM_NUMBER
7
EOF
