TYPE : graph_{count}
DIMENSION: 19
EDGE_DATA_FORMAT: EDGE_LIST
EDGE_WEIGHT_TYPE: EXPLICIT
EDGE_WEIGHT_FORMAT: FULL_MATRIX
EDGE_DATA_SECTION
0 1
0 2
0 3
0 4
0 10
0 11
0 12
0 13
0 14
0 15
1 4
1 6
1 9
1 11
1 13
1 15
1 16
2 3
2 7
2 8
2 9
2 11
2 13
3 4
3 6
3 7
3 10
3 15
3 16
4 6
4 7
4 8
4 9
4 10
4 11
4 13
4 15
4 16
5 7
5 8
5 9
5 10
5 15
7 9
7 10
8 9
8 10
8 11
8 12
8 13
8 15
8 16
9 10
9 13
9 16
10 11
10 13
10 15
10 16
11 13
11 15
11 16
12 16
13 15
13 16
13 17
15 16
17 18
-1
EDGE_WEIGHT_SECTION
0	1	1	1	1	0	0	0	0	0	1	1	1	1	1	1	0	0	0
1	0	0	0	1	0	1	0	0	1	0	1	0	1	0	1	1	0	0
1	0	0	1	0	0	0	1	1	1	0	1	0	1	0	0	0	0	0
1	0	1	0	1	0	1	1	0	0	1	0	0	0	0	1	1	0	0
1	1	0	1	0	0	1	1	1	1	1	1	0	1	0	1	1	0	0
0	0	0	0	0	0	0	1	1	1	1	0	0	0	0	1	0	0	0
0	1	0	1	1	0	0	0	0	0	0	0	0	0	0	0	0	0	0
0	0	1	1	1	1	0	0	0	1	1	0	0	0	0	0	0	0	0
0	0	1	0	1	1	0	0	0	1	1	1	1	1	0	1	1	0	0
0	1	1	0	1	1	0	1	1	0	1	0	0	1	0	0	1	0	0
1	0	0	1	1	1	0	1	1	1	0	1	0	1	0	1	1	0	0
1	1	1	0	1	0	0	0	1	0	1	0	0	1	0	1	1	0	0
1	0	0	0	0	0	0	0	1	0	0	0	0	0	0	0	1	0	0
1	1	1	0	1	0	0	0	1	1	1	1	0	0	0	1	1	1	0
1	0	0	0	0	0	0	0	0	0	0	0	0	0	0	0	0	0	0
1	1	0	1	1	1	0	0	1	0	1	1	0	1	0	0	1	0	0
0	1	0	1	1	0	0	0	1	1	1	1	1	1	0	1	1	0	0
0	0	0	0	0	0	0	0	0	0	0	0	0	1	0	0	0	0	1
0	0	0	0	0	0	0	0	0	0	0	0	0	0	0	0	0	1	0
DIFF_EDGE
0 0
CHROM_NUMBER
10
EOF
