TYPE : graph_{count}
DIMENSION: 20
EDGE_DATA_FORMAT: EDGE_LIST
EDGE_WEIGHT_TYPE: EXPLICIT
EDGE_WEIGHT_FORMAT: FULL_MATRIX
EDGE_DATA_SECTION
0 4
0 5
0 6
0 10
0 12
0 13
0 16
1 3
1 7
1 8
1 9
1 10
1 15
2 3
2 4
2 5
2 7
2 8
2 9
2 10
2 11
2 13
2 17
3 5
3 6
3 7
3 10
3 14
3 15
3 18
3 19
4 6
4 7
4 9
4 14
4 15
4 16
5 6
5 7
5 8
5 10
5 15
5 16
5 18
6 9
6 17
6 18
7 10
7 15
7 16
7 18
8 12
8 16
8 18
9 19
10 15
10 16
10 18
11 15
12 18
13 16
13 18
14 16
15 16
15 18
16 18
-1
EDGE_WEIGHT_SECTION
0	0	0	0	1	1	1	0	0	0	1	0	1	1	0	0	1	0	0	0
0	0	0	1	0	0	0	1	1	1	1	0	0	0	0	1	0	0	0	0
0	0	0	1	1	1	0	1	1	1	1	1	0	1	0	0	0	1	0	0
0	1	1	0	0	1	1	1	0	0	1	0	0	0	1	1	0	0	1	1
1	0	1	0	0	0	1	1	0	1	0	0	0	0	1	1	1	0	0	0
1	0	1	1	0	0	1	1	1	0	1	0	0	0	0	1	1	0	1	0
1	0	0	1	1	1	0	0	0	1	0	0	0	0	0	0	0	1	1	0
0	1	1	1	1	1	0	0	0	0	1	0	0	0	0	1	1	0	1	0
0	1	1	0	0	1	0	0	0	0	0	0	1	0	0	0	1	0	1	0
0	1	1	0	1	0	1	0	0	0	0	0	0	0	0	0	0	0	0	1
1	1	1	1	0	1	0	1	0	0	0	0	0	0	0	1	1	0	1	0
0	0	1	0	0	0	0	0	0	0	0	0	0	0	0	1	0	0	0	0
1	0	0	0	0	0	0	0	1	0	0	0	0	0	0	0	0	0	1	0
1	0	1	0	0	0	0	0	0	0	0	0	0	0	0	0	1	0	1	0
0	0	0	1	1	0	0	0	0	0	0	0	0	0	0	0	1	0	0	0
0	1	0	1	1	1	0	1	0	0	1	1	0	0	0	0	1	0	1	0
1	0	0	0	1	1	0	1	1	0	1	0	0	1	1	1	0	0	1	0
0	0	1	0	0	0	1	0	0	0	0	0	0	0	0	0	0	0	0	0
0	0	0	1	0	1	1	1	1	0	1	0	1	1	0	1	1	0	0	0
0	0	0	1	0	0	0	0	0	1	0	0	0	0	0	0	0	0	0	0
DIFF_EDGE
0 0
CHROM_NUMBER
10
EOF
