TYPE : graph_{count}
DIMENSION: 21
EDGE_DATA_FORMAT: EDGE_LIST
EDGE_WEIGHT_TYPE: EXPLICIT
EDGE_WEIGHT_FORMAT: FULL_MATRIX
EDGE_DATA_SECTION
0 1
0 2
0 3
0 5
0 8
0 10
0 12
0 13
0 17
0 19
0 20
1 3
1 11
2 3
2 5
2 9
2 10
2 12
2 13
2 19
3 4
3 7
3 8
3 9
3 10
3 12
3 13
3 14
3 19
4 7
4 9
4 12
4 13
5 8
5 11
6 7
7 9
7 10
8 10
8 12
8 13
9 10
9 13
9 18
9 19
9 20
10 12
10 13
10 16
10 19
11 12
12 13
12 18
12 19
13 15
13 19
16 19
17 19
-1
EDGE_WEIGHT_SECTION
0	1	1	1	0	1	0	0	1	0	1	0	1	1	0	0	0	1	0	1	1
1	0	0	1	0	0	0	0	0	0	0	1	0	0	0	0	0	0	0	0	0
1	0	0	1	0	1	0	0	0	1	1	0	1	1	0	0	0	0	0	1	0
1	1	1	0	1	0	0	1	1	1	1	0	1	1	1	0	0	0	0	1	0
0	0	0	1	0	0	0	1	0	1	0	0	1	1	0	0	0	0	0	0	0
1	0	1	0	0	0	0	0	1	0	0	1	0	0	0	0	0	0	0	0	0
0	0	0	0	0	0	0	1	0	0	0	0	0	0	0	0	0	0	0	0	0
0	0	0	1	1	0	1	0	0	1	1	0	0	0	0	0	0	0	0	0	0
1	0	0	1	0	1	0	0	0	0	1	0	1	1	0	0	0	0	0	0	0
0	0	1	1	1	0	0	1	0	0	1	0	0	1	0	0	0	0	1	1	1
1	0	1	1	0	0	0	1	1	1	0	0	1	1	0	0	1	0	0	1	0
0	1	0	0	0	1	0	0	0	0	0	0	1	0	0	0	0	0	0	0	0
1	0	1	1	1	0	0	0	1	0	1	1	1	1	0	0	0	0	1	1	0
1	0	1	1	1	0	0	0	1	1	1	0	1	0	0	1	0	0	0	1	0
0	0	0	1	0	0	0	0	0	0	0	0	0	0	0	0	0	0	0	0	0
0	0	0	0	0	0	0	0	0	0	0	0	0	1	0	0	0	0	0	0	0
0	0	0	0	0	0	0	0	0	0	1	0	0	0	0	0	0	0	0	1	0
1	0	0	0	0	0	0	0	0	0	0	0	0	0	0	0	0	0	0	1	0
0	0	0	0	0	0	0	0	0	1	0	0	1	0	0	0	0	0	0	0	0
1	0	1	1	0	0	0	0	0	1	1	0	1	1	0	0	1	1	0	1	0
1	0	0	0	0	0	0	0	0	1	0	0	0	0	0	0	0	0	0	0	0
DIFF_EDGE
0 0
CHROM_NUMBER
8
EOF
