TYPE : graph_{count}
DIMENSION: 19
EDGE_DATA_FORMAT: EDGE_LIST
EDGE_WEIGHT_TYPE: EXPLICIT
EDGE_WEIGHT_FORMAT: FULL_MATRIX
EDGE_DATA_SECTION
0 1
0 5
0 9
0 13
0 14
0 15
1 4
1 5
1 8
1 9
1 10
1 11
1 13
1 14
1 16
1 17
2 4
2 7
2 8
2 9
2 11
2 13
2 14
2 16
2 17
3 5
3 6
3 7
3 8
3 11
3 12
3 13
3 14
3 17
4 5
4 8
4 10
4 13
5 8
5 10
5 11
5 13
5 14
5 16
5 17
6 7
6 10
6 16
6 17
7 13
8 9
8 11
8 13
8 14
8 15
8 16
8 17
9 11
9 12
9 13
9 14
9 17
10 14
10 17
11 13
11 16
11 17
11 18
12 13
12 16
13 14
13 16
13 17
14 16
14 17
14 18
16 17
-1
EDGE_WEIGHT_SECTION
0	1	0	0	0	1	0	0	0	1	0	0	0	1	1	1	0	0	0
1	0	0	0	1	1	0	0	1	1	1	1	0	1	1	0	1	1	0
0	0	0	0	1	0	0	1	1	1	0	1	0	1	1	0	1	1	0
0	0	0	0	0	1	1	1	1	0	0	1	1	1	1	0	0	1	0
0	1	1	0	0	1	0	0	1	0	1	0	0	1	0	0	0	0	0
1	1	0	1	1	0	0	0	1	0	1	1	0	1	1	0	1	1	0
0	0	0	1	0	0	0	1	0	0	1	0	0	0	0	0	1	1	0
0	0	1	1	0	0	1	0	0	0	0	0	0	1	0	0	0	0	0
0	1	1	1	1	1	0	0	0	1	0	1	0	1	1	1	1	1	0
1	1	1	0	0	0	0	0	1	0	0	1	1	1	1	0	0	1	0
0	1	0	0	1	1	1	0	0	0	0	0	0	0	1	0	0	1	0
0	1	1	1	0	1	0	0	1	1	0	0	0	1	0	0	1	1	1
0	0	0	1	0	0	0	0	0	1	0	0	0	1	0	0	1	0	0
1	1	1	1	1	1	0	1	1	1	0	1	1	1	1	0	1	1	0
1	1	1	1	0	1	0	0	1	1	1	0	0	1	1	0	1	1	1
1	0	0	0	0	0	0	0	1	0	0	0	0	0	0	0	0	0	0
0	1	1	0	0	1	1	0	1	0	0	1	1	1	1	0	0	1	0
0	1	1	1	0	1	1	0	1	1	1	1	0	1	1	0	1	0	0
0	0	0	0	0	0	0	0	0	0	0	1	0	0	1	0	0	0	0
DIFF_EDGE
0 0
CHROM_NUMBER
11
EOF
