TYPE : graph_{count}
DIMENSION: 20
EDGE_DATA_FORMAT: EDGE_LIST
EDGE_WEIGHT_TYPE: EXPLICIT
EDGE_WEIGHT_FORMAT: FULL_MATRIX
EDGE_DATA_SECTION
0 8
0 10
1 2
1 3
1 4
1 8
1 10
1 11
1 15
1 19
2 3
2 5
2 6
2 9
2 10
2 11
2 15
2 19
3 8
3 10
3 11
3 15
3 19
4 6
4 7
4 9
4 10
4 15
4 19
5 7
5 9
5 11
5 12
5 13
5 14
5 15
6 10
6 18
6 19
7 8
7 10
7 11
8 9
8 10
8 14
8 15
9 11
10 11
10 15
10 16
10 19
11 15
11 19
12 18
12 19
13 15
14 19
15 17
17 19
18 19
-1
EDGE_WEIGHT_SECTION
0	0	0	0	0	0	0	0	1	0	1	0	0	0	0	0	0	0	0	0
0	0	1	1	1	0	0	0	1	0	1	1	0	0	0	1	0	0	0	1
0	1	0	1	0	1	1	0	0	1	1	1	0	0	0	1	0	0	0	1
0	1	1	0	0	0	0	0	1	0	1	1	0	0	0	1	0	0	0	1
0	1	0	0	0	0	1	1	0	1	1	0	0	0	0	1	0	0	0	1
0	0	1	0	0	0	0	1	0	1	0	1	1	1	1	1	0	0	0	0
0	0	1	0	1	0	0	0	0	0	1	0	0	0	0	0	0	0	1	1
0	0	0	0	1	1	0	0	1	0	1	1	0	0	0	0	0	0	0	0
1	1	0	1	0	0	0	1	0	1	1	0	0	0	1	1	0	0	0	0
0	0	1	0	1	1	0	0	1	0	0	1	0	0	0	0	0	0	0	0
1	1	1	1	1	0	1	1	1	0	0	1	0	0	0	1	1	0	0	1
0	1	1	1	0	1	0	1	0	1	1	0	0	0	0	1	0	0	0	1
0	0	0	0	0	1	0	0	0	0	0	0	0	0	0	0	0	0	1	1
0	0	0	0	0	1	0	0	0	0	0	0	0	0	0	1	0	0	0	0
0	0	0	0	0	1	0	0	1	0	0	0	0	0	0	0	0	0	0	1
0	1	1	1	1	1	0	0	1	0	1	1	0	1	0	0	0	1	0	0
0	0	0	0	0	0	0	0	0	0	1	0	0	0	0	0	0	0	0	0
0	0	0	0	0	0	0	0	0	0	0	0	0	0	0	1	0	0	0	1
0	0	0	0	0	0	1	0	0	0	0	0	1	0	0	0	0	0	0	1
0	1	1	1	1	0	1	0	0	0	1	1	1	0	1	0	0	1	1	1
DIFF_EDGE
0 0
CHROM_NUMBER
8
EOF
