TYPE : graph_{count}
DIMENSION: 20
EDGE_DATA_FORMAT: EDGE_LIST
EDGE_WEIGHT_TYPE: EXPLICIT
EDGE_WEIGHT_FORMAT: FULL_MATRIX
EDGE_DATA_SECTION
0 2
0 4
0 5
0 7
0 9
0 10
0 11
0 12
0 13
0 18
1 2
1 3
1 5
1 8
1 9
1 15
1 18
1 19
2 4
2 6
2 8
2 9
2 10
2 11
2 13
2 14
2 16
2 18
3 4
3 8
4 6
4 8
4 9
4 10
4 11
4 13
4 14
4 16
4 18
5 6
5 7
5 8
5 9
5 10
5 16
6 7
6 8
6 9
6 10
6 11
6 15
6 18
7 10
7 13
7 14
7 18
7 19
8 11
8 12
8 13
8 14
8 18
9 10
9 11
9 13
9 14
9 16
9 18
10 11
10 13
10 14
10 16
10 18
11 13
11 14
11 16
11 18
12 14
12 16
13 14
13 16
13 17
13 18
14 16
14 18
15 16
15 18
16 18
17 18
-1
EDGE_WEIGHT_SECTION
0	0	1	0	1	1	0	1	0	1	1	1	1	1	0	0	0	0	1	0
0	0	1	1	0	1	0	0	1	1	0	0	0	0	0	1	0	0	1	1
1	1	0	0	1	0	1	0	1	1	1	1	0	1	1	0	1	0	1	0
0	1	0	0	1	0	0	0	1	0	0	0	0	0	0	0	0	0	0	0
1	0	1	1	0	0	1	0	1	1	1	1	0	1	1	0	1	0	1	0
1	1	0	0	0	0	1	1	1	1	1	0	0	0	0	0	1	0	0	0
0	0	1	0	1	1	0	1	1	1	1	1	0	0	0	1	0	0	1	0
1	0	0	0	0	1	1	0	0	0	1	0	0	1	1	0	0	0	1	1
0	1	1	1	1	1	1	0	0	0	0	1	1	1	1	0	0	0	1	0
1	1	1	0	1	1	1	0	0	0	1	1	0	1	1	0	1	0	1	0
1	0	1	0	1	1	1	1	0	1	0	1	0	1	1	0	1	0	1	0
1	0	1	0	1	0	1	0	1	1	1	0	0	1	1	0	1	0	1	0
1	0	0	0	0	0	0	0	1	0	0	0	0	0	1	0	1	0	0	0
1	0	1	0	1	0	0	1	1	1	1	1	0	0	1	0	1	1	1	0
0	0	1	0	1	0	0	1	1	1	1	1	1	1	0	0	1	0	1	0
0	1	0	0	0	0	1	0	0	0	0	0	0	0	0	0	1	0	1	0
0	0	1	0	1	1	0	0	0	1	1	1	1	1	1	1	0	0	1	0
0	0	0	0	0	0	0	0	0	0	0	0	0	1	0	0	0	0	1	0
1	1	1	0	1	0	1	1	1	1	1	1	0	1	1	1	1	1	0	0
0	1	0	0	0	0	0	1	0	0	0	0	0	0	0	0	0	0	0	0
DIFF_EDGE
0 0
CHROM_NUMBER
12
EOF
