TYPE : graph_{count}
DIMENSION: 15
EDGE_DATA_FORMAT: EDGE_LIST
EDGE_WEIGHT_TYPE: EXPLICIT
EDGE_WEIGHT_FORMAT: FULL_MATRIX
EDGE_DATA_SECTION
0 1
0 2
0 3
0 6
0 7
0 8
0 9
0 12
0 13
0 14
1 2
1 3
1 6
1 7
1 10
1 12
1 13
1 14
2 6
3 5
3 6
3 8
3 11
3 12
3 13
3 14
4 9
4 10
5 6
6 8
6 9
6 12
6 13
6 14
8 9
8 10
8 13
10 12
10 14
11 14
12 13
12 14
13 14
-1
EDGE_WEIGHT_SECTION
0	1	1	1	0	0	1	1	1	1	0	0	1	1	1
1	0	1	1	0	0	1	1	0	0	1	0	1	1	1
1	1	0	0	0	0	1	0	0	0	0	0	0	0	0
1	1	0	0	0	1	1	0	1	0	0	1	1	1	1
0	0	0	0	0	0	0	0	0	1	1	0	0	0	0
0	0	0	1	0	0	1	0	0	0	0	0	0	0	0
1	1	1	1	0	1	0	0	1	1	0	0	1	1	1
1	1	0	0	0	0	0	0	0	0	0	0	0	0	0
1	0	0	1	0	0	1	0	0	1	1	0	0	1	0
1	0	0	0	1	0	1	0	1	0	0	0	0	0	0
0	1	0	0	1	0	0	0	1	0	0	0	1	0	1
0	0	0	1	0	0	0	0	0	0	0	0	0	0	1
1	1	0	1	0	0	1	0	0	0	1	0	0	1	1
1	1	0	1	0	0	1	0	1	0	0	0	1	0	1
1	1	0	1	0	0	1	0	0	0	1	1	1	1	1
DIFF_EDGE
0 0
CHROM_NUMBER
8
EOF
