TYPE : graph_{count}
DIMENSION: 19
EDGE_DATA_FORMAT: EDGE_LIST
EDGE_WEIGHT_TYPE: EXPLICIT
EDGE_WEIGHT_FORMAT: FULL_MATRIX
EDGE_DATA_SECTION
0 1
0 2
0 3
0 4
0 6
0 7
0 8
0 9
0 10
0 15
0 16
0 17
0 18
1 4
1 6
1 9
1 10
1 15
1 16
1 17
1 18
2 3
2 4
2 6
2 12
2 17
2 18
3 17
3 18
4 5
4 7
4 10
4 18
5 6
5 8
5 10
5 13
5 15
5 16
5 17
5 18
6 8
6 10
6 14
6 15
6 16
6 17
6 18
7 11
7 12
8 9
8 11
8 15
8 16
8 17
8 18
9 10
9 15
10 15
10 16
10 17
10 18
11 18
12 15
13 17
14 17
14 18
15 16
15 17
15 18
16 17
16 18
17 18
-1
EDGE_WEIGHT_SECTION
0	1	1	1	1	0	1	1	1	1	1	0	0	0	0	1	1	1	1
1	0	0	0	1	0	1	0	0	1	1	0	0	0	0	1	1	1	1
1	0	0	1	1	0	1	0	0	0	0	0	1	0	0	0	0	1	1
1	0	1	0	0	0	0	0	0	0	0	0	0	0	0	0	0	1	1
1	1	1	0	0	1	0	1	0	0	1	0	0	0	0	0	0	0	1
0	0	0	0	1	0	1	0	1	0	1	0	0	1	0	1	1	1	1
1	1	1	0	0	1	0	0	1	0	1	0	0	0	1	1	1	1	1
1	0	0	0	1	0	0	0	0	0	0	1	1	0	0	0	0	0	0
1	0	0	0	0	1	1	0	0	1	0	1	0	0	0	1	1	1	1
1	1	0	0	0	0	0	0	1	0	1	0	0	0	0	1	0	0	0
1	1	0	0	1	1	1	0	0	1	0	0	0	0	0	1	1	1	1
0	0	0	0	0	0	0	1	1	0	0	0	0	0	0	0	0	0	1
0	0	1	0	0	0	0	1	0	0	0	0	0	0	0	1	0	0	0
0	0	0	0	0	1	0	0	0	0	0	0	0	0	0	0	0	1	0
0	0	0	0	0	0	1	0	0	0	0	0	0	0	0	0	0	1	1
1	1	0	0	0	1	1	0	1	1	1	0	1	0	0	1	1	1	1
1	1	0	0	0	1	1	0	1	0	1	0	0	0	0	1	0	1	1
1	1	1	1	0	1	1	0	1	0	1	0	0	1	1	1	1	0	1
1	1	1	1	1	1	1	0	1	0	1	1	0	0	1	1	1	1	0
DIFF_EDGE
0 0
CHROM_NUMBER
10
EOF
