TYPE : graph_{count}
DIMENSION: 20
EDGE_DATA_FORMAT: EDGE_LIST
EDGE_WEIGHT_TYPE: EXPLICIT
EDGE_WEIGHT_FORMAT: FULL_MATRIX
EDGE_DATA_SECTION
0 3
0 5
0 6
0 8
0 10
0 15
0 18
1 4
1 6
1 7
1 14
2 4
2 18
3 5
3 7
3 8
3 9
3 11
3 13
3 19
4 5
4 9
4 10
4 18
4 19
5 7
5 9
5 18
5 19
6 8
6 9
6 18
6 19
7 9
7 12
7 13
8 9
8 10
8 18
8 19
10 12
10 14
10 18
10 19
11 18
12 19
13 16
13 18
13 19
14 17
14 18
14 19
15 18
15 19
16 18
17 19
18 19
-1
EDGE_WEIGHT_SECTION
0	0	0	1	0	1	1	0	1	0	1	0	0	0	0	1	0	0	1	0
0	0	0	0	1	0	1	1	0	0	0	0	0	0	1	0	0	0	0	0
0	0	0	0	1	0	0	0	0	0	0	0	0	0	0	0	0	0	1	0
1	0	0	0	0	1	0	1	1	1	0	1	0	1	0	0	0	0	0	1
0	1	1	0	0	1	0	0	0	1	1	0	0	0	0	0	0	0	1	1
1	0	0	1	1	0	0	1	0	1	0	0	0	0	0	0	0	0	1	1
1	1	0	0	0	0	0	0	1	1	0	0	0	0	0	0	0	0	1	1
0	1	0	1	0	1	0	0	0	1	0	0	1	1	0	0	0	0	0	0
1	0	0	1	0	0	1	0	0	1	1	0	0	0	0	0	0	0	1	1
0	0	0	1	1	1	1	1	1	0	0	0	0	0	0	0	0	0	0	0
1	0	0	0	1	0	0	0	1	0	0	0	1	0	1	0	0	0	1	1
0	0	0	1	0	0	0	0	0	0	0	0	0	0	0	0	0	0	1	0
0	0	0	0	0	0	0	1	0	0	1	0	0	0	0	0	0	0	0	1
0	0	0	1	0	0	0	1	0	0	0	0	0	0	0	0	1	0	1	1
0	1	0	0	0	0	0	0	0	0	1	0	0	0	0	0	0	1	1	1
1	0	0	0	0	0	0	0	0	0	0	0	0	0	0	0	0	0	1	1
0	0	0	0	0	0	0	0	0	0	0	0	0	1	0	0	0	0	1	0
0	0	0	0	0	0	0	0	0	0	0	0	0	0	1	0	0	0	0	1
1	0	1	0	1	1	1	0	1	0	1	1	0	1	1	1	1	0	1	1
0	0	0	1	1	1	1	0	1	0	1	0	1	1	1	1	0	1	1	1
DIFF_EDGE
0 0
CHROM_NUMBER
8
EOF
