TYPE : graph_{count}
DIMENSION: 19
EDGE_DATA_FORMAT: EDGE_LIST
EDGE_WEIGHT_TYPE: EXPLICIT
EDGE_WEIGHT_FORMAT: FULL_MATRIX
EDGE_DATA_SECTION
0 1
0 2
0 5
0 6
0 11
0 12
0 16
0 18
1 4
1 5
1 6
1 9
1 13
2 3
2 4
2 6
2 14
3 4
3 5
3 8
3 9
3 15
4 5
4 6
4 7
4 9
4 10
4 16
4 18
5 17
5 18
6 7
6 10
6 16
6 18
7 10
7 12
7 15
7 16
8 16
9 16
9 18
11 16
12 18
13 16
13 18
14 16
14 17
14 18
15 16
16 18
17 18
-1
EDGE_WEIGHT_SECTION
0	1	1	0	0	1	1	0	0	0	0	1	1	0	0	0	1	0	1
1	0	0	0	1	1	1	0	0	1	0	0	0	1	0	0	0	0	0
1	0	0	1	1	0	1	0	0	0	0	0	0	0	1	0	0	0	0
0	0	1	0	1	1	0	0	1	1	0	0	0	0	0	1	0	0	0
0	1	1	1	0	1	1	1	0	1	1	0	0	0	0	0	1	0	1
1	1	0	1	1	0	0	0	0	0	0	0	0	0	0	0	0	1	1
1	1	1	0	1	0	0	1	0	0	1	0	0	0	0	0	1	0	1
0	0	0	0	1	0	1	0	0	0	1	0	1	0	0	1	1	0	0
0	0	0	1	0	0	0	0	0	0	0	0	0	0	0	0	1	0	0
0	1	0	1	1	0	0	0	0	0	0	0	0	0	0	0	1	0	1
0	0	0	0	1	0	1	1	0	0	0	0	0	0	0	0	0	0	0
1	0	0	0	0	0	0	0	0	0	0	0	0	0	0	0	1	0	0
1	0	0	0	0	0	0	1	0	0	0	0	0	0	0	0	0	0	1
0	1	0	0	0	0	0	0	0	0	0	0	0	0	0	0	1	0	1
0	0	1	0	0	0	0	0	0	0	0	0	0	0	0	0	1	1	1
0	0	0	1	0	0	0	1	0	0	0	0	0	0	0	0	1	0	0
1	0	0	0	1	0	1	1	1	1	0	1	0	1	1	1	0	0	1
0	0	0	0	0	1	0	0	0	0	0	0	0	0	1	0	0	0	1
1	0	0	0	1	1	1	0	0	1	0	0	1	1	1	0	1	1	1
DIFF_EDGE
0 0
CHROM_NUMBER
8
EOF
