TYPE : graph_{count}
DIMENSION: 19
EDGE_DATA_FORMAT: EDGE_LIST
EDGE_WEIGHT_TYPE: EXPLICIT
EDGE_WEIGHT_FORMAT: FULL_MATRIX
EDGE_DATA_SECTION
0 3
0 10
1 2
1 4
1 7
1 9
1 11
1 12
2 4
2 5
2 6
2 11
2 12
2 17
3 4
3 5
3 6
3 7
3 9
3 10
3 11
3 12
3 13
3 15
4 7
4 9
4 11
4 15
5 7
5 8
5 9
5 11
5 12
5 15
6 7
6 8
6 11
6 18
7 9
7 11
7 12
7 15
8 9
8 11
8 14
9 11
9 12
9 15
11 12
11 16
12 14
12 15
13 15
14 15
15 16
15 18
-1
EDGE_WEIGHT_SECTION
0	0	0	1	0	0	0	0	0	0	1	0	0	0	0	0	0	0	0
0	0	1	0	1	0	0	1	0	1	0	1	1	0	0	0	0	0	0
0	1	0	0	1	1	1	0	0	0	0	1	1	0	0	0	0	1	0
1	0	0	0	1	1	1	1	0	1	1	1	1	1	0	1	0	0	0
0	1	1	1	0	0	0	1	0	1	0	1	0	0	0	1	0	0	0
0	0	1	1	0	0	0	1	1	1	0	1	1	0	0	1	0	0	0
0	0	1	1	0	0	0	1	1	0	0	1	0	0	0	0	0	0	1
0	1	0	1	1	1	1	0	0	1	0	1	1	0	0	1	0	0	0
0	0	0	0	0	1	1	0	0	1	0	1	0	0	1	0	0	0	0
0	1	0	1	1	1	0	1	1	0	0	1	1	0	0	1	0	0	0
1	0	0	1	0	0	0	0	0	0	0	0	0	0	0	0	0	0	0
0	1	1	1	1	1	1	1	1	1	0	0	1	0	0	0	1	0	0
0	1	1	1	0	1	0	1	0	1	0	1	1	0	1	1	0	0	0
0	0	0	1	0	0	0	0	0	0	0	0	0	0	0	1	0	0	0
0	0	0	0	0	0	0	0	1	0	0	0	1	0	0	1	0	0	0
0	0	0	1	1	1	0	1	0	1	0	0	1	1	1	0	1	0	1
0	0	0	0	0	0	0	0	0	0	0	1	0	0	0	1	0	0	0
0	0	1	0	0	0	0	0	0	0	0	0	0	0	0	0	0	0	0
0	0	0	0	0	0	1	0	0	0	0	0	0	0	0	1	0	0	0
DIFF_EDGE
0 0
CHROM_NUMBER
9
EOF
