TYPE : graph_{count}
DIMENSION: 18
EDGE_DATA_FORMAT: EDGE_LIST
EDGE_WEIGHT_TYPE: EXPLICIT
EDGE_WEIGHT_FORMAT: FULL_MATRIX
EDGE_DATA_SECTION
0 4
0 5
0 8
1 2
1 3
1 4
1 6
1 8
1 9
1 10
1 11
1 13
1 14
2 3
2 6
2 7
2 8
2 11
2 13
2 15
3 5
3 8
3 9
3 10
3 11
3 13
3 15
3 16
4 5
4 6
4 8
4 10
4 11
4 13
5 8
6 13
6 15
6 16
7 9
7 10
7 13
8 13
8 15
8 17
9 13
11 12
11 13
11 15
11 17
12 13
13 15
14 15
-1
EDGE_WEIGHT_SECTION
0	0	0	0	1	1	0	0	1	0	0	0	0	0	0	0	0	0
0	0	1	1	1	0	1	0	1	1	1	1	0	1	1	0	0	0
0	1	0	1	0	0	1	1	1	0	0	1	0	1	0	1	0	0
0	1	1	0	0	1	0	0	1	1	1	1	0	1	0	1	1	0
1	1	0	0	0	1	1	0	1	0	1	1	0	1	0	0	0	0
1	0	0	1	1	0	0	0	1	0	0	0	0	0	0	0	0	0
0	1	1	0	1	0	0	0	0	0	0	0	0	1	0	1	1	0
0	0	1	0	0	0	0	0	0	1	1	0	0	1	0	0	0	0
1	1	1	1	1	1	0	0	0	0	0	0	0	1	0	1	0	1
0	1	0	1	0	0	0	1	0	0	0	0	0	1	0	0	0	0
0	1	0	1	1	0	0	1	0	0	0	0	0	0	0	0	0	0
0	1	1	1	1	0	0	0	0	0	0	0	1	1	0	1	0	1
0	0	0	0	0	0	0	0	0	0	0	1	0	1	0	0	0	0
0	1	1	1	1	0	1	1	1	1	0	1	1	0	0	1	0	0
0	1	0	0	0	0	0	0	0	0	0	0	0	0	0	1	0	0
0	0	1	1	0	0	1	0	1	0	0	1	0	1	1	0	0	0
0	0	0	1	0	0	1	0	0	0	0	0	0	0	0	0	0	0
0	0	0	0	0	0	0	0	1	0	0	1	0	0	0	0	0	0
DIFF_EDGE
0 0
CHROM_NUMBER
8
EOF
