TYPE : graph_{count}
DIMENSION: 16
EDGE_DATA_FORMAT: EDGE_LIST
EDGE_WEIGHT_TYPE: EXPLICIT
EDGE_WEIGHT_FORMAT: FULL_MATRIX
EDGE_DATA_SECTION
0 1
0 4
0 5
0 6
0 7
0 10
0 12
0 13
0 14
0 15
1 4
1 7
1 8
1 9
1 12
1 13
1 14
1 15
2 3
2 4
2 5
2 6
2 7
2 9
2 12
3 5
3 7
3 12
4 6
4 7
4 8
4 9
4 10
4 12
4 13
4 14
4 15
5 7
5 8
5 9
5 12
5 13
5 14
6 8
6 10
6 12
6 13
6 14
7 8
7 11
7 12
7 13
7 15
8 15
9 13
9 15
10 11
11 14
12 13
12 14
12 15
13 14
13 15
14 15
-1
EDGE_WEIGHT_SECTION
0	1	0	0	1	1	1	1	0	0	1	0	1	1	1	1
1	0	0	0	1	0	0	1	1	1	0	0	1	1	1	1
0	0	0	1	1	1	1	1	0	1	0	0	1	0	0	0
0	0	1	0	0	1	0	1	0	0	0	0	1	0	0	0
1	1	1	0	0	0	1	1	1	1	1	0	1	1	1	1
1	0	1	1	0	0	0	1	1	1	0	0	1	1	1	0
1	0	1	0	1	0	0	0	1	0	1	0	1	1	1	0
1	1	1	1	1	1	0	0	1	0	0	1	1	1	0	1
0	1	0	0	1	1	1	1	0	0	0	0	0	0	0	1
0	1	1	0	1	1	0	0	0	0	0	0	0	1	0	1
1	0	0	0	1	0	1	0	0	0	0	1	0	0	0	0
0	0	0	0	0	0	0	1	0	0	1	0	0	0	1	0
1	1	1	1	1	1	1	1	0	0	0	0	0	1	1	1
1	1	0	0	1	1	1	1	0	1	0	0	1	0	1	1
1	1	0	0	1	1	1	0	0	0	0	1	1	1	0	1
1	1	0	0	1	0	0	1	1	1	0	0	1	1	1	1
DIFF_EDGE
0 0
CHROM_NUMBER
10
EOF
