TYPE : graph_{count}
DIMENSION: 18
EDGE_DATA_FORMAT: EDGE_LIST
EDGE_WEIGHT_TYPE: EXPLICIT
EDGE_WEIGHT_FORMAT: FULL_MATRIX
EDGE_DATA_SECTION
0 4
0 5
0 8
0 9
0 11
0 15
1 2
1 3
1 4
1 5
1 8
2 3
2 6
2 7
2 10
2 13
3 6
3 8
3 9
3 10
3 11
3 17
4 6
4 8
5 7
5 9
5 10
5 11
5 17
6 7
6 9
6 15
7 9
7 11
8 9
8 11
8 12
8 16
9 14
11 14
-1
EDGE_WEIGHT_SECTION
0	0	0	0	1	1	0	0	1	1	0	1	0	0	0	1	0	0
0	0	1	1	1	1	0	0	1	0	0	0	0	0	0	0	0	0
0	1	0	1	0	0	1	1	0	0	1	0	0	1	0	0	0	0
0	1	1	0	0	0	1	0	1	1	1	1	0	0	0	0	0	1
1	1	0	0	0	0	1	0	1	0	0	0	0	0	0	0	0	0
1	1	0	0	0	0	0	1	0	1	1	1	0	0	0	0	0	1
0	0	1	1	1	0	0	1	0	1	0	0	0	0	0	1	0	0
0	0	1	0	0	1	1	0	0	1	0	1	0	0	0	0	0	0
1	1	0	1	1	0	0	0	0	1	0	1	1	0	0	0	1	0
1	0	0	1	0	1	1	1	1	0	0	0	0	0	1	0	0	0
0	0	1	1	0	1	0	0	0	0	0	0	0	0	0	0	0	0
1	0	0	1	0	1	0	1	1	0	0	0	0	0	1	0	0	0
0	0	0	0	0	0	0	0	1	0	0	0	0	0	0	0	0	0
0	0	1	0	0	0	0	0	0	0	0	0	0	0	0	0	0	0
0	0	0	0	0	0	0	0	0	1	0	1	0	0	0	0	0	0
1	0	0	0	0	0	1	0	0	0	0	0	0	0	0	0	0	0
0	0	0	0	0	0	0	0	1	0	0	0	0	0	0	0	0	0
0	0	0	1	0	1	0	0	0	0	0	0	0	0	0	0	0	0
DIFF_EDGE
0 0
CHROM_NUMBER
7
EOF
