TYPE : graph_{count}
DIMENSION: 21
EDGE_DATA_FORMAT: EDGE_LIST
EDGE_WEIGHT_TYPE: EXPLICIT
EDGE_WEIGHT_FORMAT: FULL_MATRIX
EDGE_DATA_SECTION
0 2
0 5
0 9
0 11
0 17
0 18
0 20
1 2
1 4
1 6
1 11
1 16
1 17
2 5
2 7
2 9
2 11
2 18
2 19
2 20
3 4
3 5
3 8
3 20
4 7
4 8
4 20
5 6
5 8
5 9
5 10
5 11
5 19
6 15
7 8
7 9
7 11
8 10
9 11
9 13
9 16
9 20
10 11
10 15
11 12
11 18
11 19
11 20
12 18
13 14
13 20
14 18
14 19
14 20
15 18
15 19
15 20
16 18
16 19
16 20
17 18
17 19
17 20
18 19
18 20
19 20
-1
EDGE_WEIGHT_SECTION
0	0	1	0	0	1	0	0	0	1	0	1	0	0	0	0	0	1	1	0	1
0	0	1	0	1	0	1	0	0	0	0	1	0	0	0	0	1	1	0	0	0
1	1	0	0	0	1	0	1	0	1	0	1	0	0	0	0	0	0	1	1	1
0	0	0	0	1	1	0	0	1	0	0	0	0	0	0	0	0	0	0	0	1
0	1	0	1	0	0	0	1	1	0	0	0	0	0	0	0	0	0	0	0	1
1	0	1	1	0	0	1	0	1	1	1	1	0	0	0	0	0	0	0	1	0
0	1	0	0	0	1	0	0	0	0	0	0	0	0	0	1	0	0	0	0	0
0	0	1	0	1	0	0	0	1	1	0	1	0	0	0	0	0	0	0	0	0
0	0	0	1	1	1	0	1	0	0	1	0	0	0	0	0	0	0	0	0	0
1	0	1	0	0	1	0	1	0	0	0	1	0	1	0	0	1	0	0	0	1
0	0	0	0	0	1	0	0	1	0	0	1	0	0	0	1	0	0	0	0	0
1	1	1	0	0	1	0	1	0	1	1	0	1	0	0	0	0	0	1	1	1
0	0	0	0	0	0	0	0	0	0	0	1	0	0	0	0	0	0	1	0	0
0	0	0	0	0	0	0	0	0	1	0	0	0	0	1	0	0	0	0	0	1
0	0	0	0	0	0	0	0	0	0	0	0	0	1	0	0	0	0	1	1	1
0	0	0	0	0	0	1	0	0	0	1	0	0	0	0	0	0	0	1	1	1
0	1	0	0	0	0	0	0	0	1	0	0	0	0	0	0	0	0	1	1	1
1	1	0	0	0	0	0	0	0	0	0	0	0	0	0	0	0	0	1	1	1
1	0	1	0	0	0	0	0	0	0	0	1	1	0	1	1	1	1	0	1	1
0	0	1	0	0	1	0	0	0	0	0	1	0	0	1	1	1	1	1	0	1
1	0	1	1	1	0	0	0	0	1	0	1	0	1	1	1	1	1	1	1	1
DIFF_EDGE
0 0
CHROM_NUMBER
9
EOF
