TYPE : graph_{count}
DIMENSION: 15
EDGE_DATA_FORMAT: EDGE_LIST
EDGE_WEIGHT_TYPE: EXPLICIT
EDGE_WEIGHT_FORMAT: FULL_MATRIX
EDGE_DATA_SECTION
0 2
0 4
0 5
0 8
0 10
0 13
0 14
1 2
1 4
1 5
1 6
1 8
1 10
1 13
2 3
2 6
2 10
2 13
3 6
3 8
3 9
3 10
3 11
5 10
5 11
5 12
6 7
6 8
6 10
6 13
7 9
8 9
9 12
10 13
12 13
-1
EDGE_WEIGHT_SECTION
0	0	1	0	1	1	0	0	1	0	1	0	0	1	1
0	0	1	0	1	1	1	0	1	0	1	0	0	1	0
1	1	0	1	0	0	1	0	0	0	1	0	0	1	0
0	0	1	0	0	0	1	0	1	1	1	1	0	0	0
1	1	0	0	0	0	0	0	0	0	0	0	0	0	0
1	1	0	0	0	0	0	0	0	0	1	1	1	0	0
0	1	1	1	0	0	0	1	1	0	1	0	0	1	0
0	0	0	0	0	0	1	0	0	1	0	0	0	0	0
1	1	0	1	0	0	1	0	0	1	0	0	0	0	0
0	0	0	1	0	0	0	1	1	0	0	0	1	0	0
1	1	1	1	0	1	1	0	0	0	0	0	0	1	0
0	0	0	1	0	1	0	0	0	0	0	0	0	0	0
0	0	0	0	0	1	0	0	0	1	0	0	0	1	0
1	1	1	0	0	0	1	0	0	0	1	0	1	0	0
1	0	0	0	0	0	0	0	0	0	0	0	0	0	0
DIFF_EDGE
0 0
CHROM_NUMBER
7
EOF
