TYPE : graph_{count}
DIMENSION: 16
EDGE_DATA_FORMAT: EDGE_LIST
EDGE_WEIGHT_TYPE: EXPLICIT
EDGE_WEIGHT_FORMAT: FULL_MATRIX
EDGE_DATA_SECTION
0 1
0 2
0 4
0 6
0 7
0 8
0 10
0 15
1 2
1 3
1 5
1 6
1 9
1 10
1 12
1 14
2 5
2 15
3 5
3 7
3 8
3 9
3 10
3 15
4 6
4 8
4 15
5 8
5 9
5 11
6 7
6 10
6 11
7 8
7 10
7 15
8 9
8 10
8 14
8 15
10 13
10 15
12 15
14 15
-1
EDGE_WEIGHT_SECTION
0	1	1	0	1	0	1	1	1	0	1	0	0	0	0	1
1	0	1	1	0	1	1	0	0	1	1	0	1	0	1	0
1	1	0	0	0	1	0	0	0	0	0	0	0	0	0	1
0	1	0	0	0	1	0	1	1	1	1	0	0	0	0	1
1	0	0	0	0	0	1	0	1	0	0	0	0	0	0	1
0	1	1	1	0	0	0	0	1	1	0	1	0	0	0	0
1	1	0	0	1	0	0	1	0	0	1	1	0	0	0	0
1	0	0	1	0	0	1	0	1	0	1	0	0	0	0	1
1	0	0	1	1	1	0	1	0	1	1	0	0	0	1	1
0	1	0	1	0	1	0	0	1	0	0	0	0	0	0	0
1	1	0	1	0	0	1	1	1	0	0	0	0	1	0	1
0	0	0	0	0	1	1	0	0	0	0	0	0	0	0	0
0	1	0	0	0	0	0	0	0	0	0	0	0	0	0	1
0	0	0	0	0	0	0	0	0	0	1	0	0	0	0	0
0	1	0	0	0	0	0	0	1	0	0	0	0	0	0	1
1	0	1	1	1	0	0	1	1	0	1	0	1	0	1	1
DIFF_EDGE
0 0
CHROM_NUMBER
7
EOF
