TYPE : graph_{count}
DIMENSION: 15
EDGE_DATA_FORMAT: EDGE_LIST
EDGE_WEIGHT_TYPE: EXPLICIT
EDGE_WEIGHT_FORMAT: FULL_MATRIX
EDGE_DATA_SECTION
0 1
0 2
0 8
0 9
0 10
1 5
1 8
1 10
1 12
1 13
2 4
2 5
2 8
2 13
3 4
3 5
3 6
3 8
3 10
4 6
4 8
4 10
4 11
4 13
5 8
5 10
5 13
6 8
7 8
7 9
8 10
8 13
9 10
10 13
10 14
11 12
12 13
-1
EDGE_WEIGHT_SECTION
0	1	1	0	0	0	0	0	1	1	1	0	0	0	0
1	0	0	0	0	1	0	0	1	0	1	0	1	1	0
1	0	0	0	1	1	0	0	1	0	0	0	0	1	0
0	0	0	0	1	1	1	0	1	0	1	0	0	0	0
0	0	1	1	0	0	1	0	1	0	1	1	0	1	0
0	1	1	1	0	0	0	0	1	0	1	0	0	1	0
0	0	0	1	1	0	0	0	1	0	0	0	0	0	0
0	0	0	0	0	0	0	0	1	1	0	0	0	0	0
1	1	1	1	1	1	1	1	0	0	1	0	0	1	0
1	0	0	0	0	0	0	1	0	0	1	0	0	0	0
1	1	0	1	1	1	0	0	1	1	0	0	0	1	1
0	0	0	0	1	0	0	0	0	0	0	0	1	0	0
0	1	0	0	0	0	0	0	0	0	0	1	0	1	0
0	1	1	0	1	1	0	0	1	0	1	0	1	0	0
0	0	0	0	0	0	0	0	0	0	1	0	0	0	0
DIFF_EDGE
0 0
CHROM_NUMBER
7
EOF
