TYPE : graph_{count}
DIMENSION: 20
EDGE_DATA_FORMAT: EDGE_LIST
EDGE_WEIGHT_TYPE: EXPLICIT
EDGE_WEIGHT_FORMAT: FULL_MATRIX
EDGE_DATA_SECTION
0 2
0 4
0 7
0 9
0 10
0 13
0 15
0 17
0 18
1 2
1 3
1 4
1 5
1 9
1 11
1 13
1 16
1 17
2 7
2 8
2 9
2 15
3 4
3 9
3 13
3 14
3 15
3 18
3 19
4 5
4 6
4 8
4 13
4 15
5 9
5 10
5 15
6 7
6 11
7 10
7 12
7 13
7 15
8 13
9 13
9 15
10 13
10 19
11 15
12 15
13 15
-1
EDGE_WEIGHT_SECTION
0	0	1	0	1	0	0	1	0	1	1	0	0	1	0	1	0	1	1	0
0	0	1	1	1	1	0	0	0	1	0	1	0	1	0	0	1	1	0	0
1	1	0	0	0	0	0	1	1	1	0	0	0	0	0	1	0	0	0	0
0	1	0	0	1	0	0	0	0	1	0	0	0	1	1	1	0	0	1	1
1	1	0	1	0	1	1	0	1	0	0	0	0	1	0	1	0	0	0	0
0	1	0	0	1	0	0	0	0	1	1	0	0	0	0	1	0	0	0	0
0	0	0	0	1	0	0	1	0	0	0	1	0	0	0	0	0	0	0	0
1	0	1	0	0	0	1	0	0	0	1	0	1	1	0	1	0	0	0	0
0	0	1	0	1	0	0	0	0	0	0	0	0	1	0	0	0	0	0	0
1	1	1	1	0	1	0	0	0	0	0	0	0	1	0	1	0	0	0	0
1	0	0	0	0	1	0	1	0	0	0	0	0	1	0	0	0	0	0	1
0	1	0	0	0	0	1	0	0	0	0	0	0	0	0	1	0	0	0	0
0	0	0	0	0	0	0	1	0	0	0	0	0	0	0	1	0	0	0	0
1	1	0	1	1	0	0	1	1	1	1	0	0	0	0	1	0	0	0	0
0	0	0	1	0	0	0	0	0	0	0	0	0	0	0	0	0	0	0	0
1	0	1	1	1	1	0	1	0	1	0	1	1	1	0	1	0	0	0	0
0	1	0	0	0	0	0	0	0	0	0	0	0	0	0	0	0	0	0	0
1	1	0	0	0	0	0	0	0	0	0	0	0	0	0	0	0	0	0	0
1	0	0	1	0	0	0	0	0	0	0	0	0	0	0	0	0	0	0	0
0	0	0	1	0	0	0	0	0	0	1	0	0	0	0	0	0	0	0	0
DIFF_EDGE
0 0
CHROM_NUMBER
8
EOF
