TYPE : graph_{count}
DIMENSION: 20
EDGE_DATA_FORMAT: EDGE_LIST
EDGE_WEIGHT_TYPE: EXPLICIT
EDGE_WEIGHT_FORMAT: FULL_MATRIX
EDGE_DATA_SECTION
0 1
0 2
0 6
0 12
1 2
1 4
1 6
1 12
2 6
2 10
2 12
2 13
2 14
2 15
2 16
3 6
3 12
3 14
3 15
4 6
4 9
4 10
4 14
4 15
4 16
5 6
5 9
5 14
6 7
6 8
6 9
6 12
6 14
6 15
6 16
6 19
7 8
7 9
7 12
7 13
7 14
7 16
8 9
8 10
8 12
8 14
8 15
8 16
9 12
9 16
10 11
10 14
10 15
10 16
10 19
11 12
11 14
11 15
12 14
12 15
12 16
12 18
13 14
13 16
14 15
14 16
15 16
15 17
-1
EDGE_WEIGHT_SECTION
0	1	1	0	0	0	1	0	0	0	0	0	1	0	0	0	0	0	0	0
1	0	1	0	1	0	1	0	0	0	0	0	1	0	0	0	0	0	0	0
1	1	0	0	0	0	1	0	0	0	1	0	1	1	1	1	1	0	0	0
0	0	0	0	0	0	1	0	0	0	0	0	1	0	1	1	0	0	0	0
0	1	0	0	0	0	1	0	0	1	1	0	0	0	1	1	1	0	0	0
0	0	0	0	0	0	1	0	0	1	0	0	0	0	1	0	0	0	0	0
1	1	1	1	1	1	0	1	1	1	0	0	1	0	1	1	1	0	0	1
0	0	0	0	0	0	1	0	1	1	0	0	1	1	1	0	1	0	0	0
0	0	0	0	0	0	1	1	0	1	1	0	1	0	1	1	1	0	0	0
0	0	0	0	1	1	1	1	1	0	0	0	1	0	0	0	1	0	0	0
0	0	1	0	1	0	0	0	1	0	0	1	0	0	1	1	1	0	0	1
0	0	0	0	0	0	0	0	0	0	1	0	1	0	1	1	0	0	0	0
1	1	1	1	0	0	1	1	1	1	0	1	1	0	1	1	1	0	1	0
0	0	1	0	0	0	0	1	0	0	0	0	0	0	1	0	1	0	0	0
0	0	1	1	1	1	1	1	1	0	1	1	1	1	0	1	1	0	0	0
0	0	1	1	1	0	1	0	1	0	1	1	1	0	1	0	1	1	0	0
0	0	1	0	1	0	1	1	1	1	1	0	1	1	1	1	1	0	0	0
0	0	0	0	0	0	0	0	0	0	0	0	0	0	0	1	0	0	0	0
0	0	0	0	0	0	0	0	0	0	0	0	1	0	0	0	0	0	0	0
0	0	0	0	0	0	1	0	0	0	1	0	0	0	0	0	0	0	0	0
DIFF_EDGE
0 0
CHROM_NUMBER
9
EOF
