TYPE : graph_{count}
DIMENSION: 16
EDGE_DATA_FORMAT: EDGE_LIST
EDGE_WEIGHT_TYPE: EXPLICIT
EDGE_WEIGHT_FORMAT: FULL_MATRIX
EDGE_DATA_SECTION
0 1
0 2
0 3
0 5
0 7
0 8
0 11
0 12
1 2
1 3
1 4
1 6
2 5
2 6
2 7
2 8
2 11
2 12
3 7
4 5
4 6
4 7
4 8
4 11
4 12
5 6
5 7
5 8
5 9
5 10
5 12
5 14
6 10
6 11
7 8
7 10
7 11
7 12
8 9
8 11
8 12
9 13
10 13
11 12
11 14
11 15
-1
EDGE_WEIGHT_SECTION
0	1	1	1	0	1	0	1	1	0	0	1	1	0	0	0
1	0	1	1	1	0	1	0	0	0	0	0	0	0	0	0
1	1	0	0	0	1	1	1	1	0	0	1	1	0	0	0
1	1	0	0	0	0	0	1	0	0	0	0	0	0	0	0
0	1	0	0	0	1	1	1	1	0	0	1	1	0	0	0
1	0	1	0	1	0	1	1	1	1	1	0	1	0	1	0
0	1	1	0	1	1	0	0	0	0	1	1	0	0	0	0
1	0	1	1	1	1	0	0	1	0	1	1	1	0	0	0
1	0	1	0	1	1	0	1	0	1	0	1	1	0	0	0
0	0	0	0	0	1	0	0	1	0	0	0	0	1	0	0
0	0	0	0	0	1	1	1	0	0	0	0	0	1	0	0
1	0	1	0	1	0	1	1	1	0	0	0	1	0	1	1
1	0	1	0	1	1	0	1	1	0	0	1	0	0	0	0
0	0	0	0	0	0	0	0	0	1	1	0	0	0	0	0
0	0	0	0	0	1	0	0	0	0	0	1	0	0	0	0
0	0	0	0	0	0	0	0	0	0	0	1	0	0	0	0
DIFF_EDGE
0 0
CHROM_NUMBER
8
EOF
