TYPE : graph_{count}
DIMENSION: 20
EDGE_DATA_FORMAT: EDGE_LIST
EDGE_WEIGHT_TYPE: EXPLICIT
EDGE_WEIGHT_FORMAT: FULL_MATRIX
EDGE_DATA_SECTION
0 6
0 7
0 8
0 10
0 11
1 5
1 7
1 9
1 11
2 4
2 5
2 8
2 11
2 17
3 4
3 9
3 12
3 16
4 6
4 7
4 9
4 10
4 16
5 10
5 16
6 7
6 9
6 11
6 12
6 16
7 8
7 9
7 17
8 9
8 10
8 11
8 13
8 17
9 10
9 11
9 14
9 16
9 17
10 11
10 15
10 16
10 17
11 16
11 17
12 17
13 16
14 16
16 17
16 18
17 19
-1
EDGE_WEIGHT_SECTION
0	0	0	0	0	0	1	1	1	0	1	1	0	0	0	0	0	0	0	0
0	0	0	0	0	1	0	1	0	1	0	1	0	0	0	0	0	0	0	0
0	0	0	0	1	1	0	0	1	0	0	1	0	0	0	0	0	1	0	0
0	0	0	0	1	0	0	0	0	1	0	0	1	0	0	0	1	0	0	0
0	0	1	1	0	0	1	1	0	1	1	0	0	0	0	0	1	0	0	0
0	1	1	0	0	0	0	0	0	0	1	0	0	0	0	0	1	0	0	0
1	0	0	0	1	0	0	1	0	1	0	1	1	0	0	0	1	0	0	0
1	1	0	0	1	0	1	0	1	1	0	0	0	0	0	0	0	1	0	0
1	0	1	0	0	0	0	1	0	1	1	1	0	1	0	0	0	1	0	0
0	1	0	1	1	0	1	1	1	0	1	1	0	0	1	0	1	1	0	0
1	0	0	0	1	1	0	0	1	1	0	1	0	0	0	1	1	1	0	0
1	1	1	0	0	0	1	0	1	1	1	0	0	0	0	0	1	1	0	0
0	0	0	1	0	0	1	0	0	0	0	0	0	0	0	0	0	1	0	0
0	0	0	0	0	0	0	0	1	0	0	0	0	0	0	0	1	0	0	0
0	0	0	0	0	0	0	0	0	1	0	0	0	0	0	0	1	0	0	0
0	0	0	0	0	0	0	0	0	0	1	0	0	0	0	0	0	0	0	0
0	0	0	1	1	1	1	0	0	1	1	1	0	1	1	0	0	1	1	0
0	0	1	0	0	0	0	1	1	1	1	1	1	0	0	0	1	0	0	1
0	0	0	0	0	0	0	0	0	0	0	0	0	0	0	0	1	0	0	0
0	0	0	0	0	0	0	0	0	0	0	0	0	0	0	0	0	1	0	0
DIFF_EDGE
0 0
CHROM_NUMBER
9
EOF
