TYPE : graph_{count}
DIMENSION: 20
EDGE_DATA_FORMAT: EDGE_LIST
EDGE_WEIGHT_TYPE: EXPLICIT
EDGE_WEIGHT_FORMAT: FULL_MATRIX
EDGE_DATA_SECTION
0 5
0 7
0 8
0 12
0 14
0 17
1 2
1 3
1 6
1 8
1 10
1 12
1 13
1 16
1 17
2 3
2 6
2 7
2 10
2 12
2 14
2 15
2 17
3 6
3 7
3 8
3 9
3 10
3 12
3 14
3 15
3 17
4 7
4 8
4 12
4 13
4 14
4 18
5 8
5 9
5 10
5 12
7 11
7 12
7 15
7 17
8 17
9 12
10 11
10 12
10 14
10 15
10 17
11 12
11 14
11 17
12 14
12 15
12 17
13 14
13 15
13 19
14 15
14 17
15 17
17 18
-1
EDGE_WEIGHT_SECTION
0	0	0	0	0	1	0	1	1	0	0	0	1	0	1	0	0	1	0	0
0	0	1	1	0	0	1	0	1	0	1	0	1	1	0	0	1	1	0	0
0	1	0	1	0	0	1	1	0	0	1	0	1	0	1	1	0	1	0	0
0	1	1	0	0	0	1	1	1	1	1	0	1	0	1	1	0	1	0	0
0	0	0	0	0	0	0	1	1	0	0	0	1	1	1	0	0	0	1	0
1	0	0	0	0	0	0	0	1	1	1	0	1	0	0	0	0	0	0	0
0	1	1	1	0	0	0	0	0	0	0	0	0	0	0	0	0	0	0	0
1	0	1	1	1	0	0	0	0	0	0	1	1	0	0	1	0	1	0	0
1	1	0	1	1	1	0	0	0	0	0	0	0	0	0	0	0	1	0	0
0	0	0	1	0	1	0	0	0	0	0	0	1	0	0	0	0	0	0	0
0	1	1	1	0	1	0	0	0	0	0	1	1	0	1	1	0	1	0	0
0	0	0	0	0	0	0	1	0	0	1	0	1	0	1	0	0	1	0	0
1	1	1	1	1	1	0	1	0	1	1	1	0	0	1	1	0	1	0	0
0	1	0	0	1	0	0	0	0	0	0	0	0	0	1	1	0	0	0	1
1	0	1	1	1	0	0	0	0	0	1	1	1	1	0	1	0	1	0	0
0	0	1	1	0	0	0	1	0	0	1	0	1	1	1	0	0	1	0	0
0	1	0	0	0	0	0	0	0	0	0	0	0	0	0	0	0	0	0	0
1	1	1	1	0	0	0	1	1	0	1	1	1	0	1	1	0	0	1	0
0	0	0	0	1	0	0	0	0	0	0	0	0	0	0	0	0	1	0	0
0	0	0	0	0	0	0	0	0	0	0	0	0	1	0	0	0	0	0	0
DIFF_EDGE
0 0
CHROM_NUMBER
9
EOF
