TYPE : graph_{count}
DIMENSION: 21
EDGE_DATA_FORMAT: EDGE_LIST
EDGE_WEIGHT_TYPE: EXPLICIT
EDGE_WEIGHT_FORMAT: FULL_MATRIX
EDGE_DATA_SECTION
0 1
0 2
0 5
0 11
0 17
0 19
0 20
1 2
1 4
1 9
1 17
2 3
2 5
2 6
2 9
2 12
2 17
2 20
3 4
3 6
3 7
3 8
3 12
3 14
3 17
3 20
4 5
4 7
4 9
4 11
4 12
4 16
4 17
4 20
5 6
5 7
5 8
5 9
5 12
5 16
5 18
5 20
6 7
6 8
6 10
6 12
6 13
6 20
7 9
7 16
7 17
8 9
9 12
9 14
9 15
9 20
10 15
10 17
10 20
11 12
11 16
11 17
11 20
12 16
12 17
12 20
13 20
14 16
14 17
15 16
15 17
15 20
16 17
16 20
17 18
17 20
18 20
19 20
-1
EDGE_WEIGHT_SECTION
0	1	1	0	0	1	0	0	0	0	0	1	0	0	0	0	0	1	0	1	1
1	0	1	0	1	0	0	0	0	1	0	0	0	0	0	0	0	1	0	0	0
1	1	0	1	0	1	1	0	0	1	0	0	1	0	0	0	0	1	0	0	1
0	0	1	0	1	0	1	1	1	0	0	0	1	0	1	0	0	1	0	0	1
0	1	0	1	0	1	0	1	0	1	0	1	1	0	0	0	1	1	0	0	1
1	0	1	0	1	0	1	1	1	1	0	0	1	0	0	0	1	0	1	0	1
0	0	1	1	0	1	0	1	1	0	1	0	1	1	0	0	0	0	0	0	1
0	0	0	1	1	1	1	0	0	1	0	0	0	0	0	0	1	1	0	0	0
0	0	0	1	0	1	1	0	0	1	0	0	0	0	0	0	0	0	0	0	0
0	1	1	0	1	1	0	1	1	0	0	0	1	0	1	1	0	0	0	0	1
0	0	0	0	0	0	1	0	0	0	0	0	0	0	0	1	0	1	0	0	1
1	0	0	0	1	0	0	0	0	0	0	0	1	0	0	0	1	1	0	0	1
0	0	1	1	1	1	1	0	0	1	0	1	0	0	0	0	1	1	0	0	1
0	0	0	0	0	0	1	0	0	0	0	0	0	0	0	0	0	0	0	0	1
0	0	0	1	0	0	0	0	0	1	0	0	0	0	0	0	1	1	0	0	0
0	0	0	0	0	0	0	0	0	1	1	0	0	0	0	0	1	1	0	0	1
0	0	0	0	1	1	0	1	0	0	0	1	1	0	1	1	0	1	0	0	1
1	1	1	1	1	0	0	1	0	0	1	1	1	0	1	1	1	0	1	0	1
0	0	0	0	0	1	0	0	0	0	0	0	0	0	0	0	0	1	0	0	1
1	0	0	0	0	0	0	0	0	0	0	0	0	0	0	0	0	0	0	0	1
1	0	1	1	1	1	1	0	0	1	1	1	1	1	0	1	1	1	1	1	0
DIFF_EDGE
0 0
CHROM_NUMBER
10
EOF
