TYPE : graph_{count}
DIMENSION: 20
EDGE_DATA_FORMAT: EDGE_LIST
EDGE_WEIGHT_TYPE: EXPLICIT
EDGE_WEIGHT_FORMAT: FULL_MATRIX
EDGE_DATA_SECTION
0 1
0 7
0 9
0 19
1 2
1 3
1 5
1 10
1 11
1 12
2 4
2 8
2 14
3 4
3 9
3 10
3 12
3 13
3 17
4 8
4 9
4 16
4 18
4 19
5 10
5 19
6 7
6 8
6 9
6 12
6 13
6 17
6 19
7 8
7 9
7 10
7 12
8 9
9 12
9 13
9 19
10 13
10 19
11 13
11 15
11 16
12 13
12 14
12 18
12 19
13 19
14 19
16 19
17 19
18 19
-1
EDGE_WEIGHT_SECTION
0	1	0	0	0	0	0	1	0	1	0	0	0	0	0	0	0	0	0	1
1	0	1	1	0	1	0	0	0	0	1	1	1	0	0	0	0	0	0	0
0	1	0	0	1	0	0	0	1	0	0	0	0	0	1	0	0	0	0	0
0	1	0	0	1	0	0	0	0	1	1	0	1	1	0	0	0	1	0	0
0	0	1	1	0	0	0	0	1	1	0	0	0	0	0	0	1	0	1	1
0	1	0	0	0	0	0	0	0	0	1	0	0	0	0	0	0	0	0	1
0	0	0	0	0	0	0	1	1	1	0	0	1	1	0	0	0	1	0	1
1	0	0	0	0	0	1	0	1	1	1	0	1	0	0	0	0	0	0	0
0	0	1	0	1	0	1	1	0	1	0	0	0	0	0	0	0	0	0	0
1	0	0	1	1	0	1	1	1	0	0	0	1	1	0	0	0	0	0	1
0	1	0	1	0	1	0	1	0	0	0	0	0	1	0	0	0	0	0	1
0	1	0	0	0	0	0	0	0	0	0	0	0	1	0	1	1	0	0	0
0	1	0	1	0	0	1	1	0	1	0	0	0	1	1	0	0	0	1	1
0	0	0	1	0	0	1	0	0	1	1	1	1	0	0	0	0	0	0	1
0	0	1	0	0	0	0	0	0	0	0	0	1	0	0	0	0	0	0	1
0	0	0	0	0	0	0	0	0	0	0	1	0	0	0	0	0	0	0	0
0	0	0	0	1	0	0	0	0	0	0	1	0	0	0	0	0	0	0	1
0	0	0	1	0	0	1	0	0	0	0	0	0	0	0	0	0	0	0	1
0	0	0	0	1	0	0	0	0	0	0	0	1	0	0	0	0	0	0	1
1	0	0	0	1	1	1	0	0	1	1	0	1	1	1	0	1	1	1	0
DIFF_EDGE
0 0
CHROM_NUMBER
8
EOF
