TYPE : graph_{count}
DIMENSION: 21
EDGE_DATA_FORMAT: EDGE_LIST
EDGE_WEIGHT_TYPE: EXPLICIT
EDGE_WEIGHT_FORMAT: FULL_MATRIX
EDGE_DATA_SECTION
0 2
0 5
0 6
0 7
0 8
0 9
0 10
0 14
0 15
0 16
0 20
1 10
1 11
1 13
1 16
2 4
2 5
2 9
2 15
2 16
2 20
3 7
3 10
4 5
4 6
4 7
4 9
4 15
4 16
5 6
5 9
5 15
5 16
5 20
6 10
6 18
7 10
7 12
7 16
8 9
8 13
8 16
9 10
9 15
9 16
9 17
9 20
11 12
12 16
14 16
15 16
15 20
16 19
16 20
18 19
18 20
-1
EDGE_WEIGHT_SECTION
0	0	1	0	0	1	1	1	1	1	1	0	0	0	1	1	1	0	0	0	1
0	0	0	0	0	0	0	0	0	0	1	1	0	1	0	0	1	0	0	0	0
1	0	0	0	1	1	0	0	0	1	0	0	0	0	0	1	1	0	0	0	1
0	0	0	0	0	0	0	1	0	0	1	0	0	0	0	0	0	0	0	0	0
0	0	1	0	0	1	1	1	0	1	0	0	0	0	0	1	1	0	0	0	0
1	0	1	0	1	0	1	0	0	1	0	0	0	0	0	1	1	0	0	0	1
1	0	0	0	1	1	0	0	0	0	1	0	0	0	0	0	0	0	1	0	0
1	0	0	1	1	0	0	0	0	0	1	0	1	0	0	0	1	0	0	0	0
1	0	0	0	0	0	0	0	0	1	0	0	0	1	0	0	1	0	0	0	0
1	0	1	0	1	1	0	0	1	0	1	0	0	0	0	1	1	1	0	0	1
1	1	0	1	0	0	1	1	0	1	0	0	0	0	0	0	0	0	0	0	0
0	1	0	0	0	0	0	0	0	0	0	0	1	0	0	0	0	0	0	0	0
0	0	0	0	0	0	0	1	0	0	0	1	0	0	0	0	1	0	0	0	0
0	1	0	0	0	0	0	0	1	0	0	0	0	0	0	0	0	0	0	0	0
1	0	0	0	0	0	0	0	0	0	0	0	0	0	0	0	1	0	0	0	0
1	0	1	0	1	1	0	0	0	1	0	0	0	0	0	1	1	0	0	0	1
1	1	1	0	1	1	0	1	1	1	0	0	1	0	1	1	0	0	0	1	1
0	0	0	0	0	0	0	0	0	1	0	0	0	0	0	0	0	0	0	0	0
0	0	0	0	0	0	1	0	0	0	0	0	0	0	0	0	0	0	0	1	1
0	0	0	0	0	0	0	0	0	0	0	0	0	0	0	0	1	0	1	0	0
1	0	1	0	0	1	0	0	0	1	0	0	0	0	0	1	1	0	1	0	0
DIFF_EDGE
0 0
CHROM_NUMBER
8
EOF
