TYPE : graph_{count}
DIMENSION: 16
EDGE_DATA_FORMAT: EDGE_LIST
EDGE_WEIGHT_TYPE: EXPLICIT
EDGE_WEIGHT_FORMAT: FULL_MATRIX
EDGE_DATA_SECTION
0 3
0 4
0 5
0 7
0 9
0 10
0 11
0 15
1 2
1 4
1 5
1 8
1 11
1 14
2 4
2 9
3 6
3 8
3 10
4 8
4 13
4 14
5 8
6 9
6 10
6 14
7 9
7 14
8 15
9 12
10 14
11 14
12 14
-1
EDGE_WEIGHT_SECTION
0	0	0	1	1	1	0	1	0	1	1	1	0	0	0	1
0	0	1	0	1	1	0	0	1	0	0	1	0	0	1	0
0	1	0	0	1	0	0	0	0	1	0	0	0	0	0	0
1	0	0	0	0	0	1	0	1	0	1	0	0	0	0	0
1	1	1	0	0	0	0	0	1	0	0	0	0	1	1	0
1	1	0	0	0	0	0	0	1	0	0	0	0	0	0	0
0	0	0	1	0	0	0	0	0	1	1	0	0	0	1	0
1	0	0	0	0	0	0	0	0	1	0	0	0	0	1	0
0	1	0	1	1	1	0	0	0	0	0	0	0	0	0	1
1	0	1	0	0	0	1	1	0	0	0	0	1	0	0	0
1	0	0	1	0	0	1	0	0	0	0	0	0	0	1	0
1	1	0	0	0	0	0	0	0	0	0	0	0	0	1	0
0	0	0	0	0	0	0	0	0	1	0	0	0	0	1	0
0	0	0	0	1	0	0	0	0	0	0	0	0	0	0	0
0	1	0	0	1	0	1	1	0	0	1	1	1	0	1	0
1	0	0	0	0	0	0	0	1	0	0	0	0	0	0	0
DIFF_EDGE
0 0
CHROM_NUMBER
6
EOF
