TYPE : graph_{count}
DIMENSION: 15
EDGE_DATA_FORMAT: EDGE_LIST
EDGE_WEIGHT_TYPE: EXPLICIT
EDGE_WEIGHT_FORMAT: FULL_MATRIX
EDGE_DATA_SECTION
0 2
0 4
0 5
0 7
0 9
0 13
1 2
1 5
1 6
1 7
1 8
1 9
1 13
1 14
2 3
2 5
2 10
2 11
2 14
3 5
3 8
3 9
3 10
3 13
3 14
4 7
4 10
4 13
5 7
5 8
5 9
5 13
5 14
6 8
7 10
7 12
8 13
9 10
9 13
9 14
11 13
12 13
12 14
13 14
-1
EDGE_WEIGHT_SECTION
0	0	1	0	1	1	0	1	0	1	0	0	0	1	0
0	0	1	0	0	1	1	1	1	1	0	0	0	1	1
1	1	0	1	0	1	0	0	0	0	1	1	0	0	1
0	0	1	0	0	1	0	0	1	1	1	0	0	1	1
1	0	0	0	0	0	0	1	0	0	1	0	0	1	0
1	1	1	1	0	0	0	1	1	1	0	0	0	1	1
0	1	0	0	0	0	0	0	1	0	0	0	0	0	0
1	1	0	0	1	1	0	0	0	0	1	0	1	0	0
0	1	0	1	0	1	1	0	0	0	0	0	0	1	0
1	1	0	1	0	1	0	0	0	0	1	0	0	1	1
0	0	1	1	1	0	0	1	0	1	0	0	0	0	0
0	0	1	0	0	0	0	0	0	0	0	0	0	1	0
0	0	0	0	0	0	0	1	0	0	0	0	0	1	1
1	1	0	1	1	1	0	0	1	1	0	1	1	0	1
0	1	1	1	0	1	0	0	0	1	0	0	1	1	0
DIFF_EDGE
0 0
CHROM_NUMBER
8
EOF
