TYPE : graph_{count}
DIMENSION: 20
EDGE_DATA_FORMAT: EDGE_LIST
EDGE_WEIGHT_TYPE: EXPLICIT
EDGE_WEIGHT_FORMAT: FULL_MATRIX
EDGE_DATA_SECTION
0 1
0 2
0 4
0 9
0 12
0 15
0 19
1 2
1 3
1 5
1 6
1 8
1 9
1 10
1 15
1 19
2 3
2 4
2 6
2 7
2 9
2 19
3 4
3 5
3 7
3 15
3 17
3 18
3 19
4 6
4 8
4 9
4 10
5 6
5 8
5 12
5 15
5 19
6 7
6 16
7 10
7 15
8 10
8 11
8 15
8 19
9 10
9 14
11 14
12 19
13 18
13 19
14 19
15 19
16 19
17 19
-1
EDGE_WEIGHT_SECTION
0	1	1	0	1	0	0	0	0	1	0	0	1	0	0	1	0	0	0	1
1	0	1	1	0	1	1	0	1	1	1	0	0	0	0	1	0	0	0	1
1	1	0	1	1	0	1	1	0	1	0	0	0	0	0	0	0	0	0	1
0	1	1	0	1	1	0	1	0	0	0	0	0	0	0	1	0	1	1	1
1	0	1	1	0	0	1	0	1	1	1	0	0	0	0	0	0	0	0	0
0	1	0	1	0	0	1	0	1	0	0	0	1	0	0	1	0	0	0	1
0	1	1	0	1	1	0	1	0	0	0	0	0	0	0	0	1	0	0	0
0	0	1	1	0	0	1	0	0	0	1	0	0	0	0	1	0	0	0	0
0	1	0	0	1	1	0	0	0	0	1	1	0	0	0	1	0	0	0	1
1	1	1	0	1	0	0	0	0	0	1	0	0	0	1	0	0	0	0	0
0	1	0	0	1	0	0	1	1	1	0	0	0	0	0	0	0	0	0	0
0	0	0	0	0	0	0	0	1	0	0	0	0	0	1	0	0	0	0	0
1	0	0	0	0	1	0	0	0	0	0	0	0	0	0	0	0	0	0	1
0	0	0	0	0	0	0	0	0	0	0	0	0	0	0	0	0	0	1	1
0	0	0	0	0	0	0	0	0	1	0	1	0	0	0	0	0	0	0	1
1	1	0	1	0	1	0	1	1	0	0	0	0	0	0	0	0	0	0	1
0	0	0	0	0	0	1	0	0	0	0	0	0	0	0	0	0	0	0	1
0	0	0	1	0	0	0	0	0	0	0	0	0	0	0	0	0	0	0	1
0	0	0	1	0	0	0	0	0	0	0	0	0	1	0	0	0	0	0	0
1	1	1	1	0	1	0	0	1	0	0	0	1	1	1	1	1	1	0	0
DIFF_EDGE
0 0
CHROM_NUMBER
8
EOF
