TYPE : graph_{count}
DIMENSION: 15
EDGE_DATA_FORMAT: EDGE_LIST
EDGE_WEIGHT_TYPE: EXPLICIT
EDGE_WEIGHT_FORMAT: FULL_MATRIX
EDGE_DATA_SECTION
0 1
0 10
1 2
1 3
1 5
1 6
1 8
1 11
1 12
1 13
2 3
2 4
2 7
2 10
2 11
3 5
3 6
3 8
3 10
3 11
4 5
4 6
5 6
5 7
5 8
5 11
6 7
6 8
6 10
6 11
6 14
7 8
7 9
7 11
8 9
8 11
9 13
10 11
-1
EDGE_WEIGHT_SECTION
0	1	0	0	0	0	0	0	0	0	1	0	0	0	0
1	0	1	1	0	1	1	0	1	0	0	1	1	1	0
0	1	0	1	1	0	0	1	0	0	1	1	0	0	0
0	1	1	0	0	1	1	0	1	0	1	1	0	0	0
0	0	1	0	0	1	1	0	0	0	0	0	0	0	0
0	1	0	1	1	0	1	1	1	0	0	1	0	0	0
0	1	0	1	1	1	0	1	1	0	1	1	0	0	1
0	0	1	0	0	1	1	0	1	1	0	1	0	0	0
0	1	0	1	0	1	1	1	0	1	0	1	0	0	0
0	0	0	0	0	0	0	1	1	0	0	0	0	1	0
1	0	1	1	0	0	1	0	0	0	0	1	0	0	0
0	1	1	1	0	1	1	1	1	0	1	1	0	0	0
0	1	0	0	0	0	0	0	0	0	0	0	0	0	0
0	1	0	0	0	0	0	0	0	1	0	0	0	0	0
0	0	0	0	0	0	1	0	0	0	0	0	0	0	0
DIFF_EDGE
0 0
CHROM_NUMBER
7
EOF
