TYPE : graph_{count}
DIMENSION: 18
EDGE_DATA_FORMAT: EDGE_LIST
EDGE_WEIGHT_TYPE: EXPLICIT
EDGE_WEIGHT_FORMAT: FULL_MATRIX
EDGE_DATA_SECTION
0 3
0 5
0 7
0 9
0 10
0 12
0 14
1 2
1 4
1 6
1 8
1 9
1 10
1 11
1 12
1 14
2 4
2 6
2 7
2 9
2 10
2 11
2 12
2 14
2 16
3 5
3 6
3 9
4 6
4 7
4 8
4 11
5 6
5 7
5 8
5 9
6 7
6 8
6 9
6 10
6 11
6 12
6 14
7 8
7 10
7 15
9 10
9 11
9 12
9 14
10 11
10 12
10 14
11 12
11 14
12 14
12 15
12 17
13 16
-1
EDGE_WEIGHT_SECTION
0	0	0	1	0	1	0	1	0	1	1	0	1	0	1	0	0	0
0	0	1	0	1	0	1	0	1	1	1	1	1	0	1	0	0	0
0	1	0	0	1	0	1	1	0	1	1	1	1	0	1	0	1	0
1	0	0	0	0	1	1	0	0	1	0	0	0	0	0	0	0	0
0	1	1	0	0	0	1	1	1	0	0	1	0	0	0	0	0	0
1	0	0	1	0	0	1	1	1	1	0	0	0	0	0	0	0	0
0	1	1	1	1	1	0	1	1	1	1	1	1	0	1	0	0	0
1	0	1	0	1	1	1	0	1	0	1	0	0	0	0	1	0	0
0	1	0	0	1	1	1	1	0	0	0	0	0	0	0	0	0	0
1	1	1	1	0	1	1	0	0	0	1	1	1	0	1	0	0	0
1	1	1	0	0	0	1	1	0	1	0	1	1	0	1	0	0	0
0	1	1	0	1	0	1	0	0	1	1	0	1	0	1	0	0	0
1	1	1	0	0	0	1	0	0	1	1	1	0	0	1	1	0	1
0	0	0	0	0	0	0	0	0	0	0	0	0	0	0	0	1	0
1	1	1	0	0	0	1	0	0	1	1	1	1	0	0	0	0	0
0	0	0	0	0	0	0	1	0	0	0	0	1	0	0	0	0	0
0	0	1	0	0	0	0	0	0	0	0	0	0	1	0	0	0	0
0	0	0	0	0	0	0	0	0	0	0	0	1	0	0	0	0	0
DIFF_EDGE
0 0
CHROM_NUMBER
9
EOF
