TYPE : graph_{count}
DIMENSION: 21
EDGE_DATA_FORMAT: EDGE_LIST
EDGE_WEIGHT_TYPE: EXPLICIT
EDGE_WEIGHT_FORMAT: FULL_MATRIX
EDGE_DATA_SECTION
0 1
0 3
0 5
0 7
0 8
0 9
0 10
0 15
0 18
0 20
1 2
1 8
1 9
1 10
1 15
1 18
1 19
1 20
2 3
2 7
2 9
2 10
2 15
3 4
3 5
3 7
3 13
3 15
3 18
4 10
5 18
5 19
5 20
6 8
6 12
6 20
7 8
7 9
7 15
7 16
7 18
7 20
8 10
8 11
8 15
9 11
9 15
9 18
9 20
10 18
10 20
11 14
11 20
12 15
12 16
13 18
13 20
14 15
14 18
14 20
15 17
15 18
16 20
17 20
18 20
-1
EDGE_WEIGHT_SECTION
0	1	0	1	0	1	0	1	1	1	1	0	0	0	0	1	0	0	1	0	1
1	0	1	0	0	0	0	0	1	1	1	0	0	0	0	1	0	0	1	1	1
0	1	0	1	0	0	0	1	0	1	1	0	0	0	0	1	0	0	0	0	0
1	0	1	0	1	1	0	1	0	0	0	0	0	1	0	1	0	0	1	0	0
0	0	0	1	0	0	0	0	0	0	1	0	0	0	0	0	0	0	0	0	0
1	0	0	1	0	0	0	0	0	0	0	0	0	0	0	0	0	0	1	1	1
0	0	0	0	0	0	0	0	1	0	0	0	1	0	0	0	0	0	0	0	1
1	0	1	1	0	0	0	0	1	1	0	0	0	0	0	1	1	0	1	0	1
1	1	0	0	0	0	1	1	0	0	1	1	0	0	0	1	0	0	0	0	0
1	1	1	0	0	0	0	1	0	0	0	1	0	0	0	1	0	0	1	0	1
1	1	1	0	1	0	0	0	1	0	0	0	0	0	0	0	0	0	1	0	1
0	0	0	0	0	0	0	0	1	1	0	0	0	0	1	0	0	0	0	0	1
0	0	0	0	0	0	1	0	0	0	0	0	0	0	0	1	1	0	0	0	0
0	0	0	1	0	0	0	0	0	0	0	0	0	0	0	0	0	0	1	0	1
0	0	0	0	0	0	0	0	0	0	0	1	0	0	0	1	0	0	1	0	1
1	1	1	1	0	0	0	1	1	1	0	0	1	0	1	0	0	1	1	0	0
0	0	0	0	0	0	0	1	0	0	0	0	1	0	0	0	0	0	0	0	1
0	0	0	0	0	0	0	0	0	0	0	0	0	0	0	1	0	0	0	0	1
1	1	0	1	0	1	0	1	0	1	1	0	0	1	1	1	0	0	0	0	1
0	1	0	0	0	1	0	0	0	0	0	0	0	0	0	0	0	0	0	0	0
1	1	0	0	0	1	1	1	0	1	1	1	0	1	1	0	1	1	1	0	0
DIFF_EDGE
0 0
CHROM_NUMBER
9
EOF
