TYPE : graph_{count}
DIMENSION: 21
EDGE_DATA_FORMAT: EDGE_LIST
EDGE_WEIGHT_TYPE: EXPLICIT
EDGE_WEIGHT_FORMAT: FULL_MATRIX
EDGE_DATA_SECTION
0 1
0 3
0 6
0 7
0 8
0 12
0 20
1 7
1 9
1 10
1 20
2 4
2 7
2 9
2 10
3 5
3 10
3 11
3 12
3 16
3 17
4 6
4 7
4 8
4 10
4 15
4 18
4 19
4 20
5 7
5 12
5 13
5 17
5 18
6 7
6 10
6 12
6 13
6 20
7 10
7 12
7 14
7 20
8 12
9 16
10 12
10 20
11 15
12 19
12 20
16 17
18 20
-1
EDGE_WEIGHT_SECTION
0	1	0	1	0	0	1	1	1	0	0	0	1	0	0	0	0	0	0	0	1
1	0	0	0	0	0	0	1	0	1	1	0	0	0	0	0	0	0	0	0	1
0	0	0	0	1	0	0	1	0	1	1	0	0	0	0	0	0	0	0	0	0
1	0	0	0	0	1	0	0	0	0	1	1	1	0	0	0	1	1	0	0	0
0	0	1	0	0	0	1	1	1	0	1	0	0	0	0	1	0	0	1	1	1
0	0	0	1	0	0	0	1	0	0	0	0	1	1	0	0	0	1	1	0	0
1	0	0	0	1	0	0	1	0	0	1	0	1	1	0	0	0	0	0	0	1
1	1	1	0	1	1	1	0	0	0	1	0	1	0	1	0	0	0	0	0	1
1	0	0	0	1	0	0	0	0	0	0	0	1	0	0	0	0	0	0	0	0
0	1	1	0	0	0	0	0	0	0	0	0	0	0	0	0	1	0	0	0	0
0	1	1	1	1	0	1	1	0	0	0	0	1	0	0	0	0	0	0	0	1
0	0	0	1	0	0	0	0	0	0	0	0	0	0	0	1	0	0	0	0	0
1	0	0	1	0	1	1	1	1	0	1	0	0	0	0	0	0	0	0	1	1
0	0	0	0	0	1	1	0	0	0	0	0	0	0	0	0	0	0	0	0	0
0	0	0	0	0	0	0	1	0	0	0	0	0	0	0	0	0	0	0	0	0
0	0	0	0	1	0	0	0	0	0	0	1	0	0	0	0	0	0	0	0	0
0	0	0	1	0	0	0	0	0	1	0	0	0	0	0	0	0	1	0	0	0
0	0	0	1	0	1	0	0	0	0	0	0	0	0	0	0	1	0	0	0	0
0	0	0	0	1	1	0	0	0	0	0	0	0	0	0	0	0	0	0	0	1
0	0	0	0	1	0	0	0	0	0	0	0	1	0	0	0	0	0	0	0	0
1	1	0	0	1	0	1	1	0	0	1	0	1	0	0	0	0	0	1	0	0
DIFF_EDGE
0 0
CHROM_NUMBER
8
EOF
