TYPE : graph_{count}
DIMENSION: 20
EDGE_DATA_FORMAT: EDGE_LIST
EDGE_WEIGHT_TYPE: EXPLICIT
EDGE_WEIGHT_FORMAT: FULL_MATRIX
EDGE_DATA_SECTION
0 1
0 2
0 3
0 4
0 9
0 10
0 11
0 13
0 14
0 15
0 16
0 17
0 18
1 5
1 6
1 11
1 12
1 13
1 14
1 15
2 5
2 6
2 7
2 14
2 15
2 16
2 17
2 18
3 5
3 7
3 8
3 10
3 11
3 13
3 17
4 6
4 11
4 13
4 14
5 10
5 14
5 15
5 16
5 18
6 9
6 10
6 11
6 13
6 15
7 8
7 9
7 11
7 14
7 15
8 9
8 10
8 11
9 10
9 11
9 15
10 11
10 12
10 13
10 14
10 15
10 16
10 17
10 18
11 13
11 14
11 15
11 16
11 17
11 18
12 13
12 15
12 16
12 17
12 18
13 14
13 15
13 16
13 17
13 18
14 15
14 16
14 17
14 18
15 16
15 17
15 18
16 17
16 18
16 19
17 18
-1
EDGE_WEIGHT_SECTION
0	1	1	1	1	0	0	0	0	1	1	1	0	1	1	1	1	1	1	0
1	0	0	0	0	1	1	0	0	0	0	1	1	1	1	1	0	0	0	0
1	0	0	0	0	1	1	1	0	0	0	0	0	0	1	1	1	1	1	0
1	0	0	0	0	1	0	1	1	0	1	1	0	1	0	0	0	1	0	0
1	0	0	0	0	0	1	0	0	0	0	1	0	1	1	0	0	0	0	0
0	1	1	1	0	0	0	0	0	0	1	0	0	0	1	1	1	0	1	0
0	1	1	0	1	0	0	0	0	1	1	1	0	1	0	1	0	0	0	0
0	0	1	1	0	0	0	0	1	1	0	1	0	0	1	1	0	0	0	0
0	0	0	1	0	0	0	1	0	1	1	1	0	0	0	0	0	0	0	0
1	0	0	0	0	0	1	1	1	0	1	1	0	0	0	1	0	0	0	0
1	0	0	1	0	1	1	0	1	1	0	1	1	1	1	1	1	1	1	0
1	1	0	1	1	0	1	1	1	1	1	1	0	1	1	1	1	1	1	0
0	1	0	0	0	0	0	0	0	0	1	0	0	1	0	1	1	1	1	0
1	1	0	1	1	0	1	0	0	0	1	1	1	0	1	1	1	1	1	0
1	1	1	0	1	1	0	1	0	0	1	1	0	1	1	1	1	1	1	0
1	1	1	0	0	1	1	1	0	1	1	1	1	1	1	0	1	1	1	0
1	0	1	0	0	1	0	0	0	0	1	1	1	1	1	1	0	1	1	1
1	0	1	1	0	0	0	0	0	0	1	1	1	1	1	1	1	1	1	0
1	0	1	0	0	1	0	0	0	0	1	1	1	1	1	1	1	1	0	0
0	0	0	0	0	0	0	0	0	0	0	0	0	0	0	0	1	0	0	0
DIFF_EDGE
0 0
CHROM_NUMBER
12
EOF
