TYPE : graph_{count}
DIMENSION: 19
EDGE_DATA_FORMAT: EDGE_LIST
EDGE_WEIGHT_TYPE: EXPLICIT
EDGE_WEIGHT_FORMAT: FULL_MATRIX
EDGE_DATA_SECTION
0 4
0 6
0 7
0 8
0 10
0 11
0 12
0 13
0 18
1 2
1 3
1 4
1 5
1 6
1 7
1 9
1 11
1 12
1 13
2 10
2 14
3 6
3 7
3 9
3 11
3 13
3 14
3 16
4 6
4 7
4 8
4 11
4 13
5 7
5 8
5 10
5 11
5 13
6 7
6 10
6 11
6 13
6 15
6 17
7 11
7 13
8 10
8 13
8 16
11 13
12 13
-1
EDGE_WEIGHT_SECTION
0	0	0	0	1	0	1	1	1	0	1	1	1	1	0	0	0	0	1
0	0	1	1	1	1	1	1	0	1	0	1	1	1	0	0	0	0	0
0	1	0	0	0	0	0	0	0	0	1	0	0	0	1	0	0	0	0
0	1	0	0	0	0	1	1	0	1	0	1	0	1	1	0	1	0	0
1	1	0	0	0	0	1	1	1	0	0	1	0	1	0	0	0	0	0
0	1	0	0	0	0	0	1	1	0	1	1	0	1	0	0	0	0	0
1	1	0	1	1	0	0	1	0	0	1	1	0	1	0	1	0	1	0
1	1	0	1	1	1	1	0	0	0	0	1	0	1	0	0	0	0	0
1	0	0	0	1	1	0	0	0	0	1	0	0	1	0	0	1	0	0
0	1	0	1	0	0	0	0	0	0	0	0	0	0	0	0	0	0	0
1	0	1	0	0	1	1	0	1	0	0	0	0	0	0	0	0	0	0
1	1	0	1	1	1	1	1	0	0	0	0	0	1	0	0	0	0	0
1	1	0	0	0	0	0	0	0	0	0	0	0	1	0	0	0	0	0
1	1	0	1	1	1	1	1	1	0	0	1	1	0	0	0	0	0	0
0	0	1	1	0	0	0	0	0	0	0	0	0	0	0	0	0	0	0
0	0	0	0	0	0	1	0	0	0	0	0	0	0	0	0	0	0	0
0	0	0	1	0	0	0	0	1	0	0	0	0	0	0	0	0	0	0
0	0	0	0	0	0	1	0	0	0	0	0	0	0	0	0	0	0	0
1	0	0	0	0	0	0	0	0	0	0	0	0	0	0	0	0	0	0
DIFF_EDGE
0 0
CHROM_NUMBER
8
EOF
