TYPE : graph_{count}
DIMENSION: 17
EDGE_DATA_FORMAT: EDGE_LIST
EDGE_WEIGHT_TYPE: EXPLICIT
EDGE_WEIGHT_FORMAT: FULL_MATRIX
EDGE_DATA_SECTION
0 1
0 3
0 6
0 8
0 9
1 7
1 9
1 11
1 15
2 3
2 4
2 7
2 9
2 13
2 14
3 6
3 9
3 12
3 13
3 15
4 5
4 7
4 9
4 10
4 13
5 6
5 7
6 7
6 9
6 10
6 13
6 14
6 15
6 16
7 9
7 12
7 13
7 14
7 15
8 10
9 10
9 13
9 14
9 15
10 11
10 14
10 15
11 13
11 14
11 15
12 13
13 14
13 15
14 15
-1
EDGE_WEIGHT_SECTION
0	1	0	1	0	0	1	0	1	1	0	0	0	0	0	0	0
1	0	0	0	0	0	0	1	0	1	0	1	0	0	0	1	0
0	0	0	1	1	0	0	1	0	1	0	0	0	1	1	0	0
1	0	1	0	0	0	1	0	0	1	0	0	1	1	0	1	0
0	0	1	0	0	1	0	1	0	1	1	0	0	1	0	0	0
0	0	0	0	1	0	1	1	0	0	0	0	0	0	0	0	0
1	0	0	1	0	1	0	1	0	1	1	0	0	1	1	1	1
0	1	1	0	1	1	1	0	0	1	0	0	1	1	1	1	0
1	0	0	0	0	0	0	0	0	0	1	0	0	0	0	0	0
1	1	1	1	1	0	1	1	0	0	1	0	0	1	1	1	0
0	0	0	0	1	0	1	0	1	1	0	1	0	0	1	1	0
0	1	0	0	0	0	0	0	0	0	1	0	0	1	1	1	0
0	0	0	1	0	0	0	1	0	0	0	0	0	1	0	0	0
0	0	1	1	1	0	1	1	0	1	0	1	1	0	1	1	0
0	0	1	0	0	0	1	1	0	1	1	1	0	1	0	1	0
0	1	0	1	0	0	1	1	0	1	1	1	0	1	1	1	0
0	0	0	0	0	0	1	0	0	0	0	0	0	0	0	0	0
DIFF_EDGE
0 0
CHROM_NUMBER
9
EOF
