TYPE : graph_{count}
DIMENSION: 20
EDGE_DATA_FORMAT: EDGE_LIST
EDGE_WEIGHT_TYPE: EXPLICIT
EDGE_WEIGHT_FORMAT: FULL_MATRIX
EDGE_DATA_SECTION
0 2
0 3
0 4
0 8
0 9
0 11
0 16
0 18
1 2
1 3
1 4
1 5
1 6
1 7
1 8
1 9
1 10
1 12
2 5
2 8
2 9
2 11
2 15
2 16
2 18
3 8
3 9
3 11
3 16
3 18
4 8
4 9
4 10
4 16
4 19
5 7
5 10
5 11
5 13
5 18
5 19
6 7
6 8
6 16
6 18
7 9
7 10
8 9
8 11
8 16
8 18
9 11
9 13
9 14
10 18
11 16
11 17
12 16
14 16
14 18
15 16
15 18
16 18
17 18
-1
EDGE_WEIGHT_SECTION
0	0	1	1	1	0	0	0	1	1	0	1	0	0	0	0	1	0	1	0
0	0	1	1	1	1	1	1	1	1	1	0	1	0	0	0	0	0	0	0
1	1	0	0	0	1	0	0	1	1	0	1	0	0	0	1	1	0	1	0
1	1	0	0	0	0	0	0	1	1	0	1	0	0	0	0	1	0	1	0
1	1	0	0	0	0	0	0	1	1	1	0	0	0	0	0	1	0	0	1
0	1	1	0	0	0	0	1	0	0	1	1	0	1	0	0	0	0	1	1
0	1	0	0	0	0	0	1	1	0	0	0	0	0	0	0	1	0	1	0
0	1	0	0	0	1	1	0	0	1	1	0	0	0	0	0	0	0	0	0
1	1	1	1	1	0	1	0	0	1	0	1	0	0	0	0	1	0	1	0
1	1	1	1	1	0	0	1	1	0	0	1	0	1	1	0	0	0	0	0
0	1	0	0	1	1	0	1	0	0	0	0	0	0	0	0	0	0	1	0
1	0	1	1	0	1	0	0	1	1	0	0	0	0	0	0	1	1	0	0
0	1	0	0	0	0	0	0	0	0	0	0	0	0	0	0	1	0	0	0
0	0	0	0	0	1	0	0	0	1	0	0	0	0	0	0	0	0	0	0
0	0	0	0	0	0	0	0	0	1	0	0	0	0	0	0	1	0	1	0
0	0	1	0	0	0	0	0	0	0	0	0	0	0	0	0	1	0	1	0
1	0	1	1	1	0	1	0	1	0	0	1	1	0	1	1	0	0	1	0
0	0	0	0	0	0	0	0	0	0	0	1	0	0	0	0	0	0	1	0
1	0	1	1	0	1	1	0	1	0	1	0	0	0	1	1	1	1	0	0
0	0	0	0	1	1	0	0	0	0	0	0	0	0	0	0	0	0	0	0
DIFF_EDGE
0 0
CHROM_NUMBER
9
EOF
