TYPE : graph_{count}
DIMENSION: 17
EDGE_DATA_FORMAT: EDGE_LIST
EDGE_WEIGHT_TYPE: EXPLICIT
EDGE_WEIGHT_FORMAT: FULL_MATRIX
EDGE_DATA_SECTION
0 1
0 3
0 9
0 10
0 12
0 13
0 15
0 16
1 7
1 8
1 10
1 13
1 15
1 16
2 3
2 4
2 6
2 9
2 10
2 13
2 16
3 6
3 10
3 12
3 13
3 15
3 16
4 7
4 9
4 13
4 14
4 16
5 8
5 9
5 10
5 13
5 16
6 10
7 8
7 9
7 12
8 9
8 10
9 10
9 11
9 15
10 12
10 13
10 15
10 16
11 12
11 13
11 16
12 13
12 15
12 16
13 15
13 16
15 16
-1
EDGE_WEIGHT_SECTION
0	1	0	1	0	0	0	0	0	1	1	0	1	1	0	1	1
1	0	0	0	0	0	0	1	1	0	1	0	0	1	0	1	1
0	0	0	1	1	0	1	0	0	1	1	0	0	1	0	0	1
1	0	1	0	0	0	1	0	0	0	1	0	1	1	0	1	1
0	0	1	0	0	0	0	1	0	1	0	0	0	1	1	0	1
0	0	0	0	0	0	0	0	1	1	1	0	0	1	0	0	1
0	0	1	1	0	0	0	0	0	0	1	0	0	0	0	0	0
0	1	0	0	1	0	0	0	1	1	0	0	1	0	0	0	0
0	1	0	0	0	1	0	1	0	1	1	0	0	0	0	0	0
1	0	1	0	1	1	0	1	1	0	1	1	0	0	0	1	0
1	1	1	1	0	1	1	0	1	1	0	0	1	1	0	1	1
0	0	0	0	0	0	0	0	0	1	0	0	1	1	0	0	1
1	0	0	1	0	0	0	1	0	0	1	1	0	1	0	1	1
1	1	1	1	1	1	0	0	0	0	1	1	1	0	0	1	1
0	0	0	0	1	0	0	0	0	0	0	0	0	0	0	0	0
1	1	0	1	0	0	0	0	0	1	1	0	1	1	0	0	1
1	1	1	1	1	1	0	0	0	0	1	1	1	1	0	1	1
DIFF_EDGE
0 0
CHROM_NUMBER
9
EOF
