TYPE : graph_{count}
DIMENSION: 15
EDGE_DATA_FORMAT: EDGE_LIST
EDGE_WEIGHT_TYPE: EXPLICIT
EDGE_WEIGHT_FORMAT: FULL_MATRIX
EDGE_DATA_SECTION
0 4
0 6
0 7
0 10
1 2
1 3
1 7
1 13
2 3
2 6
2 7
2 9
2 13
2 14
3 5
3 7
3 9
3 10
3 12
3 13
3 14
4 7
4 10
4 14
5 11
6 9
6 10
6 13
6 14
7 8
7 9
7 13
7 14
8 11
8 14
9 10
9 13
9 14
10 13
12 13
13 14
-1
EDGE_WEIGHT_SECTION
0	0	0	0	1	0	1	1	0	0	1	0	0	0	0
0	0	1	1	0	0	0	1	0	0	0	0	0	1	0
0	1	0	1	0	0	1	1	0	1	0	0	0	1	1
0	1	1	0	0	1	0	1	0	1	1	0	1	1	1
1	0	0	0	0	0	0	1	0	0	1	0	0	0	1
0	0	0	1	0	0	0	0	0	0	0	1	0	0	0
1	0	1	0	0	0	0	0	0	1	1	0	0	1	1
1	1	1	1	1	0	0	0	1	1	0	0	0	1	1
0	0	0	0	0	0	0	1	0	0	0	1	0	0	1
0	0	1	1	0	0	1	1	0	0	1	0	0	1	1
1	0	0	1	1	0	1	0	0	1	0	0	0	1	0
0	0	0	0	0	1	0	0	1	0	0	0	0	0	0
0	0	0	1	0	0	0	0	0	0	0	0	0	1	0
0	1	1	1	0	0	1	1	0	1	1	0	1	0	1
0	0	1	1	1	0	1	1	1	1	0	0	0	1	1
DIFF_EDGE
0 0
CHROM_NUMBER
7
EOF
