TYPE : graph_{count}
DIMENSION: 15
EDGE_DATA_FORMAT: EDGE_LIST
EDGE_WEIGHT_TYPE: EXPLICIT
EDGE_WEIGHT_FORMAT: FULL_MATRIX
EDGE_DATA_SECTION
0 4
0 5
0 6
0 8
0 10
0 11
0 14
1 4
2 5
2 7
2 11
2 13
3 6
3 7
3 8
3 9
3 10
3 14
4 5
4 8
4 10
4 12
5 6
5 9
5 10
5 12
5 14
6 10
6 12
6 13
6 14
7 8
7 9
7 12
7 14
8 10
8 12
8 14
9 10
9 12
10 12
10 14
11 12
12 14
-1
EDGE_WEIGHT_SECTION
0	0	0	0	1	1	1	0	1	0	1	1	0	0	1
0	0	0	0	1	0	0	0	0	0	0	0	0	0	0
0	0	0	0	0	1	0	1	0	0	0	1	0	1	0
0	0	0	0	0	0	1	1	1	1	1	0	0	0	1
1	1	0	0	0	1	0	0	1	0	1	0	1	0	0
1	0	1	0	1	0	1	0	0	1	1	0	1	0	1
1	0	0	1	0	1	0	0	0	0	1	0	1	1	1
0	0	1	1	0	0	0	0	1	1	0	0	1	0	1
1	0	0	1	1	0	0	1	0	0	1	0	1	0	1
0	0	0	1	0	1	0	1	0	0	1	0	1	0	0
1	0	0	1	1	1	1	0	1	1	0	0	1	0	1
1	0	1	0	0	0	0	0	0	0	0	0	1	0	0
0	0	0	0	1	1	1	1	1	1	1	1	0	0	1
0	0	1	0	0	0	1	0	0	0	0	0	0	0	0
1	0	0	1	0	1	1	1	1	0	1	0	1	0	0
DIFF_EDGE
0 0
CHROM_NUMBER
8
EOF
