TYPE : graph_{count}
DIMENSION: 16
EDGE_DATA_FORMAT: EDGE_LIST
EDGE_WEIGHT_TYPE: EXPLICIT
EDGE_WEIGHT_FORMAT: FULL_MATRIX
EDGE_DATA_SECTION
0 1
0 3
0 4
0 7
0 9
0 10
1 3
1 4
1 5
1 7
1 10
1 12
2 4
2 5
2 7
2 9
3 4
3 5
3 6
3 9
3 10
3 11
4 7
6 9
6 10
7 9
7 10
7 15
8 9
8 15
9 14
12 13
-1
EDGE_WEIGHT_SECTION
0	1	0	1	1	0	0	1	0	1	1	0	0	0	0	0
1	0	0	1	1	1	0	1	0	0	1	0	1	0	0	0
0	0	0	0	1	1	0	1	0	1	0	0	0	0	0	0
1	1	0	0	1	1	1	0	0	1	1	1	0	0	0	0
1	1	1	1	0	0	0	1	0	0	0	0	0	0	0	0
0	1	1	1	0	0	0	0	0	0	0	0	0	0	0	0
0	0	0	1	0	0	0	0	0	1	1	0	0	0	0	0
1	1	1	0	1	0	0	0	0	1	1	0	0	0	0	1
0	0	0	0	0	0	0	0	0	1	0	0	0	0	0	1
1	0	1	1	0	0	1	1	1	0	0	0	0	0	1	0
1	1	0	1	0	0	1	1	0	0	0	0	0	0	0	0
0	0	0	1	0	0	0	0	0	0	0	0	0	0	0	0
0	1	0	0	0	0	0	0	0	0	0	0	0	1	0	0
0	0	0	0	0	0	0	0	0	0	0	0	1	0	0	0
0	0	0	0	0	0	0	0	0	1	0	0	0	0	0	0
0	0	0	0	0	0	0	1	1	0	0	0	0	0	0	0
DIFF_EDGE
0 0
CHROM_NUMBER
6
EOF
