TYPE : graph_{count}
DIMENSION: 21
EDGE_DATA_FORMAT: EDGE_LIST
EDGE_WEIGHT_TYPE: EXPLICIT
EDGE_WEIGHT_FORMAT: FULL_MATRIX
EDGE_DATA_SECTION
0 3
0 4
0 5
0 6
0 7
0 8
0 13
0 15
0 16
0 18
1 2
1 3
1 5
1 8
1 9
1 11
1 13
1 15
2 5
2 9
2 10
2 12
2 13
2 14
2 16
3 7
3 9
3 16
4 5
4 8
4 10
4 16
4 18
5 7
5 8
5 13
5 15
5 16
5 18
5 20
6 8
6 9
6 10
6 13
6 14
6 15
7 9
7 16
8 16
8 17
8 18
9 13
9 15
9 18
10 13
10 15
11 13
11 15
11 16
11 18
12 16
13 15
13 16
13 18
14 15
15 18
15 19
16 18
16 19
-1
EDGE_WEIGHT_SECTION
0	0	0	1	1	1	1	1	1	0	0	0	0	1	0	1	1	0	1	0	0
0	0	1	1	0	1	0	0	1	1	0	1	0	1	0	1	0	0	0	0	0
0	1	0	0	0	1	0	0	0	1	1	0	1	1	1	0	1	0	0	0	0
1	1	0	0	0	0	0	1	0	1	0	0	0	0	0	0	1	0	0	0	0
1	0	0	0	0	1	0	0	1	0	1	0	0	0	0	0	1	0	1	0	0
1	1	1	0	1	0	0	1	1	0	0	0	0	1	0	1	1	0	1	0	1
1	0	0	0	0	0	0	0	1	1	1	0	0	1	1	1	0	0	0	0	0
1	0	0	1	0	1	0	0	0	1	0	0	0	0	0	0	1	0	0	0	0
1	1	0	0	1	1	1	0	0	0	0	0	0	0	0	0	1	1	1	0	0
0	1	1	1	0	0	1	1	0	0	0	0	0	1	0	1	0	0	1	0	0
0	0	1	0	1	0	1	0	0	0	0	0	0	1	0	1	0	0	0	0	0
0	1	0	0	0	0	0	0	0	0	0	0	0	1	0	1	1	0	1	0	0
0	0	1	0	0	0	0	0	0	0	0	0	0	0	0	0	1	0	0	0	0
1	1	1	0	0	1	1	0	0	1	1	1	0	0	0	1	1	0	1	0	0
0	0	1	0	0	0	1	0	0	0	0	0	0	0	0	1	0	0	0	0	0
1	1	0	0	0	1	1	0	0	1	1	1	0	1	1	1	0	0	1	1	0
1	0	1	1	1	1	0	1	1	0	0	1	1	1	0	0	1	0	1	1	0
0	0	0	0	0	0	0	0	1	0	0	0	0	0	0	0	0	0	0	0	0
1	0	0	0	1	1	0	0	1	1	0	1	0	1	0	1	1	0	0	0	0
0	0	0	0	0	0	0	0	0	0	0	0	0	0	0	1	1	0	0	0	0
0	0	0	0	0	1	0	0	0	0	0	0	0	0	0	0	0	0	0	0	0
DIFF_EDGE
0 0
CHROM_NUMBER
10
EOF
