TYPE : graph_{count}
DIMENSION: 20
EDGE_DATA_FORMAT: EDGE_LIST
EDGE_WEIGHT_TYPE: EXPLICIT
EDGE_WEIGHT_FORMAT: FULL_MATRIX
EDGE_DATA_SECTION
0 7
0 9
0 10
0 11
0 15
0 16
1 2
1 5
1 9
1 10
1 11
1 14
2 3
2 8
2 9
2 11
2 16
3 5
3 6
3 7
3 9
3 10
3 11
3 15
3 16
4 7
4 9
4 10
5 6
5 8
5 9
5 15
5 16
6 7
6 9
6 10
6 12
6 15
7 8
7 10
7 19
8 10
9 10
9 11
9 15
9 16
10 11
10 15
10 16
11 12
11 13
11 15
11 16
11 17
12 15
12 16
12 18
14 19
15 16
-1
EDGE_WEIGHT_SECTION
0	0	0	0	0	0	0	1	0	1	1	1	0	0	0	1	1	0	0	0
0	0	1	0	0	1	0	0	0	1	1	1	0	0	1	0	0	0	0	0
0	1	0	1	0	0	0	0	1	1	0	1	0	0	0	0	1	0	0	0
0	0	1	0	0	1	1	1	0	1	1	1	0	0	0	1	1	0	0	0
0	0	0	0	0	0	0	1	0	1	1	0	0	0	0	0	0	0	0	0
0	1	0	1	0	0	1	0	1	1	0	0	0	0	0	1	1	0	0	0
0	0	0	1	0	1	0	1	0	1	1	0	1	0	0	1	0	0	0	0
1	0	0	1	1	0	1	0	1	0	1	0	0	0	0	0	0	0	0	1
0	0	1	0	0	1	0	1	0	0	1	0	0	0	0	0	0	0	0	0
1	1	1	1	1	1	1	0	0	0	1	1	0	0	0	1	1	0	0	0
1	1	0	1	1	0	1	1	1	1	0	1	0	0	0	1	1	0	0	0
1	1	1	1	0	0	0	0	0	1	1	0	1	1	0	1	1	1	0	0
0	0	0	0	0	0	1	0	0	0	0	1	0	0	0	1	1	0	1	0
0	0	0	0	0	0	0	0	0	0	0	1	0	0	0	0	0	0	0	0
0	1	0	0	0	0	0	0	0	0	0	0	0	0	0	0	0	0	0	1
1	0	0	1	0	1	1	0	0	1	1	1	1	0	0	1	1	0	0	0
1	0	1	1	0	1	0	0	0	1	1	1	1	0	0	1	0	0	0	0
0	0	0	0	0	0	0	0	0	0	0	1	0	0	0	0	0	0	0	0
0	0	0	0	0	0	0	0	0	0	0	0	1	0	0	0	0	0	0	0
0	0	0	0	0	0	0	1	0	0	0	0	0	0	1	0	0	0	0	0
DIFF_EDGE
0 0
CHROM_NUMBER
9
EOF
