TYPE : graph_{count}
DIMENSION: 16
EDGE_DATA_FORMAT: EDGE_LIST
EDGE_WEIGHT_TYPE: EXPLICIT
EDGE_WEIGHT_FORMAT: FULL_MATRIX
EDGE_DATA_SECTION
0 2
0 3
0 7
0 10
0 15
1 3
1 6
1 9
1 14
2 4
2 5
2 6
2 9
2 10
2 14
3 6
3 7
3 8
3 9
3 13
3 14
4 5
4 6
4 7
4 14
4 15
5 7
5 11
6 8
7 8
7 9
7 14
7 15
8 9
8 10
8 11
9 12
10 14
11 14
11 15
12 14
12 15
13 15
14 15
-1
EDGE_WEIGHT_SECTION
0	0	1	1	0	0	0	1	0	0	1	0	0	0	0	1
0	0	0	1	0	0	1	0	0	1	0	0	0	0	1	0
1	0	0	0	1	1	1	0	0	1	1	0	0	0	1	0
1	1	0	0	0	0	1	1	1	1	0	0	0	1	1	0
0	0	1	0	0	1	1	1	0	0	0	0	0	0	1	1
0	0	1	0	1	0	0	1	0	0	0	1	0	0	0	0
0	1	1	1	1	0	0	0	1	0	0	0	0	0	0	0
1	0	0	1	1	1	0	0	1	1	0	0	0	0	1	1
0	0	0	1	0	0	1	1	0	1	1	1	0	0	0	0
0	1	1	1	0	0	0	1	1	0	0	0	1	0	0	0
1	0	1	0	0	0	0	0	1	0	0	0	0	0	1	0
0	0	0	0	0	1	0	0	1	0	0	0	0	0	1	1
0	0	0	0	0	0	0	0	0	1	0	0	0	0	1	1
0	0	0	1	0	0	0	0	0	0	0	0	0	0	0	1
0	1	1	1	1	0	0	1	0	0	1	1	1	0	1	1
1	0	0	0	1	0	0	1	0	0	0	1	1	1	1	1
DIFF_EDGE
0 0
CHROM_NUMBER
8
EOF
