TYPE : graph_{count}
DIMENSION: 16
EDGE_DATA_FORMAT: EDGE_LIST
EDGE_WEIGHT_TYPE: EXPLICIT
EDGE_WEIGHT_FORMAT: FULL_MATRIX
EDGE_DATA_SECTION
0 2
0 7
0 8
0 10
1 2
1 5
1 9
2 4
2 5
2 6
2 9
2 10
2 14
3 4
3 5
3 6
3 7
3 8
3 9
3 13
4 5
4 10
4 11
4 12
4 14
5 6
5 7
5 9
5 10
5 14
6 9
6 10
6 11
6 14
7 9
7 14
7 15
8 10
8 15
10 14
11 14
13 14
-1
EDGE_WEIGHT_SECTION
0	0	1	0	0	0	0	1	1	0	1	0	0	0	0	0
0	0	1	0	0	1	0	0	0	1	0	0	0	0	0	0
1	1	0	0	1	1	1	0	0	1	1	0	0	0	1	0
0	0	0	0	1	1	1	1	1	1	0	0	0	1	0	0
0	0	1	1	0	1	0	0	0	0	1	1	1	0	1	0
0	1	1	1	1	0	1	1	0	1	1	0	0	0	1	0
0	0	1	1	0	1	0	0	0	1	1	1	0	0	1	0
1	0	0	1	0	1	0	0	0	1	0	0	0	0	1	1
1	0	0	1	0	0	0	0	0	0	1	0	0	0	0	1
0	1	1	1	0	1	1	1	0	0	0	0	0	0	0	0
1	0	1	0	1	1	1	0	1	0	0	0	0	0	1	0
0	0	0	0	1	0	1	0	0	0	0	0	0	0	1	0
0	0	0	0	1	0	0	0	0	0	0	0	0	0	0	0
0	0	0	1	0	0	0	0	0	0	0	0	0	0	1	0
0	0	1	0	1	1	1	1	0	0	1	1	0	1	0	0
0	0	0	0	0	0	0	1	1	0	0	0	0	0	0	0
DIFF_EDGE
0 0
CHROM_NUMBER
7
EOF
