TYPE : graph_{count}
DIMENSION: 21
EDGE_DATA_FORMAT: EDGE_LIST
EDGE_WEIGHT_TYPE: EXPLICIT
EDGE_WEIGHT_FORMAT: FULL_MATRIX
EDGE_DATA_SECTION
0 4
0 5
0 7
0 9
0 12
0 13
0 18
1 2
1 4
1 9
1 10
1 13
1 18
2 5
2 6
2 12
3 4
3 8
3 9
3 10
4 6
4 8
4 9
4 10
4 11
4 13
5 8
5 13
6 7
6 9
6 13
6 16
6 17
7 8
7 9
7 10
7 18
8 13
8 14
8 20
9 13
9 14
9 18
10 20
11 18
13 15
14 18
15 19
18 19
-1
EDGE_WEIGHT_SECTION
0	0	0	0	1	1	0	1	0	1	0	0	1	1	0	0	0	0	1	0	0
0	0	1	0	1	0	0	0	0	1	1	0	0	1	0	0	0	0	1	0	0
0	1	0	0	0	1	1	0	0	0	0	0	1	0	0	0	0	0	0	0	0
0	0	0	0	1	0	0	0	1	1	1	0	0	0	0	0	0	0	0	0	0
1	1	0	1	0	0	1	0	1	1	1	1	0	1	0	0	0	0	0	0	0
1	0	1	0	0	0	0	0	1	0	0	0	0	1	0	0	0	0	0	0	0
0	0	1	0	1	0	0	1	0	1	0	0	0	1	0	0	1	1	0	0	0
1	0	0	0	0	0	1	0	1	1	1	0	0	0	0	0	0	0	1	0	0
0	0	0	1	1	1	0	1	0	0	0	0	0	1	1	0	0	0	0	0	1
1	1	0	1	1	0	1	1	0	0	0	0	0	1	1	0	0	0	1	0	0
0	1	0	1	1	0	0	1	0	0	0	0	0	0	0	0	0	0	0	0	1
0	0	0	0	1	0	0	0	0	0	0	0	0	0	0	0	0	0	1	0	0
1	0	1	0	0	0	0	0	0	0	0	0	0	0	0	0	0	0	0	0	0
1	1	0	0	1	1	1	0	1	1	0	0	0	0	0	1	0	0	0	0	0
0	0	0	0	0	0	0	0	1	1	0	0	0	0	0	0	0	0	1	0	0
0	0	0	0	0	0	0	0	0	0	0	0	0	1	0	0	0	0	0	1	0
0	0	0	0	0	0	1	0	0	0	0	0	0	0	0	0	0	0	0	0	0
0	0	0	0	0	0	1	0	0	0	0	0	0	0	0	0	0	0	0	0	0
1	1	0	0	0	0	0	1	0	1	0	1	0	0	1	0	0	0	0	1	0
0	0	0	0	0	0	0	0	0	0	0	0	0	0	0	1	0	0	1	0	0
0	0	0	0	0	0	0	0	1	0	1	0	0	0	0	0	0	0	0	0	0
DIFF_EDGE
0 0
CHROM_NUMBER
8
EOF
