TYPE : graph_{count}
DIMENSION: 19
EDGE_DATA_FORMAT: EDGE_LIST
EDGE_WEIGHT_TYPE: EXPLICIT
EDGE_WEIGHT_FORMAT: FULL_MATRIX
EDGE_DATA_SECTION
0 1
0 3
0 9
0 14
1 3
1 4
1 6
1 7
1 9
1 12
1 13
2 9
3 4
3 5
3 6
3 9
3 13
3 14
3 15
3 17
4 5
4 7
4 8
4 9
4 10
4 13
4 14
4 17
5 6
5 13
5 14
6 8
6 14
6 16
7 9
7 10
8 10
8 14
9 10
9 13
9 14
9 16
9 17
11 12
11 13
12 14
12 17
13 17
13 18
14 17
14 18
16 17
-1
EDGE_WEIGHT_SECTION
0	1	0	1	0	0	0	0	0	1	0	0	0	0	1	0	0	0	0
1	0	0	1	1	0	1	1	0	1	0	0	1	1	0	0	0	0	0
0	0	0	0	0	0	0	0	0	1	0	0	0	0	0	0	0	0	0
1	1	0	0	1	1	1	0	0	1	0	0	0	1	1	1	0	1	0
0	1	0	1	0	1	0	1	1	1	1	0	0	1	1	0	0	1	0
0	0	0	1	1	0	1	0	0	0	0	0	0	1	1	0	0	0	0
0	1	0	1	0	1	0	0	1	0	0	0	0	0	1	0	1	0	0
0	1	0	0	1	0	0	0	0	1	1	0	0	0	0	0	0	0	0
0	0	0	0	1	0	1	0	0	0	1	0	0	0	1	0	0	0	0
1	1	1	1	1	0	0	1	0	0	1	0	0	1	1	0	1	1	0
0	0	0	0	1	0	0	1	1	1	0	0	0	0	0	0	0	0	0
0	0	0	0	0	0	0	0	0	0	0	0	1	1	0	0	0	0	0
0	1	0	0	0	0	0	0	0	0	0	1	0	0	1	0	0	1	0
0	1	0	1	1	1	0	0	0	1	0	1	0	0	0	0	0	1	1
1	0	0	1	1	1	1	0	1	1	0	0	1	0	0	0	0	1	1
0	0	0	1	0	0	0	0	0	0	0	0	0	0	0	0	0	0	0
0	0	0	0	0	0	1	0	0	1	0	0	0	0	0	0	0	1	0
0	0	0	1	1	0	0	0	0	1	0	0	1	1	1	0	1	0	0
0	0	0	0	0	0	0	0	0	0	0	0	0	1	1	0	0	0	0
DIFF_EDGE
0 0
CHROM_NUMBER
8
EOF
