TYPE : graph_{count}
DIMENSION: 19
EDGE_DATA_FORMAT: EDGE_LIST
EDGE_WEIGHT_TYPE: EXPLICIT
EDGE_WEIGHT_FORMAT: FULL_MATRIX
EDGE_DATA_SECTION
0 3
0 4
0 6
0 7
0 11
0 12
1 2
1 3
1 4
1 9
1 14
1 15
1 18
2 3
2 4
2 6
2 8
2 10
2 12
2 14
2 15
2 17
2 18
3 4
3 6
3 7
3 10
3 12
3 14
3 15
3 17
3 18
4 8
4 14
4 15
4 17
5 8
5 9
5 10
5 13
5 14
5 17
6 8
6 9
6 12
6 14
6 15
6 17
6 18
7 10
7 17
8 12
8 14
8 17
9 12
9 14
9 16
9 17
9 18
11 15
11 18
12 14
12 15
12 17
12 18
13 14
13 15
13 18
14 15
14 17
14 18
15 17
15 18
16 17
17 18
-1
EDGE_WEIGHT_SECTION
0	0	0	1	1	0	1	1	0	0	0	1	1	0	0	0	0	0	0
0	0	1	1	1	0	0	0	0	1	0	0	0	0	1	1	0	0	1
0	1	0	1	1	0	1	0	1	0	1	0	1	0	1	1	0	1	1
1	1	1	0	1	0	1	1	0	0	1	0	1	0	1	1	0	1	1
1	1	1	1	0	0	0	0	1	0	0	0	0	0	1	1	0	1	0
0	0	0	0	0	0	0	0	1	1	1	0	0	1	1	0	0	1	0
1	0	1	1	0	0	0	0	1	1	0	0	1	0	1	1	0	1	1
1	0	0	1	0	0	0	0	0	0	1	0	0	0	0	0	0	1	0
0	0	1	0	1	1	1	0	0	0	0	0	1	0	1	0	0	1	0
0	1	0	0	0	1	1	0	0	0	0	0	1	0	1	0	1	1	1
0	0	1	1	0	1	0	1	0	0	0	0	0	0	0	0	0	0	0
1	0	0	0	0	0	0	0	0	0	0	0	0	0	0	1	0	0	1
1	0	1	1	0	0	1	0	1	1	0	0	1	0	1	1	0	1	1
0	0	0	0	0	1	0	0	0	0	0	0	0	0	1	1	0	0	1
0	1	1	1	1	1	1	0	1	1	0	0	1	1	0	1	0	1	1
0	1	1	1	1	0	1	0	0	0	0	1	1	1	1	0	0	1	1
0	0	0	0	0	0	0	0	0	1	0	0	0	0	0	0	0	1	0
0	0	1	1	1	1	1	1	1	1	0	0	1	0	1	1	1	1	1
0	1	1	1	0	0	1	0	0	1	0	1	1	1	1	1	0	1	0
DIFF_EDGE
0 0
CHROM_NUMBER
11
EOF
