TYPE : graph_{count}
DIMENSION: 19
EDGE_DATA_FORMAT: EDGE_LIST
EDGE_WEIGHT_TYPE: EXPLICIT
EDGE_WEIGHT_FORMAT: FULL_MATRIX
EDGE_DATA_SECTION
0 3
0 5
0 6
0 13
0 15
1 3
1 6
1 7
1 10
1 12
2 5
2 6
2 9
2 13
3 8
3 13
3 14
3 16
4 7
4 8
5 10
6 8
6 9
6 11
7 8
7 10
9 10
9 13
9 14
10 13
11 13
11 18
12 17
13 17
15 16
-1
EDGE_WEIGHT_SECTION
0	0	0	1	0	1	1	0	0	0	0	0	0	1	0	1	0	0	0
0	0	0	1	0	0	1	1	0	0	1	0	1	0	0	0	0	0	0
0	0	0	0	0	1	1	0	0	1	0	0	0	1	0	0	0	0	0
1	1	0	0	0	0	0	0	1	0	0	0	0	1	1	0	1	0	0
0	0	0	0	0	0	0	1	1	0	0	0	0	0	0	0	0	0	0
1	0	1	0	0	0	0	0	0	0	1	0	0	0	0	0	0	0	0
1	1	1	0	0	0	0	0	1	1	0	1	0	0	0	0	0	0	0
0	1	0	0	1	0	0	0	1	0	1	0	0	0	0	0	0	0	0
0	0	0	1	1	0	1	1	0	0	0	0	0	0	0	0	0	0	0
0	0	1	0	0	0	1	0	0	0	1	0	0	1	1	0	0	0	0
0	1	0	0	0	1	0	1	0	1	0	0	0	1	0	0	0	0	0
0	0	0	0	0	0	1	0	0	0	0	0	0	1	0	0	0	0	1
0	1	0	0	0	0	0	0	0	0	0	0	0	0	0	0	0	1	0
1	0	1	1	0	0	0	0	0	1	1	1	0	0	0	0	0	1	0
0	0	0	1	0	0	0	0	0	1	0	0	0	0	0	0	0	0	0
1	0	0	0	0	0	0	0	0	0	0	0	0	0	0	0	1	0	0
0	0	0	1	0	0	0	0	0	0	0	0	0	0	0	1	0	0	0
0	0	0	0	0	0	0	0	0	0	0	0	1	1	0	0	0	0	0
0	0	0	0	0	0	0	0	0	0	0	1	0	0	0	0	0	0	0
DIFF_EDGE
0 0
CHROM_NUMBER
6
EOF
