TYPE : graph_{count}
DIMENSION: 19
EDGE_DATA_FORMAT: EDGE_LIST
EDGE_WEIGHT_TYPE: EXPLICIT
EDGE_WEIGHT_FORMAT: FULL_MATRIX
EDGE_DATA_SECTION
0 1
0 3
0 4
0 9
0 10
0 12
0 15
0 16
0 17
0 18
1 2
1 3
1 4
1 8
1 9
1 12
1 15
1 16
1 17
1 18
2 4
2 15
2 16
2 17
2 18
3 8
3 9
3 11
3 17
3 18
4 7
4 8
4 9
4 12
4 13
5 7
5 9
5 10
5 12
5 15
6 7
6 8
6 9
7 8
7 10
7 15
7 18
8 9
8 15
8 16
8 17
9 14
9 16
10 12
10 16
10 17
10 18
11 12
11 15
11 16
11 18
12 14
12 15
12 16
12 17
12 18
13 17
13 18
14 15
14 16
14 17
14 18
15 16
15 17
15 18
16 17
16 18
17 18
-1
EDGE_WEIGHT_SECTION
0	1	0	1	1	0	0	0	0	1	1	0	1	0	0	1	1	1	1
1	0	1	1	1	0	0	0	1	1	0	0	1	0	0	1	1	1	1
0	1	0	0	1	0	0	0	0	0	0	0	0	0	0	1	1	1	1
1	1	0	0	0	0	0	0	1	1	0	1	0	0	0	0	0	1	1
1	1	1	0	0	0	0	1	1	1	0	0	1	1	0	0	0	0	0
0	0	0	0	0	0	0	1	0	1	1	0	1	0	0	1	0	0	0
0	0	0	0	0	0	0	1	1	1	0	0	0	0	0	0	0	0	0
0	0	0	0	1	1	1	0	1	0	1	0	0	0	0	1	0	0	1
0	1	0	1	1	0	1	1	0	1	0	0	0	0	0	1	1	1	0
1	1	0	1	1	1	1	0	1	0	0	0	0	0	1	0	1	0	0
1	0	0	0	0	1	0	1	0	0	0	0	1	0	0	0	1	1	1
0	0	0	1	0	0	0	0	0	0	0	0	1	0	0	1	1	0	1
1	1	0	0	1	1	0	0	0	0	1	1	0	0	1	1	1	1	1
0	0	0	0	1	0	0	0	0	0	0	0	0	0	0	0	0	1	1
0	0	0	0	0	0	0	0	0	1	0	0	1	0	0	1	1	1	1
1	1	1	0	0	1	0	1	1	0	0	1	1	0	1	0	1	1	1
1	1	1	0	0	0	0	0	1	1	1	1	1	0	1	1	0	1	1
1	1	1	1	0	0	0	0	1	0	1	0	1	1	1	1	1	1	1
1	1	1	1	0	0	0	1	0	0	1	1	1	1	1	1	1	1	1
DIFF_EDGE
0 0
CHROM_NUMBER
10
EOF
