TYPE : graph_{count}
DIMENSION: 17
EDGE_DATA_FORMAT: EDGE_LIST
EDGE_WEIGHT_TYPE: EXPLICIT
EDGE_WEIGHT_FORMAT: FULL_MATRIX
EDGE_DATA_SECTION
0 3
0 16
1 2
1 3
1 4
1 5
1 6
1 7
1 12
1 13
1 14
2 4
2 7
2 10
3 8
3 9
3 10
4 5
4 7
4 8
4 9
4 12
4 16
5 9
5 15
5 16
6 7
6 9
7 8
7 9
7 10
7 11
7 12
7 16
8 9
8 12
8 16
9 10
9 12
10 12
10 16
11 16
12 16
13 16
-1
EDGE_WEIGHT_SECTION
0	0	0	1	0	0	0	0	0	0	0	0	0	0	0	0	1
0	0	1	1	1	1	1	1	0	0	0	0	1	1	1	0	0
0	1	0	0	1	0	0	1	0	0	1	0	0	0	0	0	0
1	1	0	0	0	0	0	0	1	1	1	0	0	0	0	0	0
0	1	1	0	0	1	0	1	1	1	0	0	1	0	0	0	1
0	1	0	0	1	0	0	0	0	1	0	0	0	0	0	1	1
0	1	0	0	0	0	0	1	0	1	0	0	0	0	0	0	0
0	1	1	0	1	0	1	0	1	1	1	1	1	0	0	0	1
0	0	0	1	1	0	0	1	0	1	0	0	1	0	0	0	1
0	0	0	1	1	1	1	1	1	0	1	0	1	0	0	0	0
0	0	1	1	0	0	0	1	0	1	0	0	1	0	0	0	1
0	0	0	0	0	0	0	1	0	0	0	0	0	0	0	0	1
0	1	0	0	1	0	0	1	1	1	1	0	0	0	0	0	1
0	1	0	0	0	0	0	0	0	0	0	0	0	0	0	0	1
0	1	0	0	0	0	0	0	0	0	0	0	0	0	0	0	0
0	0	0	0	0	1	0	0	0	0	0	0	0	0	0	0	0
1	0	0	0	1	1	0	1	1	0	1	1	1	1	0	0	0
DIFF_EDGE
0 0
CHROM_NUMBER
8
EOF
