TYPE : graph_{count}
DIMENSION: 17
EDGE_DATA_FORMAT: EDGE_LIST
EDGE_WEIGHT_TYPE: EXPLICIT
EDGE_WEIGHT_FORMAT: FULL_MATRIX
EDGE_DATA_SECTION
0 1
0 4
0 5
0 7
1 5
1 7
1 8
1 9
1 10
1 11
1 16
2 4
2 5
2 9
2 11
2 16
3 5
3 7
3 8
3 11
3 12
3 16
4 6
4 10
4 14
5 8
5 9
5 11
5 13
5 14
6 8
6 9
6 10
6 16
7 9
7 10
7 11
7 13
8 11
8 16
9 11
9 16
10 16
11 16
12 16
13 15
14 16
15 16
-1
EDGE_WEIGHT_SECTION
0	1	0	0	1	1	0	1	0	0	0	0	0	0	0	0	0
1	0	0	0	0	1	0	1	1	1	1	1	0	0	0	0	1
0	0	0	0	1	1	0	0	0	1	0	1	0	0	0	0	1
0	0	0	0	0	1	0	1	1	0	0	1	1	0	0	0	1
1	0	1	0	0	0	1	0	0	0	1	0	0	0	1	0	0
1	1	1	1	0	0	0	0	1	1	0	1	0	1	1	0	0
0	0	0	0	1	0	0	0	1	1	1	0	0	0	0	0	1
1	1	0	1	0	0	0	0	0	1	1	1	0	1	0	0	0
0	1	0	1	0	1	1	0	0	0	0	1	0	0	0	0	1
0	1	1	0	0	1	1	1	0	0	0	1	0	0	0	0	1
0	1	0	0	1	0	1	1	0	0	0	0	0	0	0	0	1
0	1	1	1	0	1	0	1	1	1	0	0	0	0	0	0	1
0	0	0	1	0	0	0	0	0	0	0	0	0	0	0	0	1
0	0	0	0	0	1	0	1	0	0	0	0	0	0	0	1	0
0	0	0	0	1	1	0	0	0	0	0	0	0	0	0	0	1
0	0	0	0	0	0	0	0	0	0	0	0	0	1	0	0	1
0	1	1	1	0	0	1	0	1	1	1	1	1	0	1	1	0
DIFF_EDGE
0 0
CHROM_NUMBER
8
EOF
