TYPE : graph_{count}
DIMENSION: 21
EDGE_DATA_FORMAT: EDGE_LIST
EDGE_WEIGHT_TYPE: EXPLICIT
EDGE_WEIGHT_FORMAT: FULL_MATRIX
EDGE_DATA_SECTION
0 3
0 4
0 6
0 7
0 8
0 17
0 18
1 5
1 8
1 10
1 12
1 15
1 18
2 4
2 5
2 6
2 7
2 9
2 10
2 12
2 18
2 19
3 5
3 7
3 8
3 18
4 7
4 12
4 13
5 6
5 7
5 8
5 12
5 18
5 19
6 7
6 9
6 10
6 12
6 16
6 18
6 19
7 8
7 10
7 12
7 14
7 19
8 16
9 10
10 11
11 19
12 17
12 18
12 19
13 19
14 18
15 18
17 18
18 19
19 20
-1
EDGE_WEIGHT_SECTION
0	0	0	1	1	0	1	1	1	0	0	0	0	0	0	0	0	1	1	0	0
0	0	0	0	0	1	0	0	1	0	1	0	1	0	0	1	0	0	1	0	0
0	0	0	0	1	1	1	1	0	1	1	0	1	0	0	0	0	0	1	1	0
1	0	0	0	0	1	0	1	1	0	0	0	0	0	0	0	0	0	1	0	0
1	0	1	0	0	0	0	1	0	0	0	0	1	1	0	0	0	0	0	0	0
0	1	1	1	0	0	1	1	1	0	0	0	1	0	0	0	0	0	1	1	0
1	0	1	0	0	1	0	1	0	1	1	0	1	0	0	0	1	0	1	1	0
1	0	1	1	1	1	1	0	1	0	1	0	1	0	1	0	0	0	0	1	0
1	1	0	1	0	1	0	1	0	0	0	0	0	0	0	0	1	0	0	0	0
0	0	1	0	0	0	1	0	0	0	1	0	0	0	0	0	0	0	0	0	0
0	1	1	0	0	0	1	1	0	1	0	1	0	0	0	0	0	0	0	0	0
0	0	0	0	0	0	0	0	0	0	1	0	0	0	0	0	0	0	0	1	0
0	1	1	0	1	1	1	1	0	0	0	0	0	0	0	0	0	1	1	1	0
0	0	0	0	1	0	0	0	0	0	0	0	0	0	0	0	0	0	0	1	0
0	0	0	0	0	0	0	1	0	0	0	0	0	0	0	0	0	0	1	0	0
0	1	0	0	0	0	0	0	0	0	0	0	0	0	0	0	0	0	1	0	0
0	0	0	0	0	0	1	0	1	0	0	0	0	0	0	0	0	0	0	0	0
1	0	0	0	0	0	0	0	0	0	0	0	1	0	0	0	0	0	1	0	0
1	1	1	1	0	1	1	0	0	0	0	0	1	0	1	1	0	1	1	1	0
0	0	1	0	0	1	1	1	0	0	0	1	1	1	0	0	0	0	1	0	1
0	0	0	0	0	0	0	0	0	0	0	0	0	0	0	0	0	0	0	1	0
DIFF_EDGE
0 0
CHROM_NUMBER
9
EOF
