TYPE : graph_{count}
DIMENSION: 20
EDGE_DATA_FORMAT: EDGE_LIST
EDGE_WEIGHT_TYPE: EXPLICIT
EDGE_WEIGHT_FORMAT: FULL_MATRIX
EDGE_DATA_SECTION
0 1
0 5
0 6
0 8
0 9
0 10
0 11
0 13
0 14
0 18
1 5
1 6
1 8
1 9
1 11
1 14
1 16
1 18
2 5
2 9
3 4
3 5
3 18
4 6
4 9
4 10
4 11
4 16
5 7
5 8
5 9
5 10
5 14
5 16
5 18
6 8
6 9
6 11
6 14
6 16
6 18
7 9
7 16
7 18
8 9
8 10
8 11
8 14
8 16
8 18
9 10
9 11
9 14
9 16
9 18
11 12
11 16
12 14
12 18
13 15
13 16
14 16
14 18
15 16
15 17
15 19
16 18
17 18
-1
EDGE_WEIGHT_SECTION
0	1	0	0	0	1	1	0	1	1	1	1	0	1	1	0	0	0	1	0
1	0	0	0	0	1	1	0	1	1	0	1	0	0	1	0	1	0	1	0
0	0	0	0	0	1	0	0	0	1	0	0	0	0	0	0	0	0	0	0
0	0	0	0	1	1	0	0	0	0	0	0	0	0	0	0	0	0	1	0
0	0	0	1	0	0	1	0	0	1	1	1	0	0	0	0	1	0	0	0
1	1	1	1	0	0	0	1	1	1	1	0	0	0	1	0	1	0	1	0
1	1	0	0	1	0	0	0	1	1	0	1	0	0	1	0	1	0	1	0
0	0	0	0	0	1	0	0	0	1	0	0	0	0	0	0	1	0	1	0
1	1	0	0	0	1	1	0	0	1	1	1	0	0	1	0	1	0	1	0
1	1	1	0	1	1	1	1	1	0	1	1	0	0	1	0	1	0	1	0
1	0	0	0	1	1	0	0	1	1	0	0	0	0	0	0	0	0	0	0
1	1	0	0	1	0	1	0	1	1	0	1	1	0	0	0	1	0	0	0
0	0	0	0	0	0	0	0	0	0	0	1	0	0	1	0	0	0	1	0
1	0	0	0	0	0	0	0	0	0	0	0	0	0	0	1	1	0	0	0
1	1	0	0	0	1	1	0	1	1	0	0	1	0	0	0	1	0	1	0
0	0	0	0	0	0	0	0	0	0	0	0	0	1	0	0	1	1	0	1
0	1	0	0	1	1	1	1	1	1	0	1	0	1	1	1	1	0	1	0
0	0	0	0	0	0	0	0	0	0	0	0	0	0	0	1	0	0	1	0
1	1	0	1	0	1	1	1	1	1	0	0	1	0	1	0	1	1	0	0
0	0	0	0	0	0	0	0	0	0	0	0	0	0	0	1	0	0	0	0
DIFF_EDGE
0 0
CHROM_NUMBER
10
EOF
