TYPE : graph_{count}
DIMENSION: 18
EDGE_DATA_FORMAT: EDGE_LIST
EDGE_WEIGHT_TYPE: EXPLICIT
EDGE_WEIGHT_FORMAT: FULL_MATRIX
EDGE_DATA_SECTION
0 1
0 2
0 7
0 9
0 17
1 7
1 8
1 10
1 14
1 17
2 3
2 5
2 6
2 8
2 9
2 14
2 17
3 16
3 17
4 5
4 6
4 7
4 10
5 6
5 9
5 10
5 13
5 14
7 8
7 9
7 10
7 12
7 15
8 13
8 14
8 17
9 17
10 11
10 17
12 14
14 17
15 16
16 17
-1
EDGE_WEIGHT_SECTION
0	1	1	0	0	0	0	1	0	1	0	0	0	0	0	0	0	1
1	0	0	0	0	0	0	1	1	0	1	0	0	0	1	0	0	1
1	0	0	1	0	1	1	0	1	1	0	0	0	0	1	0	0	1
0	0	1	0	0	0	0	0	0	0	0	0	0	0	0	0	1	1
0	0	0	0	0	1	1	1	0	0	1	0	0	0	0	0	0	0
0	0	1	0	1	0	1	0	0	1	1	0	0	1	1	0	0	0
0	0	1	0	1	1	0	0	0	0	0	0	0	0	0	0	0	0
1	1	0	0	1	0	0	0	1	1	1	0	1	0	0	1	0	0
0	1	1	0	0	0	0	1	0	0	0	0	0	1	1	0	0	1
1	0	1	0	0	1	0	1	0	0	0	0	0	0	0	0	0	1
0	1	0	0	1	1	0	1	0	0	0	1	0	0	0	0	0	1
0	0	0	0	0	0	0	0	0	0	1	0	0	0	0	0	0	0
0	0	0	0	0	0	0	1	0	0	0	0	0	0	1	0	0	0
0	0	0	0	0	1	0	0	1	0	0	0	0	0	0	0	0	0
0	1	1	0	0	1	0	0	1	0	0	0	1	0	0	0	0	1
0	0	0	0	0	0	0	1	0	0	0	0	0	0	0	0	1	0
0	0	0	1	0	0	0	0	0	0	0	0	0	0	0	1	0	1
1	1	1	1	0	0	0	0	1	1	1	0	0	0	1	0	1	1
DIFF_EDGE
0 0
CHROM_NUMBER
7
EOF
