TYPE : graph_{count}
DIMENSION: 21
EDGE_DATA_FORMAT: EDGE_LIST
EDGE_WEIGHT_TYPE: EXPLICIT
EDGE_WEIGHT_FORMAT: FULL_MATRIX
EDGE_DATA_SECTION
0 1
0 2
0 3
0 4
0 5
0 6
0 7
0 8
0 11
0 12
0 16
0 19
0 20
1 2
1 6
1 10
1 11
1 12
1 19
1 20
2 4
2 5
2 6
2 7
2 8
2 9
2 10
2 11
2 12
2 16
2 19
2 20
3 6
3 9
3 12
3 15
3 16
3 17
3 19
4 6
4 9
4 10
4 11
4 12
4 14
4 16
4 20
5 6
5 7
5 9
6 9
6 11
6 12
6 13
6 16
6 19
6 20
8 10
8 11
8 20
9 10
9 11
9 16
10 12
10 13
10 16
10 20
11 12
11 16
11 19
11 20
12 16
12 19
12 20
13 16
13 19
13 20
14 18
15 20
16 19
16 20
17 20
18 19
18 20
19 20
-1
EDGE_WEIGHT_SECTION
0	1	1	1	1	1	1	1	1	0	0	1	1	0	0	0	1	0	0	1	1
1	0	1	0	0	0	1	0	0	0	1	1	1	0	0	0	0	0	0	1	1
1	1	0	0	1	1	1	1	1	1	1	1	1	0	0	0	1	0	0	1	1
1	0	0	0	0	0	1	0	0	1	0	0	1	0	0	1	1	1	0	1	0
1	0	1	0	0	0	1	0	0	1	1	1	1	0	1	0	1	0	0	0	1
1	0	1	0	0	0	1	1	0	1	0	0	0	0	0	0	0	0	0	0	0
1	1	1	1	1	1	0	0	0	1	0	1	1	1	0	0	1	0	0	1	1
1	0	1	0	0	1	0	0	0	0	0	0	0	0	0	0	0	0	0	0	0
1	0	1	0	0	0	0	0	0	0	1	1	0	0	0	0	0	0	0	0	1
0	0	1	1	1	1	1	0	0	0	1	1	0	0	0	0	1	0	0	0	0
0	1	1	0	1	0	0	0	1	1	0	0	1	1	0	0	1	0	0	0	1
1	1	1	0	1	0	1	0	1	1	0	0	1	0	0	0	1	0	0	1	1
1	1	1	1	1	0	1	0	0	0	1	1	1	0	0	0	1	0	0	1	1
0	0	0	0	0	0	1	0	0	0	1	0	0	0	0	0	1	0	0	1	1
0	0	0	0	1	0	0	0	0	0	0	0	0	0	0	0	0	0	1	0	0
0	0	0	1	0	0	0	0	0	0	0	0	0	0	0	0	0	0	0	0	1
1	0	1	1	1	0	1	0	0	1	1	1	1	1	0	0	1	0	0	1	1
0	0	0	1	0	0	0	0	0	0	0	0	0	0	0	0	0	0	0	0	1
0	0	0	0	0	0	0	0	0	0	0	0	0	0	1	0	0	0	0	1	1
1	1	1	1	0	0	1	0	0	0	0	1	1	1	0	0	1	0	1	0	1
1	1	1	0	1	0	1	0	1	0	1	1	1	1	0	1	1	1	1	1	1
DIFF_EDGE
0 0
CHROM_NUMBER
11
EOF
