TYPE : graph_{count}
DIMENSION: 16
EDGE_DATA_FORMAT: EDGE_LIST
EDGE_WEIGHT_TYPE: EXPLICIT
EDGE_WEIGHT_FORMAT: FULL_MATRIX
EDGE_DATA_SECTION
0 3
0 4
0 5
0 8
0 15
1 2
1 4
1 6
1 7
1 12
1 15
2 7
2 12
3 9
3 12
3 14
4 7
4 10
4 12
4 15
5 6
5 9
5 12
5 15
6 8
6 9
6 10
6 12
6 13
6 15
7 8
7 10
7 12
7 15
8 15
9 10
9 12
9 15
10 15
11 13
12 15
13 15
-1
EDGE_WEIGHT_SECTION
0	0	0	1	1	1	0	0	1	0	0	0	0	0	0	1
0	0	1	0	1	0	1	1	0	0	0	0	1	0	0	1
0	1	0	0	0	0	0	1	0	0	0	0	1	0	0	0
1	0	0	0	0	0	0	0	0	1	0	0	1	0	1	0
1	1	0	0	0	0	0	1	0	0	1	0	1	0	0	1
1	0	0	0	0	0	1	0	0	1	0	0	1	0	0	1
0	1	0	0	0	1	0	0	1	1	1	0	1	1	0	1
0	1	1	0	1	0	0	0	1	0	1	0	1	0	0	1
1	0	0	0	0	0	1	1	0	0	0	0	0	0	0	1
0	0	0	1	0	1	1	0	0	0	1	0	1	0	0	1
0	0	0	0	1	0	1	1	0	1	0	0	0	0	0	1
0	0	0	0	0	0	0	0	0	0	0	0	0	1	0	0
0	1	1	1	1	1	1	1	0	1	0	0	1	0	0	1
0	0	0	0	0	0	1	0	0	0	0	1	0	0	0	1
0	0	0	1	0	0	0	0	0	0	0	0	0	0	0	0
1	1	0	0	1	1	1	1	1	1	1	0	1	1	0	1
DIFF_EDGE
0 0
CHROM_NUMBER
7
EOF
