TYPE : graph_{count}
DIMENSION: 16
EDGE_DATA_FORMAT: EDGE_LIST
EDGE_WEIGHT_TYPE: EXPLICIT
EDGE_WEIGHT_FORMAT: FULL_MATRIX
EDGE_DATA_SECTION
0 4
0 7
0 8
0 10
1 4
1 6
2 6
2 7
2 10
2 14
3 4
3 6
3 8
3 9
3 10
3 14
3 15
4 6
4 7
4 8
4 9
4 11
4 14
5 8
5 14
6 7
6 8
6 9
6 10
6 14
6 15
7 9
7 13
7 14
8 9
8 10
8 13
8 14
8 15
9 10
9 14
9 15
10 11
10 14
10 15
11 12
11 14
12 15
14 15
-1
EDGE_WEIGHT_SECTION
0	0	0	0	1	0	0	1	1	0	1	0	0	0	0	0
0	0	0	0	1	0	1	0	0	0	0	0	0	0	0	0
0	0	0	0	0	0	1	1	0	0	1	0	0	0	1	0
0	0	0	0	1	0	1	0	1	1	1	0	0	0	1	1
1	1	0	1	0	0	1	1	1	1	0	1	0	0	1	0
0	0	0	0	0	0	0	0	1	0	0	0	0	0	1	0
0	1	1	1	1	0	0	1	1	1	1	0	0	0	1	1
1	0	1	0	1	0	1	0	0	1	0	0	0	1	1	0
1	0	0	1	1	1	1	0	0	1	1	0	0	1	1	1
0	0	0	1	1	0	1	1	1	0	1	0	0	0	1	1
1	0	1	1	0	0	1	0	1	1	0	1	0	0	1	1
0	0	0	0	1	0	0	0	0	0	1	0	1	0	1	0
0	0	0	0	0	0	0	0	0	0	0	1	0	0	0	1
0	0	0	0	0	0	0	1	1	0	0	0	0	0	0	0
0	0	1	1	1	1	1	1	1	1	1	1	0	0	0	1
0	0	0	1	0	0	1	0	1	1	1	0	1	0	1	0
DIFF_EDGE
0 0
CHROM_NUMBER
8
EOF
