TYPE : graph_{count}
DIMENSION: 16
EDGE_DATA_FORMAT: EDGE_LIST
EDGE_WEIGHT_TYPE: EXPLICIT
EDGE_WEIGHT_FORMAT: FULL_MATRIX
EDGE_DATA_SECTION
0 1
0 3
0 5
0 7
0 9
0 13
1 4
1 5
1 7
1 9
1 13
1 15
2 6
2 8
2 12
3 7
3 8
3 14
4 7
4 9
4 10
4 13
4 14
5 6
5 8
5 9
5 10
5 11
5 12
6 7
6 10
7 8
7 9
7 10
7 13
8 10
9 10
9 13
12 13
-1
EDGE_WEIGHT_SECTION
0	1	0	1	0	1	0	1	0	1	0	0	0	1	0	0
1	0	0	0	1	1	0	1	0	1	0	0	0	1	0	1
0	0	0	0	0	0	1	0	1	0	0	0	1	0	0	0
1	0	0	0	0	0	0	1	1	0	0	0	0	0	1	0
0	1	0	0	0	0	0	1	0	1	1	0	0	1	1	0
1	1	0	0	0	0	1	0	1	1	1	1	1	0	0	0
0	0	1	0	0	1	0	1	0	0	1	0	0	0	0	0
1	1	0	1	1	0	1	0	1	1	1	0	0	1	0	0
0	0	1	1	0	1	0	1	0	0	1	0	0	0	0	0
1	1	0	0	1	1	0	1	0	0	1	0	0	1	0	0
0	0	0	0	1	1	1	1	1	1	0	0	0	0	0	0
0	0	0	0	0	1	0	0	0	0	0	0	0	0	0	0
0	0	1	0	0	1	0	0	0	0	0	0	0	1	0	0
1	1	0	0	1	0	0	1	0	1	0	0	1	1	0	0
0	0	0	1	1	0	0	0	0	0	0	0	0	0	0	0
0	1	0	0	0	0	0	0	0	0	0	0	0	0	0	0
DIFF_EDGE
0 0
CHROM_NUMBER
7
EOF
