TYPE : graph_{count}
DIMENSION: 21
EDGE_DATA_FORMAT: EDGE_LIST
EDGE_WEIGHT_TYPE: EXPLICIT
EDGE_WEIGHT_FORMAT: FULL_MATRIX
EDGE_DATA_SECTION
0 4
0 5
0 7
0 8
1 3
1 4
1 5
1 7
1 8
1 9
1 10
1 11
1 12
1 16
1 18
2 4
2 7
2 10
3 4
3 7
3 9
3 11
3 13
3 16
3 18
3 20
4 5
4 6
4 10
4 11
4 13
4 14
5 6
5 9
5 11
5 13
5 18
5 19
6 8
6 10
6 16
6 20
7 10
7 11
7 13
7 16
7 17
8 9
8 11
8 15
8 18
9 16
9 17
9 18
10 18
11 13
11 16
11 18
12 13
13 15
13 16
13 18
14 16
14 18
16 18
17 18
-1
EDGE_WEIGHT_SECTION
0	0	0	0	1	1	0	1	1	0	0	0	0	0	0	0	0	0	0	0	0
0	0	0	1	1	1	0	1	1	1	1	1	1	0	0	0	1	0	1	0	0
0	0	0	0	1	0	0	1	0	0	1	0	0	0	0	0	0	0	0	0	0
0	1	0	0	1	0	0	1	0	1	0	1	0	1	0	0	1	0	1	0	1
1	1	1	1	0	1	1	0	0	0	1	1	0	1	1	0	0	0	0	0	0
1	1	0	0	1	0	1	0	0	1	0	1	0	1	0	0	0	0	1	1	0
0	0	0	0	1	1	0	0	1	0	1	0	0	0	0	0	1	0	0	0	1
1	1	1	1	0	0	0	0	0	0	1	1	0	1	0	0	1	1	0	0	0
1	1	0	0	0	0	1	0	0	1	0	1	0	0	0	1	0	0	1	0	0
0	1	0	1	0	1	0	0	1	0	0	0	0	0	0	0	1	1	1	0	0
0	1	1	0	1	0	1	1	0	0	0	0	0	0	0	0	0	0	1	0	0
0	1	0	1	1	1	0	1	1	0	0	0	0	1	0	0	1	0	1	0	0
0	1	0	0	0	0	0	0	0	0	0	0	0	1	0	0	0	0	0	0	0
0	0	0	1	1	1	0	1	0	0	0	1	1	0	0	1	1	0	1	0	0
0	0	0	0	1	0	0	0	0	0	0	0	0	0	0	0	1	0	1	0	0
0	0	0	0	0	0	0	0	1	0	0	0	0	1	0	0	0	0	0	0	0
0	1	0	1	0	0	1	1	0	1	0	1	0	1	1	0	0	0	1	0	0
0	0	0	0	0	0	0	1	0	1	0	0	0	0	0	0	0	0	1	0	0
0	1	0	1	0	1	0	0	1	1	1	1	0	1	1	0	1	1	0	0	0
0	0	0	0	0	1	0	0	0	0	0	0	0	0	0	0	0	0	0	0	0
0	0	0	1	0	0	1	0	0	0	0	0	0	0	0	0	0	0	0	0	0
DIFF_EDGE
0 0
CHROM_NUMBER
10
EOF
