TYPE : graph_{count}
DIMENSION: 16
EDGE_DATA_FORMAT: EDGE_LIST
EDGE_WEIGHT_TYPE: EXPLICIT
EDGE_WEIGHT_FORMAT: FULL_MATRIX
EDGE_DATA_SECTION
0 3
0 4
0 6
0 7
0 8
0 9
0 10
0 11
0 14
1 2
1 4
1 5
1 6
1 8
1 11
2 3
2 4
2 5
2 7
2 8
2 10
2 12
3 5
3 6
3 8
3 9
3 11
3 13
3 14
4 5
4 9
4 10
4 11
4 14
5 7
5 9
5 10
5 14
6 7
6 9
6 11
6 12
6 14
7 10
7 11
8 9
8 10
8 11
8 14
9 10
9 11
9 14
11 14
12 15
13 14
14 15
-1
EDGE_WEIGHT_SECTION
0	0	0	1	1	0	1	1	1	1	1	1	0	0	1	0
0	0	1	0	1	1	1	0	1	0	0	1	0	0	0	0
0	1	0	1	1	1	0	1	1	0	1	0	1	0	0	0
1	0	1	0	0	1	1	0	1	1	0	1	0	1	1	0
1	1	1	0	0	1	0	0	0	1	1	1	0	0	1	0
0	1	1	1	1	0	0	1	0	1	1	0	0	0	1	0
1	1	0	1	0	0	0	1	0	1	0	1	1	0	1	0
1	0	1	0	0	1	1	0	0	0	1	1	0	0	0	0
1	1	1	1	0	0	0	0	0	1	1	1	0	0	1	0
1	0	0	1	1	1	1	0	1	0	1	1	0	0	1	0
1	0	1	0	1	1	0	1	1	1	0	0	0	0	0	0
1	1	0	1	1	0	1	1	1	1	0	0	0	0	1	0
0	0	1	0	0	0	1	0	0	0	0	0	0	0	0	1
0	0	0	1	0	0	0	0	0	0	0	0	0	0	1	0
1	0	0	1	1	1	1	0	1	1	0	1	0	1	0	1
0	0	0	0	0	0	0	0	0	0	0	0	1	0	1	0
DIFF_EDGE
0 0
CHROM_NUMBER
9
EOF
