TYPE : graph_{count}
DIMENSION: 17
EDGE_DATA_FORMAT: EDGE_LIST
EDGE_WEIGHT_TYPE: EXPLICIT
EDGE_WEIGHT_FORMAT: FULL_MATRIX
EDGE_DATA_SECTION
0 2
0 3
0 4
0 7
1 5
1 6
1 7
1 8
1 9
1 10
1 16
2 3
2 4
2 5
2 6
2 15
3 5
3 6
3 7
3 8
4 5
4 7
4 16
5 6
5 7
5 8
5 9
5 10
5 13
6 9
6 10
6 12
6 16
7 9
7 10
7 11
7 14
7 15
8 9
8 11
8 16
9 16
12 16
13 16
15 16
-1
EDGE_WEIGHT_SECTION
0	0	1	1	1	0	0	1	0	0	0	0	0	0	0	0	0
0	0	0	0	0	1	1	1	1	1	1	0	0	0	0	0	1
1	0	0	1	1	1	1	0	0	0	0	0	0	0	0	1	0
1	0	1	0	0	1	1	1	1	0	0	0	0	0	0	0	0
1	0	1	0	0	1	0	1	0	0	0	0	0	0	0	0	1
0	1	1	1	1	0	1	1	1	1	1	0	0	1	0	0	0
0	1	1	1	0	1	0	0	0	1	1	0	1	0	0	0	1
1	1	0	1	1	1	0	0	0	1	1	1	0	0	1	1	0
0	1	0	1	0	1	0	0	0	1	0	1	0	0	0	0	1
0	1	0	0	0	1	1	1	1	0	0	0	0	0	0	0	1
0	1	0	0	0	1	1	1	0	0	0	0	0	0	0	0	0
0	0	0	0	0	0	0	1	1	0	0	0	0	0	0	0	0
0	0	0	0	0	0	1	0	0	0	0	0	0	0	0	0	1
0	0	0	0	0	1	0	0	0	0	0	0	0	0	0	0	1
0	0	0	0	0	0	0	1	0	0	0	0	0	0	0	0	0
0	0	1	0	0	0	0	1	0	0	0	0	0	0	0	0	1
0	1	0	0	1	0	1	0	1	1	0	0	1	1	0	1	0
DIFF_EDGE
0 0
CHROM_NUMBER
7
EOF
