TYPE : graph_{count}
DIMENSION: 19
EDGE_DATA_FORMAT: EDGE_LIST
EDGE_WEIGHT_TYPE: EXPLICIT
EDGE_WEIGHT_FORMAT: FULL_MATRIX
EDGE_DATA_SECTION
0 3
0 5
0 8
0 9
0 12
0 14
0 16
1 2
1 4
1 5
1 8
1 10
1 11
1 16
1 18
2 3
2 4
2 5
2 6
2 8
2 12
2 18
3 5
3 6
3 7
3 9
3 12
4 14
5 6
5 7
5 8
5 12
5 18
6 7
6 9
6 10
6 12
7 12
7 17
8 9
8 12
8 18
9 10
9 12
9 15
9 17
9 18
10 12
11 13
12 13
12 18
13 18
14 18
17 18
-1
EDGE_WEIGHT_SECTION
0	0	0	1	0	1	0	0	1	1	0	0	1	0	1	0	1	0	0
0	0	1	0	1	1	0	0	1	0	1	1	0	0	0	0	1	0	1
0	1	0	1	1	1	1	0	1	0	0	0	1	0	0	0	0	0	1
1	0	1	0	0	1	1	1	0	1	0	0	1	0	0	0	0	0	0
0	1	1	0	0	0	0	0	0	0	0	0	0	0	1	0	0	0	0
1	1	1	1	0	0	1	1	1	0	0	0	1	0	0	0	0	0	1
0	0	1	1	0	1	0	1	0	1	1	0	1	0	0	0	0	0	0
0	0	0	1	0	1	1	0	0	0	0	0	1	0	0	0	0	1	0
1	1	1	0	0	1	0	0	0	1	0	0	1	0	0	0	0	0	1
1	0	0	1	0	0	1	0	1	0	1	0	1	0	0	1	0	1	1
0	1	0	0	0	0	1	0	0	1	0	0	1	0	0	0	0	0	0
0	1	0	0	0	0	0	0	0	0	0	0	0	1	0	0	0	0	0
1	0	1	1	0	1	1	1	1	1	1	0	0	1	0	0	0	0	1
0	0	0	0	0	0	0	0	0	0	0	1	1	0	0	0	0	0	1
1	0	0	0	1	0	0	0	0	0	0	0	0	0	0	0	0	0	1
0	0	0	0	0	0	0	0	0	1	0	0	0	0	0	0	0	0	0
1	1	0	0	0	0	0	0	0	0	0	0	0	0	0	0	0	0	0
0	0	0	0	0	0	0	1	0	1	0	0	0	0	0	0	0	0	1
0	1	1	0	0	1	0	0	1	1	0	0	1	1	1	0	0	1	0
DIFF_EDGE
0 0
CHROM_NUMBER
8
EOF
