TYPE : graph_{count}
DIMENSION: 17
EDGE_DATA_FORMAT: EDGE_LIST
EDGE_WEIGHT_TYPE: EXPLICIT
EDGE_WEIGHT_FORMAT: FULL_MATRIX
EDGE_DATA_SECTION
0 1
0 2
0 3
0 6
0 8
0 10
0 12
0 13
1 2
1 3
1 5
1 6
1 7
1 9
1 10
1 12
1 13
2 6
2 8
2 12
3 4
3 6
3 9
3 12
3 13
3 16
4 5
4 7
4 9
4 11
4 12
5 7
5 10
6 7
6 8
6 9
7 9
7 12
7 13
7 16
8 9
8 13
9 12
9 13
9 15
10 11
11 12
11 13
12 13
14 15
-1
EDGE_WEIGHT_SECTION
0	1	1	1	0	0	1	0	1	0	1	0	1	1	0	0	0
1	0	1	1	0	1	1	1	0	1	1	0	1	1	0	0	0
1	1	0	0	0	0	1	0	1	0	0	0	1	0	0	0	0
1	1	0	0	1	0	1	0	0	1	0	0	1	1	0	0	1
0	0	0	1	0	1	0	1	0	1	0	1	1	0	0	0	0
0	1	0	0	1	0	0	1	0	0	1	0	0	0	0	0	0
1	1	1	1	0	0	0	1	1	1	0	0	0	0	0	0	0
0	1	0	0	1	1	1	0	0	1	0	0	1	1	0	0	1
1	0	1	0	0	0	1	0	0	1	0	0	0	1	0	0	0
0	1	0	1	1	0	1	1	1	0	0	0	1	1	0	1	0
1	1	0	0	0	1	0	0	0	0	0	1	0	0	0	0	0
0	0	0	0	1	0	0	0	0	0	1	0	1	1	0	0	0
1	1	1	1	1	0	0	1	0	1	0	1	1	1	0	0	0
1	1	0	1	0	0	0	1	1	1	0	1	1	0	0	0	0
0	0	0	0	0	0	0	0	0	0	0	0	0	0	0	1	0
0	0	0	0	0	0	0	0	0	1	0	0	0	0	1	0	0
0	0	0	1	0	0	0	1	0	0	0	0	0	0	0	0	0
DIFF_EDGE
0 0
CHROM_NUMBER
8
EOF
