TYPE : graph_{count}
DIMENSION: 21
EDGE_DATA_FORMAT: EDGE_LIST
EDGE_WEIGHT_TYPE: EXPLICIT
EDGE_WEIGHT_FORMAT: FULL_MATRIX
EDGE_DATA_SECTION
0 4
0 5
0 6
0 8
0 9
0 11
0 18
1 2
1 4
1 5
1 8
1 11
1 16
1 18
1 19
2 3
2 9
2 10
2 11
3 5
3 6
3 9
3 19
4 6
4 8
4 9
4 10
4 11
4 14
4 19
5 6
5 8
5 10
5 19
6 19
7 8
7 14
7 15
8 9
8 11
8 12
9 10
9 13
10 11
11 17
11 19
12 19
13 15
14 19
15 19
16 20
18 19
-1
EDGE_WEIGHT_SECTION
0	0	0	0	1	1	1	0	1	1	0	1	0	0	0	0	0	0	1	0	0
0	0	1	0	1	1	0	0	1	0	0	1	0	0	0	0	1	0	1	1	0
0	1	0	1	0	0	0	0	0	1	1	1	0	0	0	0	0	0	0	0	0
0	0	1	0	0	1	1	0	0	1	0	0	0	0	0	0	0	0	0	1	0
1	1	0	0	0	0	1	0	1	1	1	1	0	0	1	0	0	0	0	1	0
1	1	0	1	0	0	1	0	1	0	1	0	0	0	0	0	0	0	0	1	0
1	0	0	1	1	1	0	0	0	0	0	0	0	0	0	0	0	0	0	1	0
0	0	0	0	0	0	0	0	1	0	0	0	0	0	1	1	0	0	0	0	0
1	1	0	0	1	1	0	1	0	1	0	1	1	0	0	0	0	0	0	0	0
1	0	1	1	1	0	0	0	1	0	1	0	0	1	0	0	0	0	0	0	0
0	0	1	0	1	1	0	0	0	1	0	1	0	0	0	0	0	0	0	0	0
1	1	1	0	1	0	0	0	1	0	1	0	0	0	0	0	0	1	0	1	0
0	0	0	0	0	0	0	0	1	0	0	0	0	0	0	0	0	0	0	1	0
0	0	0	0	0	0	0	0	0	1	0	0	0	0	0	1	0	0	0	0	0
0	0	0	0	1	0	0	1	0	0	0	0	0	0	0	0	0	0	0	1	0
0	0	0	0	0	0	0	1	0	0	0	0	0	1	0	0	0	0	0	1	0
0	1	0	0	0	0	0	0	0	0	0	0	0	0	0	0	0	0	0	0	1
0	0	0	0	0	0	0	0	0	0	0	1	0	0	0	0	0	0	0	0	0
1	1	0	0	0	0	0	0	0	0	0	0	0	0	0	0	0	0	0	1	0
0	1	0	1	1	1	1	0	0	0	0	1	1	0	1	1	0	0	1	1	0
0	0	0	0	0	0	0	0	0	0	0	0	0	0	0	0	1	0	0	0	0
DIFF_EDGE
0 0
CHROM_NUMBER
8
EOF
