TYPE : graph_{count}
DIMENSION: 20
EDGE_DATA_FORMAT: EDGE_LIST
EDGE_WEIGHT_TYPE: EXPLICIT
EDGE_WEIGHT_FORMAT: FULL_MATRIX
EDGE_DATA_SECTION
0 1
0 2
0 3
0 4
0 5
0 6
0 7
0 8
0 11
0 12
0 13
0 14
0 16
1 2
1 4
1 5
1 9
1 11
1 12
1 13
1 14
1 16
2 3
2 10
2 12
2 13
2 16
3 4
3 6
3 7
3 9
3 11
3 14
3 19
4 5
4 6
4 8
4 9
4 11
4 12
4 13
4 14
4 16
5 6
5 9
5 10
5 11
5 12
5 13
6 7
6 10
6 14
6 18
7 10
7 11
8 9
8 12
8 14
8 16
8 17
9 10
9 11
9 13
9 14
9 15
10 11
10 19
11 12
11 13
11 14
11 16
11 17
12 13
12 14
12 16
13 14
13 16
14 16
16 18
-1
EDGE_WEIGHT_SECTION
0	1	1	1	1	1	1	1	1	0	0	1	1	1	1	0	1	0	0	0
1	0	1	0	1	1	0	0	0	1	0	1	1	1	1	0	1	0	0	0
1	1	0	1	0	0	0	0	0	0	1	0	1	1	0	0	1	0	0	0
1	0	1	0	1	0	1	1	0	1	0	1	0	0	1	0	0	0	0	1
1	1	0	1	0	1	1	0	1	1	0	1	1	1	1	0	1	0	0	0
1	1	0	0	1	0	1	0	0	1	1	1	1	1	0	0	0	0	0	0
1	0	0	1	1	1	0	1	0	0	1	0	0	0	1	0	0	0	1	0
1	0	0	1	0	0	1	0	0	0	1	1	0	0	0	0	0	0	0	0
1	0	0	0	1	0	0	0	0	1	0	0	1	0	1	0	1	1	0	0
0	1	0	1	1	1	0	0	1	0	1	1	0	1	1	1	0	0	0	0
0	0	1	0	0	1	1	1	0	1	0	1	0	0	0	0	0	0	0	1
1	1	0	1	1	1	0	1	0	1	1	0	1	1	1	0	1	1	0	0
1	1	1	0	1	1	0	0	1	0	0	1	0	1	1	0	1	0	0	0
1	1	1	0	1	1	0	0	0	1	0	1	1	0	1	0	1	0	0	0
1	1	0	1	1	0	1	0	1	1	0	1	1	1	0	0	1	0	0	0
0	0	0	0	0	0	0	0	0	1	0	0	0	0	0	0	0	0	0	0
1	1	1	0	1	0	0	0	1	0	0	1	1	1	1	0	0	0	1	0
0	0	0	0	0	0	0	0	1	0	0	1	0	0	0	0	0	0	0	0
0	0	0	0	0	0	1	0	0	0	0	0	0	0	0	0	1	0	0	0
0	0	0	1	0	0	0	0	0	0	1	0	0	0	0	0	0	0	0	0
DIFF_EDGE
0 0
CHROM_NUMBER
11
EOF
