TYPE : graph_{count}
DIMENSION: 17
EDGE_DATA_FORMAT: EDGE_LIST
EDGE_WEIGHT_TYPE: EXPLICIT
EDGE_WEIGHT_FORMAT: FULL_MATRIX
EDGE_DATA_SECTION
0 1
0 3
0 6
0 8
0 14
1 7
1 8
1 14
2 5
2 6
2 10
3 6
3 13
3 14
4 6
4 7
4 9
4 12
4 14
4 15
5 6
5 14
6 8
6 9
7 11
8 10
8 12
8 14
8 16
9 11
9 14
9 16
10 13
-1
EDGE_WEIGHT_SECTION
0	1	0	1	0	0	1	0	1	0	0	0	0	0	1	0	0
1	0	0	0	0	0	0	1	1	0	0	0	0	0	1	0	0
0	0	0	0	0	1	1	0	0	0	1	0	0	0	0	0	0
1	0	0	0	0	0	1	0	0	0	0	0	0	1	1	0	0
0	0	0	0	0	0	1	1	0	1	0	0	1	0	1	1	0
0	0	1	0	0	0	1	0	0	0	0	0	0	0	1	0	0
1	0	1	1	1	1	0	0	1	1	0	0	0	0	0	0	0
0	1	0	0	1	0	0	0	0	0	0	1	0	0	0	0	0
1	1	0	0	0	0	1	0	0	0	1	0	1	0	1	0	1
0	0	0	0	1	0	1	0	0	0	0	1	0	0	1	0	1
0	0	1	0	0	0	0	0	1	0	0	0	0	1	0	0	0
0	0	0	0	0	0	0	1	0	1	0	0	0	0	0	0	0
0	0	0	0	1	0	0	0	1	0	0	0	0	0	0	0	0
0	0	0	1	0	0	0	0	0	0	1	0	0	0	0	0	0
1	1	0	1	1	1	0	0	1	1	0	0	0	0	0	0	0
0	0	0	0	1	0	0	0	0	0	0	0	0	0	0	0	0
0	0	0	0	0	0	0	0	1	1	0	0	0	0	0	0	0
DIFF_EDGE
0 0
CHROM_NUMBER
6
EOF
