TYPE : graph_{count}
DIMENSION: 18
EDGE_DATA_FORMAT: EDGE_LIST
EDGE_WEIGHT_TYPE: EXPLICIT
EDGE_WEIGHT_FORMAT: FULL_MATRIX
EDGE_DATA_SECTION
0 1
0 2
0 5
1 3
1 5
1 6
1 10
1 13
1 16
1 17
2 3
2 4
2 5
2 6
2 8
2 9
2 10
2 11
2 17
3 4
3 6
3 9
3 15
3 16
4 5
4 9
4 10
4 13
4 16
5 7
5 8
5 16
6 12
7 8
7 12
7 13
7 16
8 9
8 13
8 16
9 16
11 13
11 14
11 16
12 16
13 15
13 16
14 16
15 16
-1
EDGE_WEIGHT_SECTION
0	1	1	0	0	1	0	0	0	0	0	0	0	0	0	0	0	0
1	0	0	1	0	1	1	0	0	0	1	0	0	1	0	0	1	1
1	0	0	1	1	1	1	0	1	1	1	1	0	0	0	0	0	1
0	1	1	0	1	0	1	0	0	1	0	0	0	0	0	1	1	0
0	0	1	1	0	1	0	0	0	1	1	0	0	1	0	0	1	0
1	1	1	0	1	0	0	1	1	0	0	0	0	0	0	0	1	0
0	1	1	1	0	0	0	0	0	0	0	0	1	0	0	0	0	0
0	0	0	0	0	1	0	0	1	0	0	0	1	1	0	0	1	0
0	0	1	0	0	1	0	1	0	1	0	0	0	1	0	0	1	0
0	0	1	1	1	0	0	0	1	0	0	0	0	0	0	0	1	0
0	1	1	0	1	0	0	0	0	0	0	0	0	0	0	0	0	0
0	0	1	0	0	0	0	0	0	0	0	0	0	1	1	0	1	0
0	0	0	0	0	0	1	1	0	0	0	0	0	0	0	0	1	0
0	1	0	0	1	0	0	1	1	0	0	1	0	0	0	1	1	0
0	0	0	0	0	0	0	0	0	0	0	1	0	0	0	0	1	0
0	0	0	1	0	0	0	0	0	0	0	0	0	1	0	0	1	0
0	1	0	1	1	1	0	1	1	1	0	1	1	1	1	1	1	0
0	1	1	0	0	0	0	0	0	0	0	0	0	0	0	0	0	0
DIFF_EDGE
0 0
CHROM_NUMBER
7
EOF
