TYPE : graph_{count}
DIMENSION: 21
EDGE_DATA_FORMAT: EDGE_LIST
EDGE_WEIGHT_TYPE: EXPLICIT
EDGE_WEIGHT_FORMAT: FULL_MATRIX
EDGE_DATA_SECTION
0 2
0 6
0 7
0 8
0 9
0 12
0 17
0 19
1 6
1 9
2 4
2 7
2 10
2 12
3 5
3 6
3 7
3 10
4 7
4 10
4 14
5 6
5 7
5 8
6 7
6 8
6 9
6 10
6 12
6 13
6 16
6 18
7 8
7 9
7 10
7 12
7 16
7 19
8 9
8 10
8 11
8 14
8 16
8 20
9 12
9 15
9 19
11 12
12 16
12 19
13 19
15 16
16 17
16 19
19 20
-1
EDGE_WEIGHT_SECTION
0	0	1	0	0	0	1	1	1	1	0	0	1	0	0	0	0	1	0	1	0
0	0	0	0	0	0	1	0	0	1	0	0	0	0	0	0	0	0	0	0	0
1	0	0	0	1	0	0	1	0	0	1	0	1	0	0	0	0	0	0	0	0
0	0	0	0	0	1	1	1	0	0	1	0	0	0	0	0	0	0	0	0	0
0	0	1	0	0	0	0	1	0	0	1	0	0	0	1	0	0	0	0	0	0
0	0	0	1	0	0	1	1	1	0	0	0	0	0	0	0	0	0	0	0	0
1	1	0	1	0	1	0	1	1	1	1	0	1	1	0	0	1	0	1	0	0
1	0	1	1	1	1	1	0	1	1	1	0	1	0	0	0	1	0	0	1	0
1	0	0	0	0	1	1	1	0	1	1	1	0	0	1	0	1	0	0	0	1
1	1	0	0	0	0	1	1	1	0	0	0	1	0	0	1	0	0	0	1	0
0	0	1	1	1	0	1	1	1	0	0	0	0	0	0	0	0	0	0	0	0
0	0	0	0	0	0	0	0	1	0	0	0	1	0	0	0	0	0	0	0	0
1	0	1	0	0	0	1	1	0	1	0	1	0	0	0	0	1	0	0	1	0
0	0	0	0	0	0	1	0	0	0	0	0	0	0	0	0	0	0	0	1	0
0	0	0	0	1	0	0	0	1	0	0	0	0	0	0	0	0	0	0	0	0
0	0	0	0	0	0	0	0	0	1	0	0	0	0	0	0	1	0	0	0	0
0	0	0	0	0	0	1	1	1	0	0	0	1	0	0	1	0	1	0	1	0
1	0	0	0	0	0	0	0	0	0	0	0	0	0	0	0	1	0	0	0	0
0	0	0	0	0	0	1	0	0	0	0	0	0	0	0	0	0	0	0	0	0
1	0	0	0	0	0	0	1	0	1	0	0	1	1	0	0	1	0	0	0	1
0	0	0	0	0	0	0	0	1	0	0	0	0	0	0	0	0	0	0	1	0
DIFF_EDGE
0 0
CHROM_NUMBER
8
EOF
