TYPE : graph_{count}
DIMENSION: 19
EDGE_DATA_FORMAT: EDGE_LIST
EDGE_WEIGHT_TYPE: EXPLICIT
EDGE_WEIGHT_FORMAT: FULL_MATRIX
EDGE_DATA_SECTION
0 1
0 3
0 4
0 5
0 8
0 9
0 10
0 12
0 14
0 18
2 4
2 7
2 9
2 12
2 14
3 4
3 6
3 8
3 9
3 10
3 12
3 13
3 14
4 5
4 9
4 14
4 18
5 9
5 18
6 7
6 11
6 14
6 16
7 10
7 18
8 10
8 16
8 18
9 10
9 12
9 14
9 18
10 12
10 15
11 14
11 15
12 14
12 18
13 14
13 18
14 17
17 18
-1
EDGE_WEIGHT_SECTION
0	1	0	1	1	1	0	0	1	1	1	0	1	0	1	0	0	0	1
1	0	0	0	0	0	0	0	0	0	0	0	0	0	0	0	0	0	0
0	0	0	0	1	0	0	1	0	1	0	0	1	0	1	0	0	0	0
1	0	0	0	1	0	1	0	1	1	1	0	1	1	1	0	0	0	0
1	0	1	1	0	1	0	0	0	1	0	0	0	0	1	0	0	0	1
1	0	0	0	1	0	0	0	0	1	0	0	0	0	0	0	0	0	1
0	0	0	1	0	0	0	1	0	0	0	1	0	0	1	0	1	0	0
0	0	1	0	0	0	1	0	0	0	1	0	0	0	0	0	0	0	1
1	0	0	1	0	0	0	0	0	0	1	0	0	0	0	0	1	0	1
1	0	1	1	1	1	0	0	0	0	1	0	1	0	1	0	0	0	1
1	0	0	1	0	0	0	1	1	1	0	0	1	0	0	1	0	0	0
0	0	0	0	0	0	1	0	0	0	0	0	0	0	1	1	0	0	0
1	0	1	1	0	0	0	0	0	1	1	0	0	0	1	0	0	0	1
0	0	0	1	0	0	0	0	0	0	0	0	0	0	1	0	0	0	1
1	0	1	1	1	0	1	0	0	1	0	1	1	1	0	0	0	1	0
0	0	0	0	0	0	0	0	0	0	1	1	0	0	0	0	0	0	0
0	0	0	0	0	0	1	0	1	0	0	0	0	0	0	0	0	0	0
0	0	0	0	0	0	0	0	0	0	0	0	0	0	1	0	0	0	1
1	0	0	0	1	1	0	1	1	1	0	0	1	1	0	0	0	1	0
DIFF_EDGE
0 0
CHROM_NUMBER
8
EOF
