TYPE : graph_{count}
DIMENSION: 21
EDGE_DATA_FORMAT: EDGE_LIST
EDGE_WEIGHT_TYPE: EXPLICIT
EDGE_WEIGHT_FORMAT: FULL_MATRIX
EDGE_DATA_SECTION
0 1
0 4
0 5
0 6
0 7
0 10
0 14
0 17
1 2
1 5
1 8
1 9
1 19
2 4
2 6
2 7
2 19
3 5
3 6
3 7
3 8
3 10
3 15
3 16
3 17
4 5
4 9
4 13
4 17
5 6
5 15
5 17
5 19
6 9
6 11
6 12
6 17
7 8
7 9
7 17
7 19
8 12
8 15
8 17
8 19
9 17
10 13
10 19
11 15
12 18
12 19
12 20
13 15
13 17
14 15
14 19
15 17
15 18
15 19
17 19
18 19
-1
EDGE_WEIGHT_SECTION
0	1	0	0	1	1	1	1	0	0	1	0	0	0	1	0	0	1	0	0	0
1	0	1	0	0	1	0	0	1	1	0	0	0	0	0	0	0	0	0	1	0
0	1	0	0	1	0	1	1	0	0	0	0	0	0	0	0	0	0	0	1	0
0	0	0	0	0	1	1	1	1	0	1	0	0	0	0	1	1	1	0	0	0
1	0	1	0	0	1	0	0	0	1	0	0	0	1	0	0	0	1	0	0	0
1	1	0	1	1	0	1	0	0	0	0	0	0	0	0	1	0	1	0	1	0
1	0	1	1	0	1	0	0	0	1	0	1	1	0	0	0	0	1	0	0	0
1	0	1	1	0	0	0	0	1	1	0	0	0	0	0	0	0	1	0	1	0
0	1	0	1	0	0	0	1	0	0	0	0	1	0	0	1	0	1	0	1	0
0	1	0	0	1	0	1	1	0	0	0	0	0	0	0	0	0	1	0	0	0
1	0	0	1	0	0	0	0	0	0	0	0	0	1	0	0	0	0	0	1	0
0	0	0	0	0	0	1	0	0	0	0	0	0	0	0	1	0	0	0	0	0
0	0	0	0	0	0	1	0	1	0	0	0	0	0	0	0	0	0	1	1	1
0	0	0	0	1	0	0	0	0	0	1	0	0	0	0	1	0	1	0	0	0
1	0	0	0	0	0	0	0	0	0	0	0	0	0	0	1	0	0	0	1	0
0	0	0	1	0	1	0	0	1	0	0	1	0	1	1	0	0	1	1	1	0
0	0	0	1	0	0	0	0	0	0	0	0	0	0	0	0	0	0	0	0	0
1	0	0	1	1	1	1	1	1	1	0	0	0	1	0	1	0	0	0	1	0
0	0	0	0	0	0	0	0	0	0	0	0	1	0	0	1	0	0	0	1	0
0	1	1	0	0	1	0	1	1	0	1	0	1	0	1	1	0	1	1	1	0
0	0	0	0	0	0	0	0	0	0	0	0	1	0	0	0	0	0	0	0	0
DIFF_EDGE
0 0
CHROM_NUMBER
9
EOF
