TYPE : graph_{count}
DIMENSION: 18
EDGE_DATA_FORMAT: EDGE_LIST
EDGE_WEIGHT_TYPE: EXPLICIT
EDGE_WEIGHT_FORMAT: FULL_MATRIX
EDGE_DATA_SECTION
0 3
0 7
0 10
1 2
1 3
1 4
1 7
1 8
1 9
1 10
1 13
1 14
1 16
2 5
2 7
2 10
2 11
3 4
3 14
3 16
3 17
4 5
4 6
4 10
4 14
4 16
5 6
5 8
5 9
5 14
5 16
6 7
6 8
6 16
7 9
7 10
7 14
7 16
8 10
8 14
8 15
8 16
9 11
10 12
10 16
12 14
12 16
14 16
15 17
-1
EDGE_WEIGHT_SECTION
0	0	0	1	0	0	0	1	0	0	1	0	0	0	0	0	0	0
0	0	1	1	1	0	0	1	1	1	1	0	0	1	1	0	1	0
0	1	0	0	0	1	0	1	0	0	1	1	0	0	0	0	0	0
1	1	0	0	1	0	0	0	0	0	0	0	0	0	1	0	1	1
0	1	0	1	0	1	1	0	0	0	1	0	0	0	1	0	1	0
0	0	1	0	1	0	1	0	1	1	0	0	0	0	1	0	1	0
0	0	0	0	1	1	0	1	1	0	0	0	0	0	0	0	1	0
1	1	1	0	0	0	1	0	0	1	1	0	0	0	1	0	1	0
0	1	0	0	0	1	1	0	0	0	1	0	0	0	1	1	1	0
0	1	0	0	0	1	0	1	0	0	0	1	0	0	0	0	0	0
1	1	1	0	1	0	0	1	1	0	0	0	1	0	0	0	1	0
0	0	1	0	0	0	0	0	0	1	0	0	0	0	0	0	0	0
0	0	0	0	0	0	0	0	0	0	1	0	0	0	1	0	1	0
0	1	0	0	0	0	0	0	0	0	0	0	0	0	0	0	0	0
0	1	0	1	1	1	0	1	1	0	0	0	1	0	0	0	1	0
0	0	0	0	0	0	0	0	1	0	0	0	0	0	0	0	0	1
0	1	0	1	1	1	1	1	1	0	1	0	1	0	1	0	0	0
0	0	0	1	0	0	0	0	0	0	0	0	0	0	0	1	0	0
DIFF_EDGE
0 0
CHROM_NUMBER
8
EOF
