TYPE : graph_{count}
DIMENSION: 20
EDGE_DATA_FORMAT: EDGE_LIST
EDGE_WEIGHT_TYPE: EXPLICIT
EDGE_WEIGHT_FORMAT: FULL_MATRIX
EDGE_DATA_SECTION
0 1
0 3
0 12
0 15
0 18
1 2
1 3
1 5
1 10
1 12
1 13
1 14
1 17
1 18
1 19
2 4
2 6
2 7
2 8
2 9
2 10
2 12
2 13
2 14
2 17
2 18
2 19
3 5
3 7
3 9
3 10
3 18
4 8
4 11
4 12
4 16
4 18
5 7
5 17
6 7
6 10
6 12
6 13
6 14
6 17
7 8
7 18
7 19
8 10
8 12
8 13
8 14
8 15
8 17
8 18
9 10
9 11
9 12
9 17
9 19
10 12
10 13
10 14
10 16
10 18
10 19
11 13
11 14
11 18
12 13
12 14
12 17
12 18
12 19
13 14
13 17
13 18
13 19
14 17
14 18
14 19
15 19
16 17
17 18
17 19
18 19
-1
EDGE_WEIGHT_SECTION
0	1	0	1	0	0	0	0	0	0	0	0	1	0	0	1	0	0	1	0
1	0	1	1	0	1	0	0	0	0	1	0	1	1	1	0	0	1	1	1
0	1	0	0	1	0	1	1	1	1	1	0	1	1	1	0	0	1	1	1
1	1	0	0	0	1	0	1	0	1	1	0	0	0	0	0	0	0	1	0
0	0	1	0	0	0	0	0	1	0	0	1	1	0	0	0	1	0	1	0
0	1	0	1	0	0	0	1	0	0	0	0	0	0	0	0	0	1	0	0
0	0	1	0	0	0	0	1	0	0	1	0	1	1	1	0	0	1	0	0
0	0	1	1	0	1	1	0	1	0	0	0	0	0	0	0	0	0	1	1
0	0	1	0	1	0	0	1	0	0	1	0	1	1	1	1	0	1	1	0
0	0	1	1	0	0	0	0	0	0	1	1	1	0	0	0	0	1	0	1
0	1	1	1	0	0	1	0	1	1	0	0	1	1	1	0	1	0	1	1
0	0	0	0	1	0	0	0	0	1	0	0	0	1	1	0	0	0	1	0
1	1	1	0	1	0	1	0	1	1	1	0	0	1	1	0	0	1	1	1
0	1	1	0	0	0	1	0	1	0	1	1	1	1	1	0	0	1	1	1
0	1	1	0	0	0	1	0	1	0	1	1	1	1	0	0	0	1	1	1
1	0	0	0	0	0	0	0	1	0	0	0	0	0	0	0	0	0	0	1
0	0	0	0	1	0	0	0	0	0	1	0	0	0	0	0	0	1	0	0
0	1	1	0	0	1	1	0	1	1	0	0	1	1	1	0	1	0	1	1
1	1	1	1	1	0	0	1	1	0	1	1	1	1	1	0	0	1	1	1
0	1	1	0	0	0	0	1	0	1	1	0	1	1	1	1	0	1	1	0
DIFF_EDGE
0 0
CHROM_NUMBER
12
EOF
