TYPE : graph_{count}
DIMENSION: 16
EDGE_DATA_FORMAT: EDGE_LIST
EDGE_WEIGHT_TYPE: EXPLICIT
EDGE_WEIGHT_FORMAT: FULL_MATRIX
EDGE_DATA_SECTION
0 1
0 7
0 15
1 3
1 4
1 7
1 9
1 14
2 5
2 6
2 8
2 9
2 10
3 5
3 8
3 10
4 8
4 10
5 7
5 8
5 10
5 11
5 15
6 14
7 10
9 10
10 12
11 13
-1
EDGE_WEIGHT_SECTION
0	1	0	0	0	0	0	1	0	0	0	0	0	0	0	1
1	0	0	1	1	0	0	1	0	1	0	0	0	0	1	0
0	0	0	0	0	1	1	0	1	1	1	0	0	0	0	0
0	1	0	0	0	1	0	0	1	0	1	0	0	0	0	0
0	1	0	0	0	0	0	0	1	0	1	0	0	0	0	0
0	0	1	1	0	0	0	1	1	0	1	1	0	0	0	1
0	0	1	0	0	0	0	0	0	0	0	0	0	0	1	0
1	1	0	0	0	1	0	0	0	0	1	0	0	0	0	0
0	0	1	1	1	1	0	0	0	0	0	0	0	0	0	0
0	1	1	0	0	0	0	0	0	0	1	0	0	0	0	0
0	0	1	1	1	1	0	1	0	1	0	0	1	0	0	0
0	0	0	0	0	1	0	0	0	0	0	0	0	1	0	0
0	0	0	0	0	0	0	0	0	0	1	0	0	0	0	0
0	0	0	0	0	0	0	0	0	0	0	1	0	0	0	0
0	1	0	0	0	0	1	0	0	0	0	0	0	0	0	0
1	0	0	0	0	1	0	0	0	0	0	0	0	0	0	0
DIFF_EDGE
0 0
CHROM_NUMBER
5
EOF
