TYPE : graph_{count}
DIMENSION: 20
EDGE_DATA_FORMAT: EDGE_LIST
EDGE_WEIGHT_TYPE: EXPLICIT
EDGE_WEIGHT_FORMAT: FULL_MATRIX
EDGE_DATA_SECTION
0 1
0 3
0 5
0 7
0 10
0 12
0 13
0 16
0 17
0 18
1 2
1 3
1 4
1 5
1 6
1 8
1 10
1 11
1 12
1 13
1 17
2 3
2 7
2 10
2 12
2 13
2 15
2 17
3 6
3 7
3 9
3 10
3 12
3 13
3 16
3 17
4 12
5 14
6 8
6 14
6 15
7 10
7 12
9 12
9 13
10 12
10 13
10 16
10 17
11 12
11 16
12 16
12 17
12 19
13 16
13 17
13 19
15 16
16 17
-1
EDGE_WEIGHT_SECTION
0	1	0	1	0	1	0	1	0	0	1	0	1	1	0	0	1	1	1	0
1	0	1	1	1	1	1	0	1	0	1	1	1	1	0	0	0	1	0	0
0	1	0	1	0	0	0	1	0	0	1	0	1	1	0	1	0	1	0	0
1	1	1	0	0	0	1	1	0	1	1	0	1	1	0	0	1	1	0	0
0	1	0	0	0	0	0	0	0	0	0	0	1	0	0	0	0	0	0	0
1	1	0	0	0	0	0	0	0	0	0	0	0	0	1	0	0	0	0	0
0	1	0	1	0	0	0	0	1	0	0	0	0	0	1	1	0	0	0	0
1	0	1	1	0	0	0	0	0	0	1	0	1	0	0	0	0	0	0	0
0	1	0	0	0	0	1	0	0	0	0	0	0	0	0	0	0	0	0	0
0	0	0	1	0	0	0	0	0	0	0	0	1	1	0	0	0	0	0	0
1	1	1	1	0	0	0	1	0	0	0	0	1	1	0	0	1	1	0	0
0	1	0	0	0	0	0	0	0	0	0	0	1	0	0	0	1	0	0	0
1	1	1	1	1	0	0	1	0	1	1	1	0	0	0	0	1	1	0	1
1	1	1	1	0	0	0	0	0	1	1	0	0	0	0	0	1	1	0	1
0	0	0	0	0	1	1	0	0	0	0	0	0	0	0	0	0	0	0	0
0	0	1	0	0	0	1	0	0	0	0	0	0	0	0	0	1	0	0	0
1	0	0	1	0	0	0	0	0	0	1	1	1	1	0	1	0	1	0	0
1	1	1	1	0	0	0	0	0	0	1	0	1	1	0	0	1	0	0	0
1	0	0	0	0	0	0	0	0	0	0	0	0	0	0	0	0	0	0	0
0	0	0	0	0	0	0	0	0	0	0	0	1	1	0	0	0	0	0	0
DIFF_EDGE
0 0
CHROM_NUMBER
9
EOF
