TYPE : graph_{count}
DIMENSION: 21
EDGE_DATA_FORMAT: EDGE_LIST
EDGE_WEIGHT_TYPE: EXPLICIT
EDGE_WEIGHT_FORMAT: FULL_MATRIX
EDGE_DATA_SECTION
0 2
0 3
0 5
0 6
0 8
0 12
0 14
0 18
1 4
1 6
1 8
1 12
1 17
1 18
2 4
2 5
2 7
2 8
2 10
2 12
2 13
2 17
2 18
2 19
3 5
3 6
3 7
3 8
3 11
3 14
3 19
5 7
5 8
5 12
5 14
5 18
6 7
6 8
6 10
6 12
6 13
6 14
6 18
7 8
7 14
7 20
8 9
8 10
8 12
8 14
8 16
8 18
11 12
11 14
11 18
12 14
12 18
13 14
14 15
15 18
16 18
17 18
-1
EDGE_WEIGHT_SECTION
0	0	1	1	0	1	1	0	1	0	0	0	1	0	1	0	0	0	1	0	0
0	0	0	0	1	0	1	0	1	0	0	0	1	0	0	0	0	1	1	0	0
1	0	0	0	1	1	0	1	1	0	1	0	1	1	0	0	0	1	1	1	0
1	0	0	0	0	1	1	1	1	0	0	1	0	0	1	0	0	0	0	1	0
0	1	1	0	0	0	0	0	0	0	0	0	0	0	0	0	0	0	0	0	0
1	0	1	1	0	0	0	1	1	0	0	0	1	0	1	0	0	0	1	0	0
1	1	0	1	0	0	0	1	1	0	1	0	1	1	1	0	0	0	1	0	0
0	0	1	1	0	1	1	0	1	0	0	0	0	0	1	0	0	0	0	0	1
1	1	1	1	0	1	1	1	0	1	1	0	1	0	1	0	1	0	1	0	0
0	0	0	0	0	0	0	0	1	0	0	0	0	0	0	0	0	0	0	0	0
0	0	1	0	0	0	1	0	1	0	0	0	0	0	0	0	0	0	0	0	0
0	0	0	1	0	0	0	0	0	0	0	0	1	0	1	0	0	0	1	0	0
1	1	1	0	0	1	1	0	1	0	0	1	0	0	1	0	0	0	1	0	0
0	0	1	0	0	0	1	0	0	0	0	0	0	0	1	0	0	0	0	0	0
1	0	0	1	0	1	1	1	1	0	0	1	1	1	0	1	0	0	0	0	0
0	0	0	0	0	0	0	0	0	0	0	0	0	0	1	0	0	0	1	0	0
0	0	0	0	0	0	0	0	1	0	0	0	0	0	0	0	0	0	1	0	0
0	1	1	0	0	0	0	0	0	0	0	0	0	0	0	0	0	0	1	0	0
1	1	1	0	0	1	1	0	1	0	0	1	1	0	0	1	1	1	0	0	0
0	0	1	1	0	0	0	0	0	0	0	0	0	0	0	0	0	0	0	0	0
0	0	0	0	0	0	0	1	0	0	0	0	0	0	0	0	0	0	0	0	0
DIFF_EDGE
0 0
CHROM_NUMBER
9
EOF
