TYPE : graph_{count}
DIMENSION: 21
EDGE_DATA_FORMAT: EDGE_LIST
EDGE_WEIGHT_TYPE: EXPLICIT
EDGE_WEIGHT_FORMAT: FULL_MATRIX
EDGE_DATA_SECTION
0 3
0 4
0 5
0 8
0 11
0 12
0 14
0 17
0 19
0 20
1 5
1 10
1 18
2 3
2 10
3 7
3 8
3 10
3 13
3 14
3 18
3 20
4 8
4 14
4 18
5 10
5 14
5 20
6 7
6 8
6 9
6 14
6 20
7 8
7 9
7 10
7 13
7 14
7 18
7 19
7 20
8 9
8 13
8 14
8 15
8 18
8 20
9 10
9 13
9 20
10 12
10 14
10 18
10 20
11 14
11 18
11 20
12 14
13 14
13 17
13 18
13 20
14 18
14 20
15 16
15 18
16 18
16 20
17 18
18 20
-1
EDGE_WEIGHT_SECTION
0	0	0	1	1	1	0	0	1	0	0	1	1	0	1	0	0	1	0	1	1
0	0	0	0	0	1	0	0	0	0	1	0	0	0	0	0	0	0	1	0	0
0	0	0	1	0	0	0	0	0	0	1	0	0	0	0	0	0	0	0	0	0
1	0	1	0	0	0	0	1	1	0	1	0	0	1	1	0	0	0	1	0	1
1	0	0	0	0	0	0	0	1	0	0	0	0	0	1	0	0	0	1	0	0
1	1	0	0	0	0	0	0	0	0	1	0	0	0	1	0	0	0	0	0	1
0	0	0	0	0	0	0	1	1	1	0	0	0	0	1	0	0	0	0	0	1
0	0	0	1	0	0	1	0	1	1	1	0	0	1	1	0	0	0	1	1	1
1	0	0	1	1	0	1	1	0	1	0	0	0	1	1	1	0	0	1	0	1
0	0	0	0	0	0	1	1	1	0	1	0	0	1	0	0	0	0	0	0	1
0	1	1	1	0	1	0	1	0	1	0	0	1	0	1	0	0	0	1	0	1
1	0	0	0	0	0	0	0	0	0	0	0	0	0	1	0	0	0	1	0	1
1	0	0	0	0	0	0	0	0	0	1	0	0	0	1	0	0	0	0	0	0
0	0	0	1	0	0	0	1	1	1	0	0	0	0	1	0	0	1	1	0	1
1	0	0	1	1	1	1	1	1	0	1	1	1	1	0	0	0	0	1	0	1
0	0	0	0	0	0	0	0	1	0	0	0	0	0	0	0	1	0	1	0	0
0	0	0	0	0	0	0	0	0	0	0	0	0	0	0	1	0	0	1	0	1
1	0	0	0	0	0	0	0	0	0	0	0	0	1	0	0	0	0	1	0	0
0	1	0	1	1	0	0	1	1	0	1	1	0	1	1	1	1	1	1	0	1
1	0	0	0	0	0	0	1	0	0	0	0	0	0	0	0	0	0	0	0	0
1	0	0	1	0	1	1	1	1	1	1	1	0	1	1	0	1	0	1	0	0
DIFF_EDGE
0 0
CHROM_NUMBER
9
EOF
