TYPE : graph_{count}
DIMENSION: 16
EDGE_DATA_FORMAT: EDGE_LIST
EDGE_WEIGHT_TYPE: EXPLICIT
EDGE_WEIGHT_FORMAT: FULL_MATRIX
EDGE_DATA_SECTION
0 1
0 2
0 3
0 4
0 6
0 9
0 10
1 4
1 6
1 9
1 13
2 6
3 8
3 10
3 11
3 14
4 5
4 7
4 9
4 10
4 11
5 6
5 8
5 9
5 10
6 7
6 8
6 14
7 9
8 10
10 13
10 15
11 12
-1
EDGE_WEIGHT_SECTION
0	1	1	1	1	0	1	0	0	1	1	0	0	0	0	0
1	0	0	0	1	0	1	0	0	1	0	0	0	1	0	0
1	0	0	0	0	0	1	0	0	0	0	0	0	0	0	0
1	0	0	0	0	0	0	0	1	0	1	1	0	0	1	0
1	1	0	0	0	1	0	1	0	1	1	1	0	0	0	0
0	0	0	0	1	0	1	0	1	1	1	0	0	0	0	0
1	1	1	0	0	1	0	1	1	0	0	0	0	0	1	0
0	0	0	0	1	0	1	0	0	1	0	0	0	0	0	0
0	0	0	1	0	1	1	0	0	0	1	0	0	0	0	0
1	1	0	0	1	1	0	1	0	0	0	0	0	0	0	0
1	0	0	1	1	1	0	0	1	0	0	0	0	1	0	1
0	0	0	1	1	0	0	0	0	0	0	0	1	0	0	0
0	0	0	0	0	0	0	0	0	0	0	1	0	0	0	0
0	1	0	0	0	0	0	0	0	0	1	0	0	0	0	0
0	0	0	1	0	0	1	0	0	0	0	0	0	0	0	0
0	0	0	0	0	0	0	0	0	0	1	0	0	0	0	0
DIFF_EDGE
0 0
CHROM_NUMBER
6
EOF
