TYPE : graph_{count}
DIMENSION: 21
EDGE_DATA_FORMAT: EDGE_LIST
EDGE_WEIGHT_TYPE: EXPLICIT
EDGE_WEIGHT_FORMAT: FULL_MATRIX
EDGE_DATA_SECTION
0 1
0 2
0 4
0 8
0 9
0 15
0 16
0 20
1 3
1 5
1 7
1 8
1 16
2 6
2 7
2 9
2 12
2 16
3 8
3 9
3 10
3 16
3 17
4 5
4 8
4 17
5 7
6 7
6 10
6 11
6 17
6 20
7 10
7 13
7 16
7 17
7 19
8 10
8 16
8 17
9 16
9 17
10 18
11 16
12 14
12 17
14 16
15 16
15 17
16 17
-1
EDGE_WEIGHT_SECTION
0	1	1	0	1	0	0	0	1	1	0	0	0	0	0	1	1	0	0	0	1
1	0	0	1	0	1	0	1	1	0	0	0	0	0	0	0	1	0	0	0	0
1	0	0	0	0	0	1	1	0	1	0	0	1	0	0	0	1	0	0	0	0
0	1	0	0	0	0	0	0	1	1	1	0	0	0	0	0	1	1	0	0	0
1	0	0	0	0	1	0	0	1	0	0	0	0	0	0	0	0	1	0	0	0
0	1	0	0	1	0	0	1	0	0	0	0	0	0	0	0	0	0	0	0	0
0	0	1	0	0	0	0	1	0	0	1	1	0	0	0	0	0	1	0	0	1
0	1	1	0	0	1	1	0	0	0	1	0	0	1	0	0	1	1	0	1	0
1	1	0	1	1	0	0	0	0	0	1	0	0	0	0	0	1	1	0	0	0
1	0	1	1	0	0	0	0	0	0	0	0	0	0	0	0	1	1	0	0	0
0	0	0	1	0	0	1	1	1	0	0	0	0	0	0	0	0	0	1	0	0
0	0	0	0	0	0	1	0	0	0	0	0	0	0	0	0	1	0	0	0	0
0	0	1	0	0	0	0	0	0	0	0	0	0	0	1	0	0	1	0	0	0
0	0	0	0	0	0	0	1	0	0	0	0	0	0	0	0	0	0	0	0	0
0	0	0	0	0	0	0	0	0	0	0	0	1	0	0	0	1	0	0	0	0
1	0	0	0	0	0	0	0	0	0	0	0	0	0	0	0	1	1	0	0	0
1	1	1	1	0	0	0	1	1	1	0	1	0	0	1	1	0	1	0	0	0
0	0	0	1	1	0	1	1	1	1	0	0	1	0	0	1	1	0	0	0	0
0	0	0	0	0	0	0	0	0	0	1	0	0	0	0	0	0	0	0	0	0
0	0	0	0	0	0	0	1	0	0	0	0	0	0	0	0	0	0	0	0	0
1	0	0	0	0	0	1	0	0	0	0	0	0	0	0	0	0	0	0	0	0
DIFF_EDGE
0 0
CHROM_NUMBER
7
EOF
