TYPE : graph_{count}
DIMENSION: 20
EDGE_DATA_FORMAT: EDGE_LIST
EDGE_WEIGHT_TYPE: EXPLICIT
EDGE_WEIGHT_FORMAT: FULL_MATRIX
EDGE_DATA_SECTION
0 2
0 4
0 9
0 12
0 14
1 3
1 4
1 7
1 8
1 9
1 15
2 3
2 6
2 13
3 7
3 13
3 14
4 5
4 6
4 8
4 11
4 13
4 15
5 9
5 10
5 15
6 9
6 10
6 13
6 15
6 19
7 10
7 11
7 13
7 15
8 13
9 16
10 15
11 13
12 13
13 15
13 16
13 17
14 18
15 18
-1
EDGE_WEIGHT_SECTION
0	0	1	0	1	0	0	0	0	1	0	0	1	0	1	0	0	0	0	0
0	0	0	1	1	0	0	1	1	1	0	0	0	0	0	1	0	0	0	0
1	0	0	1	0	0	1	0	0	0	0	0	0	1	0	0	0	0	0	0
0	1	1	0	0	0	0	1	0	0	0	0	0	1	1	0	0	0	0	0
1	1	0	0	0	1	1	0	1	0	0	1	0	1	0	1	0	0	0	0
0	0	0	0	1	0	0	0	0	1	1	0	0	0	0	1	0	0	0	0
0	0	1	0	1	0	0	0	0	1	1	0	0	1	0	1	0	0	0	1
0	1	0	1	0	0	0	0	0	0	1	1	0	1	0	1	0	0	0	0
0	1	0	0	1	0	0	0	0	0	0	0	0	1	0	0	0	0	0	0
1	1	0	0	0	1	1	0	0	0	0	0	0	0	0	0	1	0	0	0
0	0	0	0	0	1	1	1	0	0	0	0	0	0	0	1	0	0	0	0
0	0	0	0	1	0	0	1	0	0	0	0	0	1	0	0	0	0	0	0
1	0	0	0	0	0	0	0	0	0	0	0	0	1	0	0	0	0	0	0
0	0	1	1	1	0	1	1	1	0	0	1	1	0	0	1	1	1	0	0
1	0	0	1	0	0	0	0	0	0	0	0	0	0	0	0	0	0	1	0
0	1	0	0	1	1	1	1	0	0	1	0	0	1	0	0	0	0	1	0
0	0	0	0	0	0	0	0	0	1	0	0	0	1	0	0	0	0	0	0
0	0	0	0	0	0	0	0	0	0	0	0	0	1	0	0	0	0	0	0
0	0	0	0	0	0	0	0	0	0	0	0	0	0	1	1	0	0	0	0
0	0	0	0	0	0	1	0	0	0	0	0	0	0	0	0	0	0	0	0
DIFF_EDGE
0 0
CHROM_NUMBER
7
EOF
