TYPE : graph_{count}
DIMENSION: 15
EDGE_DATA_FORMAT: EDGE_LIST
EDGE_WEIGHT_TYPE: EXPLICIT
EDGE_WEIGHT_FORMAT: FULL_MATRIX
EDGE_DATA_SECTION
0 2
0 3
0 4
0 9
0 10
0 11
1 4
1 6
1 7
1 14
2 4
2 6
2 10
3 6
3 8
3 10
3 13
3 14
4 9
4 10
4 11
4 14
5 6
5 8
5 9
5 12
6 7
6 8
6 9
6 11
6 14
7 8
7 9
7 11
7 14
8 14
9 11
9 13
9 14
10 11
10 12
11 14
12 14
13 14
-1
EDGE_WEIGHT_SECTION
0	0	1	1	1	0	0	0	0	1	1	1	0	0	0
0	0	0	0	1	0	1	1	0	0	0	0	0	0	1
1	0	0	0	1	0	1	0	0	0	1	0	0	0	0
1	0	0	0	0	0	1	0	1	0	1	0	0	1	1
1	1	1	0	0	0	0	0	0	1	1	1	0	0	1
0	0	0	0	0	0	1	0	1	1	0	0	1	0	0
0	1	1	1	0	1	0	1	1	1	0	1	0	0	1
0	1	0	0	0	0	1	0	1	1	0	1	0	0	1
0	0	0	1	0	1	1	1	0	0	0	0	0	0	1
1	0	0	0	1	1	1	1	0	0	0	1	0	1	1
1	0	1	1	1	0	0	0	0	0	0	1	1	0	0
1	0	0	0	1	0	1	1	0	1	1	0	0	0	1
0	0	0	0	0	1	0	0	0	0	1	0	0	0	1
0	0	0	1	0	0	0	0	0	1	0	0	0	0	1
0	1	0	1	1	0	1	1	1	1	0	1	1	1	0
DIFF_EDGE
0 0
CHROM_NUMBER
8
EOF
