TYPE : graph_{count}
DIMENSION: 20
EDGE_DATA_FORMAT: EDGE_LIST
EDGE_WEIGHT_TYPE: EXPLICIT
EDGE_WEIGHT_FORMAT: FULL_MATRIX
EDGE_DATA_SECTION
0 1
0 3
0 4
0 6
0 7
0 9
0 12
0 15
0 17
0 19
1 2
1 5
1 6
1 10
1 15
1 19
2 6
2 9
2 12
2 13
3 4
3 5
3 6
3 12
3 13
3 14
3 15
3 17
4 5
4 6
4 8
4 12
4 17
5 9
5 15
5 16
5 17
5 19
6 7
6 9
6 10
6 12
6 15
6 16
6 17
6 19
8 9
9 10
9 11
9 12
9 15
9 17
9 19
11 14
11 19
12 15
12 17
12 18
12 19
13 17
15 17
15 19
16 19
17 19
-1
EDGE_WEIGHT_SECTION
0	1	0	1	1	0	1	1	0	1	0	0	1	0	0	1	0	1	0	1
1	0	1	0	0	1	1	0	0	0	1	0	0	0	0	1	0	0	0	1
0	1	0	0	0	0	1	0	0	1	0	0	1	1	0	0	0	0	0	0
1	0	0	0	1	1	1	0	0	0	0	0	1	1	1	1	0	1	0	0
1	0	0	1	0	1	1	0	1	0	0	0	1	0	0	0	0	1	0	0
0	1	0	1	1	0	0	0	0	1	0	0	0	0	0	1	1	1	0	1
1	1	1	1	1	0	0	1	0	1	1	0	1	0	0	1	1	1	0	1
1	0	0	0	0	0	1	0	0	0	0	0	0	0	0	0	0	0	0	0
0	0	0	0	1	0	0	0	0	1	0	0	0	0	0	0	0	0	0	0
1	0	1	0	0	1	1	0	1	0	1	1	1	0	0	1	0	1	0	1
0	1	0	0	0	0	1	0	0	1	0	0	0	0	0	0	0	0	0	0
0	0	0	0	0	0	0	0	0	1	0	0	0	0	1	0	0	0	0	1
1	0	1	1	1	0	1	0	0	1	0	0	0	0	0	1	0	1	1	1
0	0	1	1	0	0	0	0	0	0	0	0	0	0	0	0	0	1	0	0
0	0	0	1	0	0	0	0	0	0	0	1	0	0	0	0	0	0	0	0
1	1	0	1	0	1	1	0	0	1	0	0	1	0	0	0	0	1	0	1
0	0	0	0	0	1	1	0	0	0	0	0	0	0	0	0	0	0	0	1
1	0	0	1	1	1	1	0	0	1	0	0	1	1	0	1	0	0	0	1
0	0	0	0	0	0	0	0	0	0	0	0	1	0	0	0	0	0	0	0
1	1	0	0	0	1	1	0	0	1	0	1	1	0	0	1	1	1	0	0
DIFF_EDGE
0 0
CHROM_NUMBER
10
EOF
