TYPE : graph_{count}
DIMENSION: 20
EDGE_DATA_FORMAT: EDGE_LIST
EDGE_WEIGHT_TYPE: EXPLICIT
EDGE_WEIGHT_FORMAT: FULL_MATRIX
EDGE_DATA_SECTION
0 3
0 4
0 17
1 2
1 8
1 9
1 12
2 4
2 6
2 10
2 15
2 17
3 6
3 9
3 11
3 12
3 15
4 6
4 7
4 8
4 9
4 12
4 15
4 17
5 6
5 7
5 8
5 9
5 15
5 17
6 12
6 15
7 8
7 10
7 15
8 9
8 11
8 12
8 15
9 10
9 12
9 14
9 17
10 17
10 18
11 12
11 17
12 13
12 15
12 17
12 18
12 19
13 15
14 15
15 17
16 19
-1
EDGE_WEIGHT_SECTION
0	0	0	1	1	0	0	0	0	0	0	0	0	0	0	0	0	1	0	0
0	0	1	0	0	0	0	0	1	1	0	0	1	0	0	0	0	0	0	0
0	1	0	0	1	0	1	0	0	0	1	0	0	0	0	1	0	1	0	0
1	0	0	0	0	0	1	0	0	1	0	1	1	0	0	1	0	0	0	0
1	0	1	0	0	0	1	1	1	1	0	0	1	0	0	1	0	1	0	0
0	0	0	0	0	0	1	1	1	1	0	0	0	0	0	1	0	1	0	0
0	0	1	1	1	1	0	0	0	0	0	0	1	0	0	1	0	0	0	0
0	0	0	0	1	1	0	0	1	0	1	0	0	0	0	1	0	0	0	0
0	1	0	0	1	1	0	1	0	1	0	1	1	0	0	1	0	0	0	0
0	1	0	1	1	1	0	0	1	0	1	0	1	0	1	0	0	1	0	0
0	0	1	0	0	0	0	1	0	1	0	0	0	0	0	0	0	1	1	0
0	0	0	1	0	0	0	0	1	0	0	0	1	0	0	0	0	1	0	0
0	1	0	1	1	0	1	0	1	1	0	1	0	1	0	1	0	1	1	1
0	0	0	0	0	0	0	0	0	0	0	0	1	0	0	1	0	0	0	0
0	0	0	0	0	0	0	0	0	1	0	0	0	0	0	1	0	0	0	0
0	0	1	1	1	1	1	1	1	0	0	0	1	1	1	1	0	1	0	0
0	0	0	0	0	0	0	0	0	0	0	0	0	0	0	0	0	0	0	1
1	0	1	0	1	1	0	0	0	1	1	1	1	0	0	1	0	0	0	0
0	0	0	0	0	0	0	0	0	0	1	0	1	0	0	0	0	0	0	0
0	0	0	0	0	0	0	0	0	0	0	0	1	0	0	0	1	0	0	0
DIFF_EDGE
0 0
CHROM_NUMBER
9
EOF
