TYPE : graph_{count}
DIMENSION: 18
EDGE_DATA_FORMAT: EDGE_LIST
EDGE_WEIGHT_TYPE: EXPLICIT
EDGE_WEIGHT_FORMAT: FULL_MATRIX
EDGE_DATA_SECTION
0 3
0 4
0 6
0 9
0 13
0 16
1 2
1 6
1 9
1 13
1 16
2 4
2 5
2 6
2 7
2 8
2 9
2 13
2 14
3 4
3 8
3 10
3 13
4 7
4 8
4 10
4 12
4 13
4 16
5 8
5 10
5 13
5 16
6 8
6 9
7 8
7 9
7 10
7 11
7 13
7 16
8 10
8 16
9 10
9 13
10 13
10 14
10 15
10 17
13 16
14 16
15 16
-1
EDGE_WEIGHT_SECTION
0	0	0	1	1	0	1	0	0	1	0	0	0	1	0	0	1	0
0	0	1	0	0	0	1	0	0	1	0	0	0	1	0	0	1	0
0	1	0	0	1	1	1	1	1	1	0	0	0	1	1	0	0	0
1	0	0	0	1	0	0	0	1	0	1	0	0	1	0	0	0	0
1	0	1	1	0	0	0	1	1	0	1	0	1	1	0	0	1	0
0	0	1	0	0	0	0	0	1	0	1	0	0	1	0	0	1	0
1	1	1	0	0	0	0	0	1	1	0	0	0	0	0	0	0	0
0	0	1	0	1	0	0	0	1	1	1	1	0	1	0	0	1	0
0	0	1	1	1	1	1	1	0	0	1	0	0	0	0	0	1	0
1	1	1	0	0	0	1	1	0	0	1	0	0	1	0	0	0	0
0	0	0	1	1	1	0	1	1	1	0	0	0	1	1	1	0	1
0	0	0	0	0	0	0	1	0	0	0	0	0	0	0	0	0	0
0	0	0	0	1	0	0	0	0	0	0	0	0	0	0	0	0	0
1	1	1	1	1	1	0	1	0	1	1	0	0	0	0	0	1	0
0	0	1	0	0	0	0	0	0	0	1	0	0	0	0	0	1	0
0	0	0	0	0	0	0	0	0	0	1	0	0	0	0	0	1	0
1	1	0	0	1	1	0	1	1	0	0	0	0	1	1	1	0	0
0	0	0	0	0	0	0	0	0	0	1	0	0	0	0	0	0	0
DIFF_EDGE
0 0
CHROM_NUMBER
8
EOF
