TYPE : graph_{count}
DIMENSION: 21
EDGE_DATA_FORMAT: EDGE_LIST
EDGE_WEIGHT_TYPE: EXPLICIT
EDGE_WEIGHT_FORMAT: FULL_MATRIX
EDGE_DATA_SECTION
0 2
0 3
0 8
0 9
1 2
1 4
1 6
1 7
1 15
1 16
1 19
2 4
2 6
2 17
2 18
3 4
3 6
3 13
4 6
4 10
4 11
5 7
5 10
5 15
6 7
6 8
6 9
6 10
6 12
6 15
6 20
7 8
7 9
7 10
7 15
8 15
9 10
10 15
10 18
10 19
11 15
12 15
14 15
14 17
-1
EDGE_WEIGHT_SECTION
0	0	1	1	0	0	0	0	1	1	0	0	0	0	0	0	0	0	0	0	0
0	0	1	0	1	0	1	1	0	0	0	0	0	0	0	1	1	0	0	1	0
1	1	0	0	1	0	1	0	0	0	0	0	0	0	0	0	0	1	1	0	0
1	0	0	0	1	0	1	0	0	0	0	0	0	1	0	0	0	0	0	0	0
0	1	1	1	0	0	1	0	0	0	1	1	0	0	0	0	0	0	0	0	0
0	0	0	0	0	0	0	1	0	0	1	0	0	0	0	1	0	0	0	0	0
0	1	1	1	1	0	0	1	1	1	1	0	1	0	0	1	0	0	0	0	1
0	1	0	0	0	1	1	0	1	1	1	0	0	0	0	1	0	0	0	0	0
1	0	0	0	0	0	1	1	0	0	0	0	0	0	0	1	0	0	0	0	0
1	0	0	0	0	0	1	1	0	0	1	0	0	0	0	0	0	0	0	0	0
0	0	0	0	1	1	1	1	0	1	0	0	0	0	0	1	0	0	1	1	0
0	0	0	0	1	0	0	0	0	0	0	0	0	0	0	1	0	0	0	0	0
0	0	0	0	0	0	1	0	0	0	0	0	0	0	0	1	0	0	0	0	0
0	0	0	1	0	0	0	0	0	0	0	0	0	0	0	0	0	0	0	0	0
0	0	0	0	0	0	0	0	0	0	0	0	0	0	0	1	0	1	0	0	0
0	1	0	0	0	1	1	1	1	0	1	1	1	0	1	0	0	0	0	0	0
0	1	0	0	0	0	0	0	0	0	0	0	0	0	0	0	0	0	0	0	0
0	0	1	0	0	0	0	0	0	0	0	0	0	0	1	0	0	0	0	0	0
0	0	1	0	0	0	0	0	0	0	1	0	0	0	0	0	0	0	0	0	0
0	1	0	0	0	0	0	0	0	0	1	0	0	0	0	0	0	0	0	0	0
0	0	0	0	0	0	1	0	0	0	0	0	0	0	0	0	0	0	0	0	0
DIFF_EDGE
0 0
CHROM_NUMBER
7
EOF
