TYPE : graph_{count}
DIMENSION: 17
EDGE_DATA_FORMAT: EDGE_LIST
EDGE_WEIGHT_TYPE: EXPLICIT
EDGE_WEIGHT_FORMAT: FULL_MATRIX
EDGE_DATA_SECTION
0 4
0 5
0 6
0 7
0 8
0 10
0 11
0 14
1 4
1 5
1 7
1 9
2 4
2 9
2 13
2 14
3 7
3 8
3 10
4 8
4 9
4 10
4 14
4 15
5 6
5 10
5 15
7 8
7 9
8 9
8 10
8 14
8 15
9 10
9 12
9 14
9 15
10 13
10 14
10 15
11 14
11 15
12 14
13 15
13 16
14 15
-1
EDGE_WEIGHT_SECTION
0	0	0	0	1	1	1	1	1	0	1	1	0	0	1	0	0
0	0	0	0	1	1	0	1	0	1	0	0	0	0	0	0	0
0	0	0	0	1	0	0	0	0	1	0	0	0	1	1	0	0
0	0	0	0	0	0	0	1	1	0	1	0	0	0	0	0	0
1	1	1	0	0	0	0	0	1	1	1	0	0	0	1	1	0
1	1	0	0	0	0	1	0	0	0	1	0	0	0	0	1	0
1	0	0	0	0	1	0	0	0	0	0	0	0	0	0	0	0
1	1	0	1	0	0	0	0	1	1	0	0	0	0	0	0	0
1	0	0	1	1	0	0	1	0	1	1	0	0	0	1	1	0
0	1	1	0	1	0	0	1	1	0	1	0	1	0	1	1	0
1	0	0	1	1	1	0	0	1	1	0	0	0	1	1	1	0
1	0	0	0	0	0	0	0	0	0	0	0	0	0	1	1	0
0	0	0	0	0	0	0	0	0	1	0	0	0	0	1	0	0
0	0	1	0	0	0	0	0	0	0	1	0	0	0	0	1	1
1	0	1	0	1	0	0	0	1	1	1	1	1	0	0	1	0
0	0	0	0	1	1	0	0	1	1	1	1	0	1	1	1	0
0	0	0	0	0	0	0	0	0	0	0	0	0	1	0	0	0
DIFF_EDGE
0 0
CHROM_NUMBER
7
EOF
