TYPE : graph_{count}
DIMENSION: 18
EDGE_DATA_FORMAT: EDGE_LIST
EDGE_WEIGHT_TYPE: EXPLICIT
EDGE_WEIGHT_FORMAT: FULL_MATRIX
EDGE_DATA_SECTION
0 2
0 3
0 4
0 8
0 9
0 10
0 11
0 13
1 3
1 7
2 3
2 5
2 6
2 8
2 9
2 14
2 16
3 5
3 6
3 10
4 6
4 8
4 10
4 14
5 6
6 7
6 9
6 10
7 9
7 10
8 9
8 17
9 10
10 12
10 16
12 15
-1
EDGE_WEIGHT_SECTION
0	0	1	1	1	0	0	0	1	1	1	1	0	1	0	0	0	0
0	0	0	1	0	0	0	1	0	0	0	0	0	0	0	0	0	0
1	0	0	1	0	1	1	0	1	1	0	0	0	0	1	0	1	0
1	1	1	0	0	1	1	0	0	0	1	0	0	0	0	0	0	0
1	0	0	0	0	0	1	0	1	0	1	0	0	0	1	0	0	0
0	0	1	1	0	0	1	0	0	0	0	0	0	0	0	0	0	0
0	0	1	1	1	1	0	1	0	1	1	0	0	0	0	0	0	0
0	1	0	0	0	0	1	0	0	1	1	0	0	0	0	0	0	0
1	0	1	0	1	0	0	0	0	1	0	0	0	0	0	0	0	1
1	0	1	0	0	0	1	1	1	0	1	0	0	0	0	0	0	0
1	0	0	1	1	0	1	1	0	1	0	0	1	0	0	0	1	0
1	0	0	0	0	0	0	0	0	0	0	0	0	0	0	0	0	0
0	0	0	0	0	0	0	0	0	0	1	0	0	0	0	1	0	0
1	0	0	0	0	0	0	0	0	0	0	0	0	0	0	0	0	0
0	0	1	0	1	0	0	0	0	0	0	0	0	0	0	0	0	0
0	0	0	0	0	0	0	0	0	0	0	0	1	0	0	0	0	0
0	0	1	0	0	0	0	0	0	0	1	0	0	0	0	0	0	0
0	0	0	0	0	0	0	0	1	0	0	0	0	0	0	0	0	0
DIFF_EDGE
0 0
CHROM_NUMBER
6
EOF
