TYPE : graph_{count}
DIMENSION: 18
EDGE_DATA_FORMAT: EDGE_LIST
EDGE_WEIGHT_TYPE: EXPLICIT
EDGE_WEIGHT_FORMAT: FULL_MATRIX
EDGE_DATA_SECTION
0 1
0 2
0 3
0 6
0 9
0 10
0 13
1 2
1 4
1 8
1 9
1 17
2 3
2 7
2 10
2 14
2 15
2 16
2 17
3 4
3 5
3 6
3 7
3 9
3 10
3 14
3 15
3 16
3 17
4 6
4 8
4 9
4 10
4 11
4 14
4 16
4 17
5 10
5 15
6 7
6 9
6 15
6 16
6 17
7 8
7 10
7 13
7 14
7 15
7 16
7 17
8 10
8 16
8 17
9 16
10 14
10 15
10 16
10 17
11 12
11 15
11 16
12 14
13 14
13 15
13 16
13 17
14 15
14 16
14 17
15 16
15 17
16 17
-1
EDGE_WEIGHT_SECTION
0	1	1	1	0	0	1	0	0	1	1	0	0	1	0	0	0	0
1	0	1	0	1	0	0	0	1	1	0	0	0	0	0	0	0	1
1	1	0	1	0	0	0	1	0	0	1	0	0	0	1	1	1	1
1	0	1	0	1	1	1	1	0	1	1	0	0	0	1	1	1	1
0	1	0	1	0	0	1	0	1	1	1	1	0	0	1	0	1	1
0	0	0	1	0	0	0	0	0	0	1	0	0	0	0	1	0	0
1	0	0	1	1	0	0	1	0	1	0	0	0	0	0	1	1	1
0	0	1	1	0	0	1	0	1	0	1	0	0	1	1	1	1	1
0	1	0	0	1	0	0	1	0	0	1	0	0	0	0	0	1	1
1	1	0	1	1	0	1	0	0	0	0	0	0	0	0	0	1	0
1	0	1	1	1	1	0	1	1	0	0	0	0	0	1	1	1	1
0	0	0	0	1	0	0	0	0	0	0	0	1	0	0	1	1	0
0	0	0	0	0	0	0	0	0	0	0	1	0	0	1	0	0	0
1	0	0	0	0	0	0	1	0	0	0	0	0	0	1	1	1	1
0	0	1	1	1	0	0	1	0	0	1	0	1	1	0	1	1	1
0	0	1	1	0	1	1	1	0	0	1	1	0	1	1	0	1	1
0	0	1	1	1	0	1	1	1	1	1	1	0	1	1	1	0	1
0	1	1	1	1	0	1	1	1	0	1	0	0	1	1	1	1	0
DIFF_EDGE
0 0
CHROM_NUMBER
10
EOF
