TYPE : graph_{count}
DIMENSION: 21
EDGE_DATA_FORMAT: EDGE_LIST
EDGE_WEIGHT_TYPE: EXPLICIT
EDGE_WEIGHT_FORMAT: FULL_MATRIX
EDGE_DATA_SECTION
0 2
0 3
0 4
0 5
0 6
0 8
0 9
0 11
0 12
0 16
0 17
0 20
1 6
1 7
1 8
1 15
1 17
1 19
1 20
2 6
2 10
2 12
2 13
2 14
3 4
3 6
3 7
3 8
3 10
3 12
3 15
3 16
3 17
4 6
4 9
5 6
5 7
5 10
5 15
5 16
6 9
6 12
6 16
7 8
7 12
7 17
8 9
8 10
8 12
8 15
8 16
8 17
9 16
9 19
10 16
10 17
11 15
11 16
11 17
12 15
12 16
12 17
13 15
14 16
14 17
15 17
15 18
16 17
16 18
-1
EDGE_WEIGHT_SECTION
0	0	1	1	1	1	1	0	1	1	0	1	1	0	0	0	1	1	0	0	1
0	0	0	0	0	0	1	1	1	0	0	0	0	0	0	1	0	1	0	1	1
1	0	0	0	0	0	1	0	0	0	1	0	1	1	1	0	0	0	0	0	0
1	0	0	0	1	0	1	1	1	0	1	0	1	0	0	1	1	1	0	0	0
1	0	0	1	0	0	1	0	0	1	0	0	0	0	0	0	0	0	0	0	0
1	0	0	0	0	0	1	1	0	0	1	0	0	0	0	1	1	0	0	0	0
1	1	1	1	1	1	0	0	0	1	0	0	1	0	0	0	1	0	0	0	0
0	1	0	1	0	1	0	0	1	0	0	0	1	0	0	0	0	1	0	0	0
1	1	0	1	0	0	0	1	0	1	1	0	1	0	0	1	1	1	0	0	0
1	0	0	0	1	0	1	0	1	0	0	0	0	0	0	0	1	0	0	1	0
0	0	1	1	0	1	0	0	1	0	0	0	0	0	0	0	1	1	0	0	0
1	0	0	0	0	0	0	0	0	0	0	0	0	0	0	1	1	1	0	0	0
1	0	1	1	0	0	1	1	1	0	0	0	0	0	0	1	1	1	0	0	0
0	0	1	0	0	0	0	0	0	0	0	0	0	0	0	1	0	0	0	0	0
0	0	1	0	0	0	0	0	0	0	0	0	0	0	0	0	1	1	0	0	0
0	1	0	1	0	1	0	0	1	0	0	1	1	1	0	0	0	1	1	0	0
1	0	0	1	0	1	1	0	1	1	1	1	1	0	1	0	0	1	1	0	0
1	1	0	1	0	0	0	1	1	0	1	1	1	0	1	1	1	1	0	0	0
0	0	0	0	0	0	0	0	0	0	0	0	0	0	0	1	1	0	0	0	0
0	1	0	0	0	0	0	0	0	1	0	0	0	0	0	0	0	0	0	0	0
1	1	0	0	0	0	0	0	0	0	0	0	0	0	0	0	0	0	0	0	0
DIFF_EDGE
0 0
CHROM_NUMBER
10
EOF
