TYPE : graph_{count}
DIMENSION: 19
EDGE_DATA_FORMAT: EDGE_LIST
EDGE_WEIGHT_TYPE: EXPLICIT
EDGE_WEIGHT_FORMAT: FULL_MATRIX
EDGE_DATA_SECTION
0 1
0 2
0 3
0 4
0 6
0 13
1 5
1 8
1 12
1 13
1 14
2 4
2 5
2 6
2 8
2 9
2 13
2 14
2 15
2 16
3 4
3 7
3 8
3 9
3 10
3 13
3 14
3 15
4 5
4 6
4 7
4 8
4 9
4 10
4 12
4 14
4 15
5 9
5 15
7 10
7 13
8 9
8 11
8 13
9 10
9 13
9 14
9 15
9 18
10 13
11 14
11 15
12 13
13 14
13 15
13 17
14 15
-1
EDGE_WEIGHT_SECTION
0	1	1	1	1	0	1	0	0	0	0	0	0	1	0	0	0	0	0
1	0	0	0	0	1	0	0	1	0	0	0	1	1	1	0	0	0	0
1	0	0	0	1	1	1	0	1	1	0	0	0	1	1	1	1	0	0
1	0	0	0	1	0	0	1	1	1	1	0	0	1	1	1	0	0	0
1	0	1	1	0	1	1	1	1	1	1	0	1	0	1	1	0	0	0
0	1	1	0	1	0	0	0	0	1	0	0	0	0	0	1	0	0	0
1	0	1	0	1	0	0	0	0	0	0	0	0	0	0	0	0	0	0
0	0	0	1	1	0	0	0	0	0	1	0	0	1	0	0	0	0	0
0	1	1	1	1	0	0	0	0	1	0	1	0	1	0	0	0	0	0
0	0	1	1	1	1	0	0	1	0	1	0	0	1	1	1	0	0	1
0	0	0	1	1	0	0	1	0	1	0	0	0	1	0	0	0	0	0
0	0	0	0	0	0	0	0	1	0	0	0	0	0	1	1	0	0	0
0	1	0	0	1	0	0	0	0	0	0	0	0	1	0	0	0	0	0
1	1	1	1	0	0	0	1	1	1	1	0	1	0	1	1	0	1	0
0	1	1	1	1	0	0	0	0	1	0	1	0	1	0	1	0	0	0
0	0	1	1	1	1	0	0	0	1	0	1	0	1	1	0	0	0	0
0	0	1	0	0	0	0	0	0	0	0	0	0	0	0	0	0	0	0
0	0	0	0	0	0	0	0	0	0	0	0	0	1	0	0	0	0	0
0	0	0	0	0	0	0	0	0	1	0	0	0	0	0	0	0	0	0
DIFF_EDGE
0 0
CHROM_NUMBER
9
EOF
