TYPE : graph_{count}
DIMENSION: 19
EDGE_DATA_FORMAT: EDGE_LIST
EDGE_WEIGHT_TYPE: EXPLICIT
EDGE_WEIGHT_FORMAT: FULL_MATRIX
EDGE_DATA_SECTION
0 4
0 5
0 10
0 11
1 3
1 4
1 5
1 7
1 9
1 11
1 15
2 5
2 8
2 9
2 10
2 14
3 5
3 7
3 8
3 11
3 14
3 15
4 8
4 11
5 6
5 9
5 10
5 11
5 13
5 15
6 7
6 8
6 9
6 10
6 11
6 12
7 10
7 11
7 14
7 15
8 9
8 10
8 11
8 15
8 18
9 10
9 11
9 14
9 15
9 17
10 11
10 14
10 15
11 14
11 15
12 15
12 16
13 14
14 15
14 16
-1
EDGE_WEIGHT_SECTION
0	0	0	0	1	1	0	0	0	0	1	1	0	0	0	0	0	0	0
0	0	0	1	1	1	0	1	0	1	0	1	0	0	0	1	0	0	0
0	0	0	0	0	1	0	0	1	1	1	0	0	0	1	0	0	0	0
0	1	0	0	0	1	0	1	1	0	0	1	0	0	1	1	0	0	0
1	1	0	0	0	0	0	0	1	0	0	1	0	0	0	0	0	0	0
1	1	1	1	0	0	1	0	0	1	1	1	0	1	0	1	0	0	0
0	0	0	0	0	1	0	1	1	1	1	1	1	0	0	0	0	0	0
0	1	0	1	0	0	1	0	0	0	1	1	0	0	1	1	0	0	0
0	0	1	1	1	0	1	0	0	1	1	1	0	0	0	1	0	0	1
0	1	1	0	0	1	1	0	1	0	1	1	0	0	1	1	0	1	0
1	0	1	0	0	1	1	1	1	1	0	1	0	0	1	1	0	0	0
1	1	0	1	1	1	1	1	1	1	1	0	0	0	1	1	0	0	0
0	0	0	0	0	0	1	0	0	0	0	0	0	0	0	1	1	0	0
0	0	0	0	0	1	0	0	0	0	0	0	0	0	1	0	0	0	0
0	0	1	1	0	0	0	1	0	1	1	1	0	1	0	1	1	0	0
0	1	0	1	0	1	0	1	1	1	1	1	1	0	1	0	0	0	0
0	0	0	0	0	0	0	0	0	0	0	0	1	0	1	0	0	0	0
0	0	0	0	0	0	0	0	0	1	0	0	0	0	0	0	0	0	0
0	0	0	0	0	0	0	0	1	0	0	0	0	0	0	0	0	0	0
DIFF_EDGE
0 0
CHROM_NUMBER
9
EOF
