TYPE : graph_{count}
DIMENSION: 18
EDGE_DATA_FORMAT: EDGE_LIST
EDGE_WEIGHT_TYPE: EXPLICIT
EDGE_WEIGHT_FORMAT: FULL_MATRIX
EDGE_DATA_SECTION
0 1
0 7
0 8
0 11
1 5
1 6
1 7
1 9
1 10
1 12
1 14
2 8
2 9
2 10
2 12
3 4
3 5
3 6
3 7
4 5
4 7
4 9
5 7
5 9
6 9
6 11
6 13
6 15
6 16
7 8
7 14
7 16
7 17
8 9
8 10
8 14
8 15
11 14
13 14
-1
EDGE_WEIGHT_SECTION
0	1	0	0	0	0	0	1	1	0	0	1	0	0	0	0	0	0
1	0	0	0	0	1	1	1	0	1	1	0	1	0	1	0	0	0
0	0	0	0	0	0	0	0	1	1	1	0	1	0	0	0	0	0
0	0	0	0	1	1	1	1	0	0	0	0	0	0	0	0	0	0
0	0	0	1	0	1	0	1	0	1	0	0	0	0	0	0	0	0
0	1	0	1	1	0	0	1	0	1	0	0	0	0	0	0	0	0
0	1	0	1	0	0	0	0	0	1	0	1	0	1	0	1	1	0
1	1	0	1	1	1	0	0	1	0	0	0	0	0	1	0	1	1
1	0	1	0	0	0	0	1	0	1	1	0	0	0	1	1	0	0
0	1	1	0	1	1	1	0	1	0	0	0	0	0	0	0	0	0
0	1	1	0	0	0	0	0	1	0	0	0	0	0	0	0	0	0
1	0	0	0	0	0	1	0	0	0	0	0	0	0	1	0	0	0
0	1	1	0	0	0	0	0	0	0	0	0	0	0	0	0	0	0
0	0	0	0	0	0	1	0	0	0	0	0	0	0	1	0	0	0
0	1	0	0	0	0	0	1	1	0	0	1	0	1	1	0	0	0
0	0	0	0	0	0	1	0	1	0	0	0	0	0	0	0	0	0
0	0	0	0	0	0	1	1	0	0	0	0	0	0	0	0	0	0
0	0	0	0	0	0	0	1	0	0	0	0	0	0	0	0	0	0
DIFF_EDGE
0 0
CHROM_NUMBER
6
EOF
