TYPE : graph_{count}
DIMENSION: 18
EDGE_DATA_FORMAT: EDGE_LIST
EDGE_WEIGHT_TYPE: EXPLICIT
EDGE_WEIGHT_FORMAT: FULL_MATRIX
EDGE_DATA_SECTION
0 4
0 5
0 6
0 8
0 10
0 12
0 17
1 4
1 5
1 6
1 8
1 10
2 4
2 6
2 8
3 15
4 5
4 14
4 17
5 6
5 17
6 9
6 11
6 17
7 8
8 11
8 16
8 17
9 15
9 17
10 14
10 17
11 13
12 17
14 17
-1
EDGE_WEIGHT_SECTION
0	0	0	0	1	1	1	0	1	0	1	0	1	0	0	0	0	1
0	0	0	0	1	1	1	0	1	0	1	0	0	0	0	0	0	0
0	0	0	0	1	0	1	0	1	0	0	0	0	0	0	0	0	0
0	0	0	0	0	0	0	0	0	0	0	0	0	0	0	1	0	0
1	1	1	0	0	1	0	0	0	0	0	0	0	0	1	0	0	1
1	1	0	0	1	0	1	0	0	0	0	0	0	0	0	0	0	1
1	1	1	0	0	1	0	0	0	1	0	1	0	0	0	0	0	1
0	0	0	0	0	0	0	0	1	0	0	0	0	0	0	0	0	0
1	1	1	0	0	0	0	1	0	0	0	1	0	0	0	0	1	1
0	0	0	0	0	0	1	0	0	0	0	0	0	0	0	1	0	1
1	1	0	0	0	0	0	0	0	0	0	0	0	0	1	0	0	1
0	0	0	0	0	0	1	0	1	0	0	0	0	1	0	0	0	0
1	0	0	0	0	0	0	0	0	0	0	0	0	0	0	0	0	1
0	0	0	0	0	0	0	0	0	0	0	1	0	0	0	0	0	0
0	0	0	0	1	0	0	0	0	0	1	0	0	0	0	0	0	1
0	0	0	1	0	0	0	0	0	1	0	0	0	0	0	0	0	0
0	0	0	0	0	0	0	0	1	0	0	0	0	0	0	0	0	0
1	0	0	0	1	1	1	0	1	1	1	0	1	0	1	0	0	0
DIFF_EDGE
0 0
CHROM_NUMBER
6
EOF
