TYPE : graph_{count}
DIMENSION: 20
EDGE_DATA_FORMAT: EDGE_LIST
EDGE_WEIGHT_TYPE: EXPLICIT
EDGE_WEIGHT_FORMAT: FULL_MATRIX
EDGE_DATA_SECTION
0 1
0 2
0 3
0 5
0 6
0 9
0 10
0 12
0 14
0 16
0 17
0 18
0 19
1 4
1 5
1 6
1 7
1 12
1 14
2 3
2 6
2 9
2 12
2 14
3 4
3 8
3 17
3 19
4 5
4 10
4 12
5 8
5 13
5 19
6 7
6 8
6 10
6 12
6 14
6 15
6 18
6 19
7 8
7 9
7 10
7 14
7 16
7 17
7 18
7 19
8 10
8 12
8 14
8 16
8 18
9 10
9 11
9 13
9 16
9 19
10 12
10 14
10 16
10 17
10 18
10 19
11 12
11 17
11 18
12 14
12 16
12 17
12 18
12 19
14 16
14 17
14 18
14 19
15 16
15 17
16 17
16 18
16 19
17 18
17 19
18 19
-1
EDGE_WEIGHT_SECTION
0	1	1	1	0	1	1	0	0	1	1	0	1	0	1	0	1	1	1	1
1	0	0	0	1	1	1	1	0	0	0	0	1	0	1	0	0	0	0	0
1	0	0	1	0	0	1	0	0	1	0	0	1	0	1	0	0	0	0	0
1	0	1	0	1	0	0	0	1	0	0	0	0	0	0	0	0	1	0	1
0	1	0	1	0	1	0	0	0	0	1	0	1	0	0	0	0	0	0	0
1	1	0	0	1	0	0	0	1	0	0	0	0	1	0	0	0	0	0	1
1	1	1	0	0	0	0	1	1	0	1	0	1	0	1	1	0	0	1	1
0	1	0	0	0	0	1	0	1	1	1	0	0	0	1	0	1	1	1	1
0	0	0	1	0	1	1	1	0	0	1	0	1	0	1	0	1	0	1	0
1	0	1	0	0	0	0	1	0	0	1	1	0	1	0	0	1	0	0	1
1	0	0	0	1	0	1	1	1	1	0	0	1	0	1	0	1	1	1	1
0	0	0	0	0	0	0	0	0	1	0	0	1	0	0	0	0	1	1	0
1	1	1	0	1	0	1	0	1	0	1	1	0	0	1	0	1	1	1	1
0	0	0	0	0	1	0	0	0	1	0	0	0	0	0	0	0	0	0	0
1	1	1	0	0	0	1	1	1	0	1	0	1	0	0	0	1	1	1	1
0	0	0	0	0	0	1	0	0	0	0	0	0	0	0	0	1	1	0	0
1	0	0	0	0	0	0	1	1	1	1	0	1	0	1	1	0	1	1	1
1	0	0	1	0	0	0	1	0	0	1	1	1	0	1	1	1	0	1	1
1	0	0	0	0	0	1	1	1	0	1	1	1	0	1	0	1	1	0	1
1	0	0	1	0	1	1	1	0	1	1	0	1	0	1	0	1	1	1	0
DIFF_EDGE
0 0
CHROM_NUMBER
12
EOF
