TYPE : graph_{count}
DIMENSION: 15
EDGE_DATA_FORMAT: EDGE_LIST
EDGE_WEIGHT_TYPE: EXPLICIT
EDGE_WEIGHT_FORMAT: FULL_MATRIX
EDGE_DATA_SECTION
0 1
0 3
0 4
0 5
0 6
0 8
0 9
0 10
0 12
0 13
0 14
1 3
1 4
1 6
1 7
1 8
1 9
1 12
1 13
1 14
2 3
2 7
2 10
2 11
2 12
2 13
2 14
3 8
3 10
3 12
3 13
3 14
4 6
4 11
4 14
5 7
5 9
5 12
5 13
6 9
6 10
6 12
7 8
7 10
7 13
8 12
8 13
8 14
9 10
9 14
10 13
10 14
11 13
12 13
12 14
13 14
-1
EDGE_WEIGHT_SECTION
0	1	0	1	1	1	1	0	1	1	1	0	1	1	1
1	0	0	1	1	0	1	1	1	1	0	0	1	1	1
0	0	0	1	0	0	0	1	0	0	1	1	1	1	1
1	1	1	0	0	0	0	0	1	0	1	0	1	1	1
1	1	0	0	0	0	1	0	0	0	0	1	0	0	1
1	0	0	0	0	0	0	1	0	1	0	0	1	1	0
1	1	0	0	1	0	0	0	0	1	1	0	1	0	0
0	1	1	0	0	1	0	0	1	0	1	0	0	1	0
1	1	0	1	0	0	0	1	0	0	0	0	1	1	1
1	1	0	0	0	1	1	0	0	0	1	0	0	0	1
1	0	1	1	0	0	1	1	0	1	0	0	0	1	1
0	0	1	0	1	0	0	0	0	0	0	0	0	1	0
1	1	1	1	0	1	1	0	1	0	0	0	1	1	1
1	1	1	1	0	1	0	1	1	0	1	1	1	0	1
1	1	1	1	1	0	0	0	1	1	1	0	1	1	0
DIFF_EDGE
0 0
CHROM_NUMBER
9
EOF
