TYPE : graph_{count}
DIMENSION: 18
EDGE_DATA_FORMAT: EDGE_LIST
EDGE_WEIGHT_TYPE: EXPLICIT
EDGE_WEIGHT_FORMAT: FULL_MATRIX
EDGE_DATA_SECTION
0 1
0 2
0 4
0 6
0 7
0 8
0 11
0 13
1 4
1 6
1 7
1 8
1 10
1 12
2 3
2 5
2 7
2 8
2 9
2 10
3 9
3 10
4 6
4 7
4 10
4 14
5 6
7 12
7 16
7 17
8 9
8 12
9 10
10 12
11 15
12 13
12 14
-1
EDGE_WEIGHT_SECTION
0	1	1	0	1	0	1	1	1	0	0	1	0	1	0	0	0	0
1	0	0	0	1	0	1	1	1	0	1	0	1	0	0	0	0	0
1	0	0	1	0	1	0	1	1	1	1	0	0	0	0	0	0	0
0	0	1	0	0	0	0	0	0	1	1	0	0	0	0	0	0	0
1	1	0	0	0	0	1	1	0	0	1	0	0	0	1	0	0	0
0	0	1	0	0	0	1	0	0	0	0	0	0	0	0	0	0	0
1	1	0	0	1	1	0	0	0	0	0	0	0	0	0	0	0	0
1	1	1	0	1	0	0	0	0	0	0	0	1	0	0	0	1	1
1	1	1	0	0	0	0	0	0	1	0	0	1	0	0	0	0	0
0	0	1	1	0	0	0	0	1	0	1	0	0	0	0	0	0	0
0	1	1	1	1	0	0	0	0	1	0	0	1	0	0	0	0	0
1	0	0	0	0	0	0	0	0	0	0	0	0	0	0	1	0	0
0	1	0	0	0	0	0	1	1	0	1	0	0	1	1	0	0	0
1	0	0	0	0	0	0	0	0	0	0	0	1	0	0	0	0	0
0	0	0	0	1	0	0	0	0	0	0	0	1	0	0	0	0	0
0	0	0	0	0	0	0	0	0	0	0	1	0	0	0	0	0	0
0	0	0	0	0	0	0	1	0	0	0	0	0	0	0	0	0	0
0	0	0	0	0	0	0	1	0	0	0	0	0	0	0	0	0	0
DIFF_EDGE
0 0
CHROM_NUMBER
6
EOF
