TYPE : graph_{count}
DIMENSION: 17
EDGE_DATA_FORMAT: EDGE_LIST
EDGE_WEIGHT_TYPE: EXPLICIT
EDGE_WEIGHT_FORMAT: FULL_MATRIX
EDGE_DATA_SECTION
0 9
0 13
0 14
0 15
0 16
1 3
1 5
1 6
1 7
1 8
1 16
2 3
2 4
2 5
2 7
3 4
3 10
3 16
4 5
4 7
4 8
4 11
4 16
5 6
5 7
5 10
5 16
6 11
6 12
6 13
7 15
7 16
8 9
9 10
9 16
10 14
11 16
12 16
14 16
15 16
-1
EDGE_WEIGHT_SECTION
0	0	0	0	0	0	0	0	0	1	0	0	0	1	1	1	1
0	0	0	1	0	1	1	1	1	0	0	0	0	0	0	0	1
0	0	0	1	1	1	0	1	0	0	0	0	0	0	0	0	0
0	1	1	0	1	0	0	0	0	0	1	0	0	0	0	0	1
0	0	1	1	0	1	0	1	1	0	0	1	0	0	0	0	1
0	1	1	0	1	0	1	1	0	0	1	0	0	0	0	0	1
0	1	0	0	0	1	0	0	0	0	0	1	1	1	0	0	0
0	1	1	0	1	1	0	0	0	0	0	0	0	0	0	1	1
0	1	0	0	1	0	0	0	0	1	0	0	0	0	0	0	0
1	0	0	0	0	0	0	0	1	0	1	0	0	0	0	0	1
0	0	0	1	0	1	0	0	0	1	0	0	0	0	1	0	0
0	0	0	0	1	0	1	0	0	0	0	0	0	0	0	0	1
0	0	0	0	0	0	1	0	0	0	0	0	0	0	0	0	1
1	0	0	0	0	0	1	0	0	0	0	0	0	0	0	0	0
1	0	0	0	0	0	0	0	0	0	1	0	0	0	0	0	1
1	0	0	0	0	0	0	1	0	0	0	0	0	0	0	0	1
1	1	0	1	1	1	0	1	0	1	0	1	1	0	1	1	0
DIFF_EDGE
0 0
CHROM_NUMBER
7
EOF
