TYPE : graph_{count}
DIMENSION: 18
EDGE_DATA_FORMAT: EDGE_LIST
EDGE_WEIGHT_TYPE: EXPLICIT
EDGE_WEIGHT_FORMAT: FULL_MATRIX
EDGE_DATA_SECTION
0 5
0 7
0 8
0 9
0 10
0 12
0 13
0 14
0 15
1 3
1 4
1 5
1 6
1 9
2 3
2 4
2 8
2 14
3 6
3 9
4 5
4 7
4 8
4 10
4 13
4 14
5 6
5 9
5 13
5 17
6 12
7 8
7 9
7 10
7 13
7 14
7 17
8 14
9 10
9 11
9 13
9 14
9 17
10 13
10 14
10 17
11 13
12 17
13 14
13 16
13 17
14 17
-1
EDGE_WEIGHT_SECTION
0	0	0	0	0	1	0	1	1	1	1	0	1	1	1	1	0	0
0	0	0	1	1	1	1	0	0	1	0	0	0	0	0	0	0	0
0	0	0	1	1	0	0	0	1	0	0	0	0	0	1	0	0	0
0	1	1	0	0	0	1	0	0	1	0	0	0	0	0	0	0	0
0	1	1	0	0	1	0	1	1	0	1	0	0	1	1	0	0	0
1	1	0	0	1	0	1	0	0	1	0	0	0	1	0	0	0	1
0	1	0	1	0	1	0	0	0	0	0	0	1	0	0	0	0	0
1	0	0	0	1	0	0	0	1	1	1	0	0	1	1	0	0	1
1	0	1	0	1	0	0	1	0	0	0	0	0	0	1	0	0	0
1	1	0	1	0	1	0	1	0	0	1	1	0	1	1	0	0	1
1	0	0	0	1	0	0	1	0	1	0	0	0	1	1	0	0	1
0	0	0	0	0	0	0	0	0	1	0	0	0	1	0	0	0	0
1	0	0	0	0	0	1	0	0	0	0	0	0	0	0	0	0	1
1	0	0	0	1	1	0	1	0	1	1	1	0	1	1	0	1	1
1	0	1	0	1	0	0	1	1	1	1	0	0	1	0	0	0	1
1	0	0	0	0	0	0	0	0	0	0	0	0	0	0	0	0	0
0	0	0	0	0	0	0	0	0	0	0	0	0	1	0	0	0	0
0	0	0	0	0	1	0	1	0	1	1	0	1	1	1	0	0	0
DIFF_EDGE
0 0
CHROM_NUMBER
8
EOF
