TYPE : graph_{count}
DIMENSION: 19
EDGE_DATA_FORMAT: EDGE_LIST
EDGE_WEIGHT_TYPE: EXPLICIT
EDGE_WEIGHT_FORMAT: FULL_MATRIX
EDGE_DATA_SECTION
0 1
0 4
0 5
0 6
0 7
0 9
1 2
1 3
1 5
1 6
1 10
1 13
1 18
2 5
2 15
2 16
2 18
3 4
3 5
3 7
3 8
3 10
3 17
3 18
4 5
4 9
4 12
4 14
4 18
5 7
5 18
6 9
6 11
7 10
7 18
8 10
8 11
8 14
8 15
9 13
10 18
11 18
12 16
13 18
17 18
-1
EDGE_WEIGHT_SECTION
0	1	0	0	1	1	1	1	0	1	0	0	0	0	0	0	0	0	0
1	0	1	1	0	1	1	0	0	0	1	0	0	1	0	0	0	0	1
0	1	0	0	0	1	0	0	0	0	0	0	0	0	0	1	1	0	1
0	1	0	0	1	1	0	1	1	0	1	0	0	0	0	0	0	1	1
1	0	0	1	0	1	0	0	0	1	0	0	1	0	1	0	0	0	1
1	1	1	1	1	0	0	1	0	0	0	0	0	0	0	0	0	0	1
1	1	0	0	0	0	0	0	0	1	0	1	0	0	0	0	0	0	0
1	0	0	1	0	1	0	0	0	0	1	0	0	0	0	0	0	0	1
0	0	0	1	0	0	0	0	0	0	1	1	0	0	1	1	0	0	0
1	0	0	0	1	0	1	0	0	0	0	0	0	1	0	0	0	0	0
0	1	0	1	0	0	0	1	1	0	0	0	0	0	0	0	0	0	1
0	0	0	0	0	0	1	0	1	0	0	0	0	0	0	0	0	0	1
0	0	0	0	1	0	0	0	0	0	0	0	0	0	0	0	1	0	0
0	1	0	0	0	0	0	0	0	1	0	0	0	0	0	0	0	0	1
0	0	0	0	1	0	0	0	1	0	0	0	0	0	0	0	0	0	0
0	0	1	0	0	0	0	0	1	0	0	0	0	0	0	0	0	0	0
0	0	1	0	0	0	0	0	0	0	0	0	1	0	0	0	0	0	0
0	0	0	1	0	0	0	0	0	0	0	0	0	0	0	0	0	0	1
0	1	1	1	1	1	0	1	0	0	1	1	0	1	0	0	0	1	1
DIFF_EDGE
0 0
CHROM_NUMBER
7
EOF
