TYPE : graph_{count}
DIMENSION: 18
EDGE_DATA_FORMAT: EDGE_LIST
EDGE_WEIGHT_TYPE: EXPLICIT
EDGE_WEIGHT_FORMAT: FULL_MATRIX
EDGE_DATA_SECTION
0 1
0 2
0 3
0 5
0 7
0 8
0 9
0 10
0 13
0 14
0 15
0 16
0 17
1 2
1 6
1 7
1 9
1 16
2 3
2 4
2 5
2 6
2 7
2 8
2 13
2 14
2 16
2 17
3 4
3 8
3 10
3 14
3 16
3 17
4 5
4 7
4 8
4 9
4 10
4 13
4 14
5 6
5 10
5 12
5 14
5 16
5 17
6 8
6 17
7 8
7 9
7 10
7 13
7 14
7 16
7 17
8 13
8 14
8 16
8 17
9 11
9 13
9 14
9 17
10 13
10 14
11 13
11 16
12 13
12 17
13 14
13 16
13 17
14 16
14 17
15 17
16 17
-1
EDGE_WEIGHT_SECTION
0	1	1	1	0	1	0	1	1	1	1	0	0	1	1	1	1	1
1	0	1	0	0	0	1	1	0	1	0	0	0	0	0	0	1	0
1	1	0	1	1	1	1	1	1	0	0	0	0	1	1	0	1	1
1	0	1	0	1	0	0	0	1	0	1	0	0	0	1	0	1	1
0	0	1	1	0	1	0	1	1	1	1	0	0	1	1	0	0	0
1	0	1	0	1	0	1	0	0	0	1	0	1	0	1	0	1	1
0	1	1	0	0	1	0	0	1	0	0	0	0	0	0	0	0	1
1	1	1	0	1	0	0	0	1	1	1	0	0	1	1	0	1	1
1	0	1	1	1	0	1	1	0	0	0	0	0	1	1	0	1	1
1	1	0	0	1	0	0	1	0	0	0	1	0	1	1	0	0	1
1	0	0	1	1	1	0	1	0	0	0	0	0	1	1	0	0	0
0	0	0	0	0	0	0	0	0	1	0	0	0	1	0	0	1	0
0	0	0	0	0	1	0	0	0	0	0	0	0	1	0	0	0	1
1	0	1	0	1	0	0	1	1	1	1	1	1	0	1	0	1	1
1	0	1	1	1	1	0	1	1	1	1	0	0	1	0	0	1	1
1	0	0	0	0	0	0	0	0	0	0	0	0	0	0	0	0	1
1	1	1	1	0	1	0	1	1	0	0	1	0	1	1	0	1	1
1	0	1	1	0	1	1	1	1	1	0	0	1	1	1	1	1	0
DIFF_EDGE
0 0
CHROM_NUMBER
11
EOF
