TYPE : graph_{count}
DIMENSION: 18
EDGE_DATA_FORMAT: EDGE_LIST
EDGE_WEIGHT_TYPE: EXPLICIT
EDGE_WEIGHT_FORMAT: FULL_MATRIX
EDGE_DATA_SECTION
0 8
1 4
1 5
1 8
1 10
1 12
1 14
1 16
2 3
2 8
2 9
3 4
3 7
3 8
3 9
4 5
4 6
4 7
4 8
4 13
5 6
5 8
5 10
5 14
6 7
6 9
7 8
7 10
7 11
7 14
7 15
8 10
8 14
9 14
10 13
10 14
13 14
14 17
15 16
-1
EDGE_WEIGHT_SECTION
0	0	0	0	0	0	0	0	1	0	0	0	0	0	0	0	0	0
0	0	0	0	1	1	0	0	1	0	1	0	1	0	1	0	1	0
0	0	0	1	0	0	0	0	1	1	0	0	0	0	0	0	0	0
0	0	1	0	1	0	0	1	1	1	0	0	0	0	0	0	0	0
0	1	0	1	0	1	1	1	1	0	0	0	0	1	0	0	0	0
0	1	0	0	1	0	1	0	1	0	1	0	0	0	1	0	0	0
0	0	0	0	1	1	0	1	0	1	0	0	0	0	0	0	0	0
0	0	0	1	1	0	1	0	1	0	1	1	0	0	1	1	0	0
1	1	1	1	1	1	0	1	0	0	1	0	0	0	1	0	0	0
0	0	1	1	0	0	1	0	0	0	0	0	0	0	1	0	0	0
0	1	0	0	0	1	0	1	1	0	0	0	0	1	1	0	0	0
0	0	0	0	0	0	0	1	0	0	0	0	0	0	0	0	0	0
0	1	0	0	0	0	0	0	0	0	0	0	0	0	0	0	0	0
0	0	0	0	1	0	0	0	0	0	1	0	0	0	1	0	0	0
0	1	0	0	0	1	0	1	1	1	1	0	0	1	0	0	0	1
0	0	0	0	0	0	0	1	0	0	0	0	0	0	0	0	1	0
0	1	0	0	0	0	0	0	0	0	0	0	0	0	0	1	0	0
0	0	0	0	0	0	0	0	0	0	0	0	0	0	1	0	0	0
DIFF_EDGE
0 0
CHROM_NUMBER
7
EOF
