TYPE : graph_{count}
DIMENSION: 15
EDGE_DATA_FORMAT: EDGE_LIST
EDGE_WEIGHT_TYPE: EXPLICIT
EDGE_WEIGHT_FORMAT: FULL_MATRIX
EDGE_DATA_SECTION
0 2
0 3
0 7
0 8
0 9
0 10
0 12
0 13
1 3
1 5
1 6
1 9
1 12
2 5
2 6
2 7
2 12
3 6
3 7
3 10
4 8
4 9
4 10
5 7
5 10
5 11
5 12
5 13
6 7
6 8
6 10
6 14
7 8
7 10
7 12
8 10
10 12
-1
EDGE_WEIGHT_SECTION
0	0	1	1	0	0	0	1	1	1	1	0	1	1	0
0	0	0	1	0	1	1	0	0	1	0	0	1	0	0
1	0	0	0	0	1	1	1	0	0	0	0	1	0	0
1	1	0	0	0	0	1	1	0	0	1	0	0	0	0
0	0	0	0	0	0	0	0	1	1	1	0	0	0	0
0	1	1	0	0	0	0	1	0	0	1	1	1	1	0
0	1	1	1	0	0	0	1	1	0	1	0	0	0	1
1	0	1	1	0	1	1	0	1	0	1	0	1	0	0
1	0	0	0	1	0	1	1	0	0	1	0	0	0	0
1	1	0	0	1	0	0	0	0	0	0	0	0	0	0
1	0	0	1	1	1	1	1	1	0	0	0	1	0	0
0	0	0	0	0	1	0	0	0	0	0	0	0	0	0
1	1	1	0	0	1	0	1	0	0	1	0	0	0	0
1	0	0	0	0	1	0	0	0	0	0	0	0	0	0
0	0	0	0	0	0	1	0	0	0	0	0	0	0	0
DIFF_EDGE
0 0
CHROM_NUMBER
7
EOF
