TYPE : graph_{count}
DIMENSION: 21
EDGE_DATA_FORMAT: EDGE_LIST
EDGE_WEIGHT_TYPE: EXPLICIT
EDGE_WEIGHT_FORMAT: FULL_MATRIX
EDGE_DATA_SECTION
0 3
0 4
0 7
0 8
0 11
0 15
0 17
0 20
1 5
1 6
1 7
1 9
1 17
2 3
2 6
2 7
2 8
2 9
2 10
2 17
2 19
3 6
3 8
3 10
3 11
3 17
3 18
3 19
3 20
4 6
4 7
4 9
4 11
4 19
4 20
5 6
5 11
5 12
5 14
5 19
6 10
6 17
7 8
7 11
7 14
7 17
7 18
7 20
8 9
8 11
8 17
8 19
8 20
9 12
11 13
11 17
11 20
12 19
13 19
13 20
14 19
15 16
16 19
16 20
17 19
17 20
18 20
19 20
-1
EDGE_WEIGHT_SECTION
0	0	0	1	1	0	0	1	1	0	0	1	0	0	0	1	0	1	0	0	1
0	0	0	0	0	1	1	1	0	1	0	0	0	0	0	0	0	1	0	0	0
0	0	0	1	0	0	1	1	1	1	1	0	0	0	0	0	0	1	0	1	0
1	0	1	0	0	0	1	0	1	0	1	1	0	0	0	0	0	1	1	1	1
1	0	0	0	0	0	1	1	0	1	0	1	0	0	0	0	0	0	0	1	1
0	1	0	0	0	0	1	0	0	0	0	1	1	0	1	0	0	0	0	1	0
0	1	1	1	1	1	0	0	0	0	1	0	0	0	0	0	0	1	0	0	0
1	1	1	0	1	0	0	0	1	0	0	1	0	0	1	0	0	1	1	0	1
1	0	1	1	0	0	0	1	0	1	0	1	0	0	0	0	0	1	0	1	1
0	1	1	0	1	0	0	0	1	0	0	0	1	0	0	0	0	0	0	0	0
0	0	1	1	0	0	1	0	0	0	0	0	0	0	0	0	0	0	0	0	0
1	0	0	1	1	1	0	1	1	0	0	0	0	1	0	0	0	1	0	0	1
0	0	0	0	0	1	0	0	0	1	0	0	0	0	0	0	0	0	0	1	0
0	0	0	0	0	0	0	0	0	0	0	1	0	0	0	0	0	0	0	1	1
0	0	0	0	0	1	0	1	0	0	0	0	0	0	0	0	0	0	0	1	0
1	0	0	0	0	0	0	0	0	0	0	0	0	0	0	0	1	0	0	0	0
0	0	0	0	0	0	0	0	0	0	0	0	0	0	0	1	0	0	0	1	1
1	1	1	1	0	0	1	1	1	0	0	1	0	0	0	0	0	0	0	1	1
0	0	0	1	0	0	0	1	0	0	0	0	0	0	0	0	0	0	0	0	1
0	0	1	1	1	1	0	0	1	0	0	0	1	1	1	0	1	1	0	1	1
1	0	0	1	1	0	0	1	1	0	0	1	0	1	0	0	1	1	1	1	0
DIFF_EDGE
0 0
CHROM_NUMBER
9
EOF
