TYPE : graph_{count}
DIMENSION: 21
EDGE_DATA_FORMAT: EDGE_LIST
EDGE_WEIGHT_TYPE: EXPLICIT
EDGE_WEIGHT_FORMAT: FULL_MATRIX
EDGE_DATA_SECTION
0 1
0 3
0 4
0 8
0 13
0 14
1 2
1 3
1 4
1 5
1 6
1 7
1 8
1 10
1 13
1 14
1 16
1 17
1 19
1 20
2 5
2 8
2 10
2 12
2 13
2 16
2 17
2 20
3 6
3 8
3 16
3 17
3 20
4 5
4 6
4 7
4 10
4 17
4 19
4 20
5 8
5 9
5 11
5 13
5 17
5 19
6 9
6 12
6 14
6 16
6 20
7 9
7 10
8 10
8 13
8 14
8 16
8 17
8 19
8 20
9 13
9 19
10 11
10 13
10 14
10 17
10 18
10 20
11 14
11 16
11 20
12 14
12 17
12 19
13 14
13 16
13 17
13 19
13 20
14 15
14 17
15 16
15 19
15 20
16 17
16 18
16 19
16 20
17 19
17 20
18 19
19 20
-1
EDGE_WEIGHT_SECTION
0	1	0	1	1	0	0	0	1	0	0	0	0	1	1	0	0	0	0	0	0
1	0	1	1	1	1	1	1	1	0	1	0	0	1	1	0	1	1	0	1	1
0	1	0	0	0	1	0	0	1	0	1	0	1	1	0	0	1	1	0	0	1
1	1	0	0	0	0	1	0	1	0	0	0	0	0	0	0	1	1	0	0	1
1	1	0	0	0	1	1	1	0	0	1	0	0	0	0	0	0	1	0	1	1
0	1	1	0	1	0	0	0	1	1	0	1	0	1	0	0	0	1	0	1	0
0	1	0	1	1	0	0	0	0	1	0	0	1	0	1	0	1	0	0	0	1
0	1	0	0	1	0	0	0	0	1	1	0	0	0	0	0	0	0	0	0	0
1	1	1	1	0	1	0	0	0	0	1	0	0	1	1	0	1	1	0	1	1
0	0	0	0	0	1	1	1	0	0	0	0	0	1	0	0	0	0	0	1	0
0	1	1	0	1	0	0	1	1	0	0	1	0	1	1	0	0	1	1	0	1
0	0	0	0	0	1	0	0	0	0	1	0	0	0	1	0	1	0	0	0	1
0	0	1	0	0	0	1	0	0	0	0	0	0	0	1	0	0	1	0	1	0
1	1	1	0	0	1	0	0	1	1	1	0	0	0	1	0	1	1	0	1	1
1	1	0	0	0	0	1	0	1	0	1	1	1	1	0	1	0	1	0	0	0
0	0	0	0	0	0	0	0	0	0	0	0	0	0	1	0	1	0	0	1	1
0	1	1	1	0	0	1	0	1	0	0	1	0	1	0	1	0	1	1	1	1
0	1	1	1	1	1	0	0	1	0	1	0	1	1	1	0	1	0	0	1	1
0	0	0	0	0	0	0	0	0	0	1	0	0	0	0	0	1	0	0	1	0
0	1	0	0	1	1	0	0	1	1	0	0	1	1	0	1	1	1	1	0	1
0	1	1	1	1	0	1	0	1	0	1	1	0	1	0	1	1	1	0	1	1
DIFF_EDGE
0 0
CHROM_NUMBER
12
EOF
