TYPE : graph_{count}
DIMENSION: 18
EDGE_DATA_FORMAT: EDGE_LIST
EDGE_WEIGHT_TYPE: EXPLICIT
EDGE_WEIGHT_FORMAT: FULL_MATRIX
EDGE_DATA_SECTION
0 4
0 8
0 10
0 11
1 2
1 4
1 5
1 6
1 7
1 8
1 11
1 13
1 14
1 15
1 16
2 3
2 4
2 5
2 7
2 10
2 11
2 13
2 14
2 15
2 16
3 4
3 6
3 8
3 13
3 14
3 15
4 8
4 9
4 11
4 13
4 14
4 15
4 16
5 7
5 8
5 13
5 14
5 15
5 16
6 7
6 8
6 9
6 11
6 13
6 16
7 9
7 11
7 13
7 17
8 10
8 11
9 13
9 16
10 11
11 13
11 14
11 15
11 16
12 14
12 15
12 17
13 14
13 15
13 16
14 15
14 16
15 16
-1
EDGE_WEIGHT_SECTION
0	0	0	0	1	0	0	0	1	0	1	1	0	0	0	0	0	0
0	0	1	0	1	1	1	1	1	0	0	1	0	1	1	1	1	0
0	1	0	1	1	1	0	1	0	0	1	1	0	1	1	1	1	0
0	0	1	0	1	0	1	0	1	0	0	0	0	1	1	1	0	0
1	1	1	1	0	0	0	0	1	1	0	1	0	1	1	1	1	0
0	1	1	0	0	0	0	1	1	0	0	0	0	1	1	1	1	0
0	1	0	1	0	0	0	1	1	1	0	1	0	1	0	0	1	0
0	1	1	0	0	1	1	0	0	1	0	1	0	1	0	0	0	1
1	1	0	1	1	1	1	0	0	0	1	1	0	0	0	0	0	0
0	0	0	0	1	0	1	1	0	0	0	0	0	1	0	0	1	0
1	0	1	0	0	0	0	0	1	0	0	1	0	0	0	0	0	0
1	1	1	0	1	0	1	1	1	0	1	0	0	1	1	1	1	0
0	0	0	0	0	0	0	0	0	0	0	0	0	0	1	1	0	1
0	1	1	1	1	1	1	1	0	1	0	1	0	0	1	1	1	0
0	1	1	1	1	1	0	0	0	0	0	1	1	1	0	1	1	0
0	1	1	1	1	1	0	0	0	0	0	1	1	1	1	0	1	0
0	1	1	0	1	1	1	0	0	1	0	1	0	1	1	1	0	0
0	0	0	0	0	0	0	1	0	0	0	0	1	0	0	0	0	0
DIFF_EDGE
0 0
CHROM_NUMBER
11
EOF
