TYPE : graph_{count}
DIMENSION: 20
EDGE_DATA_FORMAT: EDGE_LIST
EDGE_WEIGHT_TYPE: EXPLICIT
EDGE_WEIGHT_FORMAT: FULL_MATRIX
EDGE_DATA_SECTION
0 1
0 6
0 8
0 13
0 15
1 2
1 3
1 5
1 7
1 8
1 9
1 10
1 16
2 3
2 4
2 6
2 8
2 9
2 10
2 12
2 13
2 16
3 6
3 9
3 11
3 13
3 18
4 5
4 6
4 7
4 9
4 13
4 16
4 17
5 6
5 7
5 8
6 8
6 10
6 14
6 15
7 8
7 10
7 13
7 15
8 19
9 10
9 13
9 15
9 16
10 11
10 13
10 15
10 16
11 13
11 15
11 16
12 13
12 15
13 15
13 16
14 15
14 16
15 16
15 19
-1
EDGE_WEIGHT_SECTION
0	1	0	0	0	0	1	0	1	0	0	0	0	1	0	1	0	0	0	0
1	0	1	1	0	1	0	1	1	1	1	0	0	0	0	0	1	0	0	0
0	1	0	1	1	0	1	0	1	1	1	0	1	1	0	0	1	0	0	0
0	1	1	0	0	0	1	0	0	1	0	1	0	1	0	0	0	0	1	0
0	0	1	0	0	1	1	1	0	1	0	0	0	1	0	0	1	1	0	0
0	1	0	0	1	0	1	1	1	0	0	0	0	0	0	0	0	0	0	0
1	0	1	1	1	1	0	0	1	0	1	0	0	0	1	1	0	0	0	0
0	1	0	0	1	1	0	0	1	0	1	0	0	1	0	1	0	0	0	0
1	1	1	0	0	1	1	1	0	0	0	0	0	0	0	0	0	0	0	1
0	1	1	1	1	0	0	0	0	0	1	0	0	1	0	1	1	0	0	0
0	1	1	0	0	0	1	1	0	1	0	1	0	1	0	1	1	0	0	0
0	0	0	1	0	0	0	0	0	0	1	0	0	1	0	1	1	0	0	0
0	0	1	0	0	0	0	0	0	0	0	0	0	1	0	1	0	0	0	0
1	0	1	1	1	0	0	1	0	1	1	1	1	0	0	1	1	0	0	0
0	0	0	0	0	0	1	0	0	0	0	0	0	0	0	1	1	0	0	0
1	0	0	0	0	0	1	1	0	1	1	1	1	1	1	0	1	0	0	1
0	1	1	0	1	0	0	0	0	1	1	1	0	1	1	1	0	0	0	0
0	0	0	0	1	0	0	0	0	0	0	0	0	0	0	0	0	0	0	0
0	0	0	1	0	0	0	0	0	0	0	0	0	0	0	0	0	0	0	0
0	0	0	0	0	0	0	0	1	0	0	0	0	0	0	1	0	0	0	0
DIFF_EDGE
0 0
CHROM_NUMBER
9
EOF
