TYPE : graph_{count}
DIMENSION: 15
EDGE_DATA_FORMAT: EDGE_LIST
EDGE_WEIGHT_TYPE: EXPLICIT
EDGE_WEIGHT_FORMAT: FULL_MATRIX
EDGE_DATA_SECTION
0 1
0 6
0 8
0 9
1 2
2 6
2 10
3 5
3 7
3 9
3 13
3 14
4 5
4 7
4 8
4 9
4 11
4 13
4 14
5 6
5 7
5 11
5 13
5 14
6 7
6 8
6 9
6 10
6 13
6 14
7 8
7 10
7 11
7 12
7 13
7 14
8 11
9 10
9 11
11 13
11 14
13 14
-1
EDGE_WEIGHT_SECTION
0	1	0	0	0	0	1	0	1	1	0	0	0	0	0
1	0	1	0	0	0	0	0	0	0	0	0	0	0	0
0	1	0	0	0	0	1	0	0	0	1	0	0	0	0
0	0	0	0	0	1	0	1	0	1	0	0	0	1	1
0	0	0	0	0	1	0	1	1	1	0	1	0	1	1
0	0	0	1	1	0	1	1	0	0	0	1	0	1	1
1	0	1	0	0	1	0	1	1	1	1	0	0	1	1
0	0	0	1	1	1	1	0	1	0	1	1	1	1	1
1	0	0	0	1	0	1	1	0	0	0	1	0	0	0
1	0	0	1	1	0	1	0	0	0	1	1	0	0	0
0	0	1	0	0	0	1	1	0	1	0	0	0	0	0
0	0	0	0	1	1	0	1	1	1	0	1	0	1	1
0	0	0	0	0	0	0	1	0	0	0	0	0	0	0
0	0	0	1	1	1	1	1	0	0	0	1	0	1	1
0	0	0	1	1	1	1	1	0	0	0	1	0	1	0
DIFF_EDGE
0 0
CHROM_NUMBER
8
EOF
