TYPE : graph_{count}
DIMENSION: 20
EDGE_DATA_FORMAT: EDGE_LIST
EDGE_WEIGHT_TYPE: EXPLICIT
EDGE_WEIGHT_FORMAT: FULL_MATRIX
EDGE_DATA_SECTION
0 2
0 3
0 5
0 6
0 9
0 10
0 13
0 15
1 6
1 8
1 10
1 15
1 16
2 3
2 5
2 7
2 8
2 9
2 15
2 16
3 6
3 9
4 5
4 7
4 8
4 19
5 7
5 8
5 9
5 10
5 14
5 15
5 16
6 9
6 11
6 15
7 10
7 12
7 14
7 15
8 10
8 12
8 13
8 14
8 15
8 16
9 15
9 16
10 14
10 15
10 16
11 14
11 15
11 19
12 14
13 14
13 16
14 15
14 16
15 16
15 18
16 17
-1
EDGE_WEIGHT_SECTION
0	0	1	1	0	1	1	0	0	1	1	0	0	1	0	1	0	0	0	0
0	0	0	0	0	0	1	0	1	0	1	0	0	0	0	1	1	0	0	0
1	0	0	1	0	1	0	1	1	1	0	0	0	0	0	1	1	0	0	0
1	0	1	0	0	0	1	0	0	1	0	0	0	0	0	0	0	0	0	0
0	0	0	0	0	1	0	1	1	0	0	0	0	0	0	0	0	0	0	1
1	0	1	0	1	0	0	1	1	1	1	0	0	0	1	1	1	0	0	0
1	1	0	1	0	0	0	0	0	1	0	1	0	0	0	1	0	0	0	0
0	0	1	0	1	1	0	0	0	0	1	0	1	0	1	1	0	0	0	0
0	1	1	0	1	1	0	0	0	0	1	0	1	1	1	1	1	0	0	0
1	0	1	1	0	1	1	0	0	0	0	0	0	0	0	1	1	0	0	0
1	1	0	0	0	1	0	1	1	0	0	0	0	0	1	1	1	0	0	0
0	0	0	0	0	0	1	0	0	0	0	0	0	0	1	1	0	0	0	1
0	0	0	0	0	0	0	1	1	0	0	0	0	0	1	0	0	0	0	0
1	0	0	0	0	0	0	0	1	0	0	0	0	0	1	0	1	0	0	0
0	0	0	0	0	1	0	1	1	0	1	1	1	1	1	1	1	0	0	0
1	1	1	0	0	1	1	1	1	1	1	1	0	0	1	1	1	0	1	0
0	1	1	0	0	1	0	0	1	1	1	0	0	1	1	1	0	1	0	0
0	0	0	0	0	0	0	0	0	0	0	0	0	0	0	0	1	0	0	0
0	0	0	0	0	0	0	0	0	0	0	0	0	0	0	1	0	0	0	0
0	0	0	0	1	0	0	0	0	0	0	1	0	0	0	0	0	0	0	0
DIFF_EDGE
0 0
CHROM_NUMBER
9
EOF
