TYPE : graph_{count}
DIMENSION: 15
EDGE_DATA_FORMAT: EDGE_LIST
EDGE_WEIGHT_TYPE: EXPLICIT
EDGE_WEIGHT_FORMAT: FULL_MATRIX
EDGE_DATA_SECTION
0 1
0 2
0 3
0 13
1 2
1 3
1 5
1 8
1 9
1 10
1 11
1 14
2 3
2 4
2 5
2 10
2 11
2 14
3 4
3 5
3 7
3 8
3 10
3 11
3 14
4 5
4 6
4 9
4 13
5 8
5 10
5 11
5 14
6 7
6 9
6 10
7 8
7 9
8 9
8 10
9 10
9 11
9 14
10 11
10 12
10 14
11 14
12 14
13 14
-1
EDGE_WEIGHT_SECTION
0	1	1	1	0	0	0	0	0	0	0	0	0	1	0
1	0	1	1	0	1	0	0	1	1	1	1	0	0	1
1	1	0	1	1	1	0	0	0	0	1	1	0	0	1
1	1	1	0	1	1	0	1	1	0	1	1	0	0	1
0	0	1	1	0	1	1	0	0	1	0	0	0	1	0
0	1	1	1	1	0	0	0	1	0	1	1	0	0	1
0	0	0	0	1	0	0	1	0	1	1	0	0	0	0
0	0	0	1	0	0	1	0	1	1	0	0	0	0	0
0	1	0	1	0	1	0	1	0	1	1	0	0	0	0
0	1	0	0	1	0	1	1	1	0	1	1	0	0	1
0	1	1	1	0	1	1	0	1	1	0	1	1	0	1
0	1	1	1	0	1	0	0	0	1	1	0	0	0	1
0	0	0	0	0	0	0	0	0	0	1	0	0	0	1
1	0	0	0	1	0	0	0	0	0	0	0	0	0	1
0	1	1	1	0	1	0	0	0	1	1	1	1	1	0
DIFF_EDGE
0 0
CHROM_NUMBER
8
EOF
