TYPE : graph_{count}
DIMENSION: 16
EDGE_DATA_FORMAT: EDGE_LIST
EDGE_WEIGHT_TYPE: EXPLICIT
EDGE_WEIGHT_FORMAT: FULL_MATRIX
EDGE_DATA_SECTION
0 1
0 2
0 6
0 7
0 8
0 13
0 14
1 5
1 9
1 14
2 7
2 10
2 14
2 15
3 4
3 5
3 9
3 11
3 14
3 15
4 5
4 6
4 7
4 9
4 15
5 8
5 14
5 15
6 7
6 10
6 14
7 8
7 9
7 12
7 14
7 15
8 10
8 15
9 10
9 15
10 11
10 14
11 14
12 14
13 14
13 15
14 15
-1
EDGE_WEIGHT_SECTION
0	1	1	0	0	0	1	1	1	0	0	0	0	1	1	0
1	0	0	0	0	1	0	0	0	1	0	0	0	0	1	0
1	0	0	0	0	0	0	1	0	0	1	0	0	0	1	1
0	0	0	0	1	1	0	0	0	1	0	1	0	0	1	1
0	0	0	1	0	1	1	1	0	1	0	0	0	0	0	1
0	1	0	1	1	0	0	0	1	0	0	0	0	0	1	1
1	0	0	0	1	0	0	1	0	0	1	0	0	0	1	0
1	0	1	0	1	0	1	0	1	1	0	0	1	0	1	1
1	0	0	0	0	1	0	1	0	0	1	0	0	0	0	1
0	1	0	1	1	0	0	1	0	0	1	0	0	0	0	1
0	0	1	0	0	0	1	0	1	1	0	1	0	0	1	0
0	0	0	1	0	0	0	0	0	0	1	0	0	0	1	0
0	0	0	0	0	0	0	1	0	0	0	0	0	0	1	0
1	0	0	0	0	0	0	0	0	0	0	0	0	0	1	1
1	1	1	1	0	1	1	1	0	0	1	1	1	1	0	1
0	0	1	1	1	1	0	1	1	1	0	0	0	1	1	0
DIFF_EDGE
0 0
CHROM_NUMBER
8
EOF
