TYPE : graph_{count}
DIMENSION: 21
EDGE_DATA_FORMAT: EDGE_LIST
EDGE_WEIGHT_TYPE: EXPLICIT
EDGE_WEIGHT_FORMAT: FULL_MATRIX
EDGE_DATA_SECTION
0 1
0 2
0 4
0 9
0 15
0 19
1 3
1 4
1 6
1 8
1 9
1 12
1 13
1 16
2 3
2 4
2 5
2 6
2 8
2 9
2 13
2 15
2 16
3 6
3 7
3 9
3 13
3 15
4 5
4 8
4 9
4 10
4 13
4 15
4 16
4 17
4 20
5 6
5 8
5 10
5 11
5 13
5 15
5 16
6 10
6 15
6 16
7 9
7 10
7 16
7 18
8 13
8 15
8 16
8 18
8 19
9 11
9 13
9 14
9 16
11 15
12 16
13 15
13 16
14 15
14 16
15 16
-1
EDGE_WEIGHT_SECTION
0	1	1	0	1	0	0	0	0	1	0	0	0	0	0	1	0	0	0	1	0
1	0	0	1	1	0	1	0	1	1	0	0	1	1	0	0	1	0	0	0	0
1	0	0	1	1	1	1	0	1	1	0	0	0	1	0	1	1	0	0	0	0
0	1	1	0	0	0	1	1	0	1	0	0	0	1	0	1	0	0	0	0	0
1	1	1	0	0	1	0	0	1	1	1	0	0	1	0	1	1	1	0	0	1
0	0	1	0	1	0	1	0	1	0	1	1	0	1	0	1	1	0	0	0	0
0	1	1	1	0	1	0	0	0	0	1	0	0	0	0	1	1	0	0	0	0
0	0	0	1	0	0	0	0	0	1	1	0	0	0	0	0	1	0	1	0	0
0	1	1	0	1	1	0	0	0	0	0	0	0	1	0	1	1	0	1	1	0
1	1	1	1	1	0	0	1	0	0	0	1	0	1	1	0	1	0	0	0	0
0	0	0	0	1	1	1	1	0	0	0	0	0	0	0	0	0	0	0	0	0
0	0	0	0	0	1	0	0	0	1	0	0	0	0	0	1	0	0	0	0	0
0	1	0	0	0	0	0	0	0	0	0	0	0	0	0	0	1	0	0	0	0
0	1	1	1	1	1	0	0	1	1	0	0	0	0	0	1	1	0	0	0	0
0	0	0	0	0	0	0	0	0	1	0	0	0	0	0	1	1	0	0	0	0
1	0	1	1	1	1	1	0	1	0	0	1	0	1	1	0	1	0	0	0	0
0	1	1	0	1	1	1	1	1	1	0	0	1	1	1	1	0	0	0	0	0
0	0	0	0	1	0	0	0	0	0	0	0	0	0	0	0	0	0	0	0	0
0	0	0	0	0	0	0	1	1	0	0	0	0	0	0	0	0	0	0	0	0
1	0	0	0	0	0	0	0	1	0	0	0	0	0	0	0	0	0	0	0	0
0	0	0	0	1	0	0	0	0	0	0	0	0	0	0	0	0	0	0	0	0
DIFF_EDGE
0 0
CHROM_NUMBER
10
EOF
