TYPE : graph_{count}
DIMENSION: 21
EDGE_DATA_FORMAT: EDGE_LIST
EDGE_WEIGHT_TYPE: EXPLICIT
EDGE_WEIGHT_FORMAT: FULL_MATRIX
EDGE_DATA_SECTION
0 1
0 3
0 4
0 9
0 10
0 11
0 15
0 18
0 20
1 3
1 4
1 15
2 3
2 4
2 5
2 8
2 13
2 15
3 4
3 6
3 8
3 9
3 12
3 15
3 18
4 11
4 14
4 18
4 20
5 6
5 8
5 9
5 11
5 13
5 15
5 17
5 20
6 8
6 10
6 18
6 20
7 8
7 10
7 13
7 15
7 17
8 9
8 10
8 11
8 15
8 17
8 18
8 19
8 20
9 11
9 13
9 14
9 15
9 17
9 18
9 20
10 13
10 15
10 17
11 12
11 13
11 15
11 17
11 18
11 20
12 13
12 15
12 17
12 18
12 20
13 15
13 17
13 18
13 19
13 20
14 17
15 16
15 20
16 17
16 18
16 20
17 18
17 20
18 20
-1
EDGE_WEIGHT_SECTION
0	1	0	1	1	0	0	0	0	1	1	1	0	0	0	1	0	0	1	0	1
1	0	0	1	1	0	0	0	0	0	0	0	0	0	0	1	0	0	0	0	0
0	0	0	1	1	1	0	0	1	0	0	0	0	1	0	1	0	0	0	0	0
1	1	1	0	1	0	1	0	1	1	0	0	1	0	0	1	0	0	1	0	0
1	1	1	1	0	0	0	0	0	0	0	1	0	0	1	0	0	0	1	0	1
0	0	1	0	0	0	1	0	1	1	0	1	0	1	0	1	0	1	0	0	1
0	0	0	1	0	1	0	0	1	0	1	0	0	0	0	0	0	0	1	0	1
0	0	0	0	0	0	0	0	1	0	1	0	0	1	0	1	0	1	0	0	0
0	0	1	1	0	1	1	1	0	1	1	1	0	0	0	1	0	1	1	1	1
1	0	0	1	0	1	0	0	1	0	0	1	0	1	1	1	0	1	1	0	1
1	0	0	0	0	0	1	1	1	0	0	0	0	1	0	1	0	1	0	0	0
1	0	0	0	1	1	0	0	1	1	0	1	1	1	0	1	0	1	1	0	1
0	0	0	1	0	0	0	0	0	0	0	1	0	1	0	1	0	1	1	0	1
0	0	1	0	0	1	0	1	0	1	1	1	1	0	0	1	0	1	1	1	1
0	0	0	0	1	0	0	0	0	1	0	0	0	0	0	0	0	1	0	0	0
1	1	1	1	0	1	0	1	1	1	1	1	1	1	0	0	1	0	0	0	1
0	0	0	0	0	0	0	0	0	0	0	0	0	0	0	1	0	1	1	0	1
0	0	0	0	0	1	0	1	1	1	1	1	1	1	1	0	1	0	1	0	1
1	0	0	1	1	0	1	0	1	1	0	1	1	1	0	0	1	1	0	0	1
0	0	0	0	0	0	0	0	1	0	0	0	0	1	0	0	0	0	0	0	0
1	0	0	0	1	1	1	0	1	1	0	1	1	1	0	1	1	1	1	0	0
DIFF_EDGE
0 0
CHROM_NUMBER
12
EOF
