TYPE : graph_{count}
DIMENSION: 19
EDGE_DATA_FORMAT: EDGE_LIST
EDGE_WEIGHT_TYPE: EXPLICIT
EDGE_WEIGHT_FORMAT: FULL_MATRIX
EDGE_DATA_SECTION
0 1
0 2
0 3
0 7
0 8
0 16
1 7
1 9
1 17
2 3
2 4
2 5
2 6
2 10
2 13
2 15
3 4
3 6
3 8
3 9
3 12
3 14
4 5
4 6
4 8
4 10
4 11
4 13
4 16
5 8
5 9
5 10
5 13
6 9
6 10
6 13
6 16
7 10
7 11
8 10
8 13
8 16
9 13
9 16
10 17
11 16
11 18
12 13
12 16
13 16
15 16
-1
EDGE_WEIGHT_SECTION
0	1	1	1	0	0	0	1	1	0	0	0	0	0	0	0	1	0	0
1	0	0	0	0	0	0	1	0	1	0	0	0	0	0	0	0	1	0
1	0	0	1	1	1	1	0	0	0	1	0	0	1	0	1	0	0	0
1	0	1	0	1	0	1	0	1	1	0	0	1	0	1	0	0	0	0
0	0	1	1	0	1	1	0	1	0	1	1	0	1	0	0	1	0	0
0	0	1	0	1	0	0	0	1	1	1	0	0	1	0	0	0	0	0
0	0	1	1	1	0	0	0	0	1	1	0	0	1	0	0	1	0	0
1	1	0	0	0	0	0	0	0	0	1	1	0	0	0	0	0	0	0
1	0	0	1	1	1	0	0	0	0	1	0	0	1	0	0	1	0	0
0	1	0	1	0	1	1	0	0	0	0	0	0	1	0	0	1	0	0
0	0	1	0	1	1	1	1	1	0	0	0	0	0	0	0	0	1	0
0	0	0	0	1	0	0	1	0	0	0	0	0	0	0	0	1	0	1
0	0	0	1	0	0	0	0	0	0	0	0	0	1	0	0	1	0	0
0	0	1	0	1	1	1	0	1	1	0	0	1	0	0	0	1	0	0
0	0	0	1	0	0	0	0	0	0	0	0	0	0	0	0	0	0	0
0	0	1	0	0	0	0	0	0	0	0	0	0	0	0	0	1	0	0
1	0	0	0	1	0	1	0	1	1	0	1	1	1	0	1	0	0	0
0	1	0	0	0	0	0	0	0	0	1	0	0	0	0	0	0	0	0
0	0	0	0	0	0	0	0	0	0	0	1	0	0	0	0	0	0	0
DIFF_EDGE
0 0
CHROM_NUMBER
8
EOF
