TYPE : graph_{count}
DIMENSION: 18
EDGE_DATA_FORMAT: EDGE_LIST
EDGE_WEIGHT_TYPE: EXPLICIT
EDGE_WEIGHT_FORMAT: FULL_MATRIX
EDGE_DATA_SECTION
0 2
0 3
0 9
1 3
1 7
1 10
2 3
2 4
2 6
2 8
2 10
3 7
3 9
3 11
3 12
4 5
5 6
5 7
5 9
5 10
5 15
6 7
6 10
6 14
7 8
7 16
8 9
8 10
8 13
10 17
12 14
-1
EDGE_WEIGHT_SECTION
0	0	1	1	0	0	0	0	0	1	0	0	0	0	0	0	0	0
0	0	0	1	0	0	0	1	0	0	1	0	0	0	0	0	0	0
1	0	0	1	1	0	1	0	1	0	1	0	0	0	0	0	0	0
1	1	1	0	0	0	0	1	0	1	0	1	1	0	0	0	0	0
0	0	1	0	0	1	0	0	0	0	0	0	0	0	0	0	0	0
0	0	0	0	1	0	1	1	0	1	1	0	0	0	0	1	0	0
0	0	1	0	0	1	0	1	0	0	1	0	0	0	1	0	0	0
0	1	0	1	0	1	1	0	1	0	0	0	0	0	0	0	1	0
0	0	1	0	0	0	0	1	0	1	1	0	0	1	0	0	0	0
1	0	0	1	0	1	0	0	1	0	0	0	0	0	0	0	0	0
0	1	1	0	0	1	1	0	1	0	0	0	0	0	0	0	0	1
0	0	0	1	0	0	0	0	0	0	0	0	0	0	0	0	0	0
0	0	0	1	0	0	0	0	0	0	0	0	0	0	1	0	0	0
0	0	0	0	0	0	0	0	1	0	0	0	0	0	0	0	0	0
0	0	0	0	0	0	1	0	0	0	0	0	1	0	0	0	0	0
0	0	0	0	0	1	0	0	0	0	0	0	0	0	0	0	0	0
0	0	0	0	0	0	0	1	0	0	0	0	0	0	0	0	0	0
0	0	0	0	0	0	0	0	0	0	1	0	0	0	0	0	0	0
DIFF_EDGE
0 0
CHROM_NUMBER
6
EOF
