TYPE : graph_{count}
DIMENSION: 15
EDGE_DATA_FORMAT: EDGE_LIST
EDGE_WEIGHT_TYPE: EXPLICIT
EDGE_WEIGHT_FORMAT: FULL_MATRIX
EDGE_DATA_SECTION
0 2
0 3
0 6
0 7
0 10
0 11
0 12
0 13
1 2
1 3
1 5
1 12
2 5
2 7
2 8
2 9
2 11
2 13
3 5
3 9
3 11
3 12
3 13
4 5
4 6
4 13
5 6
5 9
5 10
5 11
5 12
5 13
6 8
6 10
6 13
7 10
8 10
9 10
9 11
9 12
9 13
10 12
10 14
11 12
11 13
12 13
-1
EDGE_WEIGHT_SECTION
0	0	1	1	0	0	1	1	0	0	1	1	1	1	0
0	0	1	1	0	1	0	0	0	0	0	0	1	0	0
1	1	0	0	0	1	0	1	1	1	0	1	0	1	0
1	1	0	0	0	1	0	0	0	1	0	1	1	1	0
0	0	0	0	0	1	1	0	0	0	0	0	0	1	0
0	1	1	1	1	0	1	0	0	1	1	1	1	1	0
1	0	0	0	1	1	0	0	1	0	1	0	0	1	0
1	0	1	0	0	0	0	0	0	0	1	0	0	0	0
0	0	1	0	0	0	1	0	0	0	1	0	0	0	0
0	0	1	1	0	1	0	0	0	0	1	1	1	1	0
1	0	0	0	0	1	1	1	1	1	0	0	1	0	1
1	0	1	1	0	1	0	0	0	1	0	0	1	1	0
1	1	0	1	0	1	0	0	0	1	1	1	0	1	0
1	0	1	1	1	1	1	0	0	1	0	1	1	1	0
0	0	0	0	0	0	0	0	0	0	1	0	0	0	0
DIFF_EDGE
0 0
CHROM_NUMBER
8
EOF
