TYPE : graph_{count}
DIMENSION: 18
EDGE_DATA_FORMAT: EDGE_LIST
EDGE_WEIGHT_TYPE: EXPLICIT
EDGE_WEIGHT_FORMAT: FULL_MATRIX
EDGE_DATA_SECTION
0 2
0 3
0 4
0 5
0 6
1 2
1 5
1 7
1 10
2 4
2 5
2 6
2 7
2 8
2 13
3 5
3 6
3 7
3 8
3 9
3 16
4 6
4 7
4 8
4 9
4 13
5 7
5 9
5 10
5 13
5 14
6 7
6 8
6 11
6 13
7 8
7 10
7 13
8 12
9 10
9 11
9 12
12 13
12 17
13 15
13 16
-1
EDGE_WEIGHT_SECTION
0	0	1	1	1	1	1	0	0	0	0	0	0	0	0	0	0	0
0	0	1	0	0	1	0	1	0	0	1	0	0	0	0	0	0	0
1	1	0	0	1	1	1	1	1	0	0	0	0	1	0	0	0	0
1	0	0	0	0	1	1	1	1	1	0	0	0	0	0	0	1	0
1	0	1	0	0	0	1	1	1	1	0	0	0	1	0	0	0	0
1	1	1	1	0	0	0	1	0	1	1	0	0	1	1	0	0	0
1	0	1	1	1	0	0	1	1	0	0	1	0	1	0	0	0	0
0	1	1	1	1	1	1	0	1	0	1	0	0	1	0	0	0	0
0	0	1	1	1	0	1	1	0	0	0	0	1	0	0	0	0	0
0	0	0	1	1	1	0	0	0	0	1	1	1	0	0	0	0	0
0	1	0	0	0	1	0	1	0	1	0	0	0	0	0	0	0	0
0	0	0	0	0	0	1	0	0	1	0	0	0	0	0	0	0	0
0	0	0	0	0	0	0	0	1	1	0	0	0	1	0	0	0	1
0	0	1	0	1	1	1	1	0	0	0	0	1	0	0	1	1	0
0	0	0	0	0	1	0	0	0	0	0	0	0	0	0	0	0	0
0	0	0	0	0	0	0	0	0	0	0	0	0	1	0	0	0	0
0	0	0	1	0	0	0	0	0	0	0	0	0	1	0	0	0	0
0	0	0	0	0	0	0	0	0	0	0	0	1	0	0	0	0	0
DIFF_EDGE
0 0
CHROM_NUMBER
8
EOF
