TYPE : graph_{count}
DIMENSION: 19
EDGE_DATA_FORMAT: EDGE_LIST
EDGE_WEIGHT_TYPE: EXPLICIT
EDGE_WEIGHT_FORMAT: FULL_MATRIX
EDGE_DATA_SECTION
0 2
0 4
0 7
0 9
1 6
1 7
1 9
1 10
1 11
1 18
2 3
2 5
2 8
2 10
2 11
3 4
3 5
3 6
3 9
3 10
3 11
3 12
3 15
4 9
5 6
5 8
5 10
5 11
5 18
6 7
6 8
6 9
6 10
6 11
6 13
7 10
7 11
8 12
9 10
9 11
10 11
10 14
12 15
13 16
15 17
-1
EDGE_WEIGHT_SECTION
0	0	1	0	1	0	0	1	0	1	0	0	0	0	0	0	0	0	0
0	0	0	0	0	0	1	1	0	1	1	1	0	0	0	0	0	0	1
1	0	0	1	0	1	0	0	1	0	1	1	0	0	0	0	0	0	0
0	0	1	0	1	1	1	0	0	1	1	1	1	0	0	1	0	0	0
1	0	0	1	0	0	0	0	0	1	0	0	0	0	0	0	0	0	0
0	0	1	1	0	0	1	0	1	0	1	1	0	0	0	0	0	0	1
0	1	0	1	0	1	0	1	1	1	1	1	0	1	0	0	0	0	0
1	1	0	0	0	0	1	0	0	0	1	1	0	0	0	0	0	0	0
0	0	1	0	0	1	1	0	0	0	0	0	1	0	0	0	0	0	0
1	1	0	1	1	0	1	0	0	0	1	1	0	0	0	0	0	0	0
0	1	1	1	0	1	1	1	0	1	0	1	0	0	1	0	0	0	0
0	1	1	1	0	1	1	1	0	1	1	1	0	0	0	0	0	0	0
0	0	0	1	0	0	0	0	1	0	0	0	0	0	0	1	0	0	0
0	0	0	0	0	0	1	0	0	0	0	0	0	0	0	0	1	0	0
0	0	0	0	0	0	0	0	0	0	1	0	0	0	0	0	0	0	0
0	0	0	1	0	0	0	0	0	0	0	0	1	0	0	0	0	1	0
0	0	0	0	0	0	0	0	0	0	0	0	0	1	0	0	0	0	0
0	0	0	0	0	0	0	0	0	0	0	0	0	0	0	1	0	0	0
0	1	0	0	0	1	0	0	0	0	0	0	0	0	0	0	0	0	0
DIFF_EDGE
0 0
CHROM_NUMBER
7
EOF
