TYPE : graph_{count}
DIMENSION: 20
EDGE_DATA_FORMAT: EDGE_LIST
EDGE_WEIGHT_TYPE: EXPLICIT
EDGE_WEIGHT_FORMAT: FULL_MATRIX
EDGE_DATA_SECTION
0 2
0 3
0 9
0 11
0 17
0 18
0 19
1 3
1 4
1 5
1 8
1 9
1 14
1 17
1 19
2 4
2 7
2 10
2 19
3 4
3 5
3 8
3 16
3 17
4 7
4 8
4 9
4 10
4 13
4 15
4 18
4 19
5 6
5 8
5 12
5 17
6 8
6 9
6 10
6 11
7 8
7 12
7 17
7 19
8 9
8 10
8 17
8 19
9 10
10 19
11 17
14 17
14 19
15 17
15 19
16 19
17 19
-1
EDGE_WEIGHT_SECTION
0	0	1	1	0	0	0	0	0	1	0	1	0	0	0	0	0	1	1	1
0	0	0	1	1	1	0	0	1	1	0	0	0	0	1	0	0	1	0	1
1	0	0	0	1	0	0	1	0	0	1	0	0	0	0	0	0	0	0	1
1	1	0	0	1	1	0	0	1	0	0	0	0	0	0	0	1	1	0	0
0	1	1	1	0	0	0	1	1	1	1	0	0	1	0	1	0	0	1	1
0	1	0	1	0	0	1	0	1	0	0	0	1	0	0	0	0	1	0	0
0	0	0	0	0	1	0	0	1	1	1	1	0	0	0	0	0	0	0	0
0	0	1	0	1	0	0	0	1	0	0	0	1	0	0	0	0	1	0	1
0	1	0	1	1	1	1	1	0	1	1	0	0	0	0	0	0	1	0	1
1	1	0	0	1	0	1	0	1	0	1	0	0	0	0	0	0	0	0	0
0	0	1	0	1	0	1	0	1	1	0	0	0	0	0	0	0	0	0	1
1	0	0	0	0	0	1	0	0	0	0	0	0	0	0	0	0	1	0	0
0	0	0	0	0	1	0	1	0	0	0	0	0	0	0	0	0	0	0	0
0	0	0	0	1	0	0	0	0	0	0	0	0	0	0	0	0	0	0	0
0	1	0	0	0	0	0	0	0	0	0	0	0	0	0	0	0	1	0	1
0	0	0	0	1	0	0	0	0	0	0	0	0	0	0	0	0	1	0	1
0	0	0	1	0	0	0	0	0	0	0	0	0	0	0	0	0	0	0	1
1	1	0	1	0	1	0	1	1	0	0	1	0	0	1	1	0	0	0	1
1	0	0	0	1	0	0	0	0	0	0	0	0	0	0	0	0	0	0	0
1	1	1	0	1	0	0	1	1	0	1	0	0	0	1	1	1	1	0	0
DIFF_EDGE
0 0
CHROM_NUMBER
8
EOF
