TYPE : graph_{count}
DIMENSION: 19
EDGE_DATA_FORMAT: EDGE_LIST
EDGE_WEIGHT_TYPE: EXPLICIT
EDGE_WEIGHT_FORMAT: FULL_MATRIX
EDGE_DATA_SECTION
0 1
0 3
0 4
0 10
0 11
0 18
1 3
1 4
1 5
1 6
1 11
2 4
2 7
2 8
2 10
3 5
3 6
3 10
3 11
3 16
4 5
4 7
4 9
4 11
5 6
5 7
5 13
5 15
6 7
6 10
6 11
7 8
7 11
8 9
8 10
8 13
9 10
9 11
9 18
10 11
10 14
11 12
11 17
13 16
-1
EDGE_WEIGHT_SECTION
0	1	0	1	1	0	0	0	0	0	1	1	0	0	0	0	0	0	1
1	0	0	1	1	1	1	0	0	0	0	1	0	0	0	0	0	0	0
0	0	0	0	1	0	0	1	1	0	1	0	0	0	0	0	0	0	0
1	1	0	0	0	1	1	0	0	0	1	1	0	0	0	0	1	0	0
1	1	1	0	0	1	0	1	0	1	0	1	0	0	0	0	0	0	0
0	1	0	1	1	0	1	1	0	0	0	0	0	1	0	1	0	0	0
0	1	0	1	0	1	0	1	0	0	1	1	0	0	0	0	0	0	0
0	0	1	0	1	1	1	0	1	0	0	1	0	0	0	0	0	0	0
0	0	1	0	0	0	0	1	0	1	1	0	0	1	0	0	0	0	0
0	0	0	0	1	0	0	0	1	0	1	1	0	0	0	0	0	0	1
1	0	1	1	0	0	1	0	1	1	0	1	0	0	1	0	0	0	0
1	1	0	1	1	0	1	1	0	1	1	0	1	0	0	0	0	1	0
0	0	0	0	0	0	0	0	0	0	0	1	0	0	0	0	0	0	0
0	0	0	0	0	1	0	0	1	0	0	0	0	0	0	0	1	0	0
0	0	0	0	0	0	0	0	0	0	1	0	0	0	0	0	0	0	0
0	0	0	0	0	1	0	0	0	0	0	0	0	0	0	0	0	0	0
0	0	0	1	0	0	0	0	0	0	0	0	0	1	0	0	0	0	0
0	0	0	0	0	0	0	0	0	0	0	1	0	0	0	0	0	0	0
1	0	0	0	0	0	0	0	0	1	0	0	0	0	0	0	0	0	0
DIFF_EDGE
0 0
CHROM_NUMBER
7
EOF
