TYPE : graph_{count}
DIMENSION: 20
EDGE_DATA_FORMAT: EDGE_LIST
EDGE_WEIGHT_TYPE: EXPLICIT
EDGE_WEIGHT_FORMAT: FULL_MATRIX
EDGE_DATA_SECTION
0 1
0 3
0 4
0 5
0 6
0 7
0 8
0 9
0 10
0 13
0 14
0 17
0 18
0 19
1 4
1 5
1 7
1 8
1 10
1 11
1 14
1 19
2 5
2 6
2 7
2 8
2 17
2 18
2 19
3 5
3 7
3 9
3 10
3 15
3 17
3 18
4 12
4 13
4 14
5 6
5 8
5 9
5 13
5 14
5 19
6 7
6 10
6 12
6 14
6 19
7 8
7 9
7 13
7 14
7 17
7 18
7 19
8 9
8 10
8 13
8 14
8 17
8 18
8 19
9 10
9 13
9 14
9 18
10 17
10 19
11 13
11 17
11 18
12 13
13 14
13 17
13 18
13 19
14 16
14 17
14 19
15 17
15 18
16 18
16 19
17 18
17 19
18 19
-1
EDGE_WEIGHT_SECTION
0	1	0	1	1	1	1	1	1	1	1	0	0	1	1	0	0	1	1	1
1	0	0	0	1	1	0	1	1	0	1	1	0	0	1	0	0	0	0	1
0	0	0	0	0	1	1	1	1	0	0	0	0	0	0	0	0	1	1	1
1	0	0	0	0	1	0	1	0	1	1	0	0	0	0	1	0	1	1	0
1	1	0	0	0	0	0	0	0	0	0	0	1	1	1	0	0	0	0	0
1	1	1	1	0	0	1	0	1	1	0	0	0	1	1	0	0	0	0	1
1	0	1	0	0	1	0	1	0	0	1	0	1	0	1	0	0	0	0	1
1	1	1	1	0	0	1	0	1	1	0	0	0	1	1	0	0	1	1	1
1	1	1	0	0	1	0	1	0	1	1	0	0	1	1	0	0	1	1	1
1	0	0	1	0	1	0	1	1	0	1	0	0	1	1	0	0	0	1	0
1	1	0	1	0	0	1	0	1	1	0	0	0	0	0	0	0	1	0	1
0	1	0	0	0	0	0	0	0	0	0	0	0	1	0	0	0	1	1	0
0	0	0	0	1	0	1	0	0	0	0	0	0	1	0	0	0	0	0	0
1	0	0	0	1	1	0	1	1	1	0	1	1	1	1	0	0	1	1	1
1	1	0	0	1	1	1	1	1	1	0	0	0	1	0	0	1	1	0	1
0	0	0	1	0	0	0	0	0	0	0	0	0	0	0	0	0	1	1	0
0	0	0	0	0	0	0	0	0	0	0	0	0	0	1	0	0	0	1	1
1	0	1	1	0	0	0	1	1	0	1	1	0	1	1	1	0	1	1	1
1	0	1	1	0	0	0	1	1	1	0	1	0	1	0	1	1	1	0	1
1	1	1	0	0	1	1	1	1	0	1	0	0	1	1	0	1	1	1	0
DIFF_EDGE
0 0
CHROM_NUMBER
12
EOF
