TYPE : graph_{count}
DIMENSION: 19
EDGE_DATA_FORMAT: EDGE_LIST
EDGE_WEIGHT_TYPE: EXPLICIT
EDGE_WEIGHT_FORMAT: FULL_MATRIX
EDGE_DATA_SECTION
0 4
0 5
0 6
0 13
0 15
0 18
1 2
1 3
1 4
1 5
1 11
1 17
2 7
2 8
2 9
2 10
2 12
2 13
3 5
3 7
3 9
3 10
3 16
4 5
4 6
4 7
4 8
4 9
4 10
4 12
4 13
5 6
5 8
5 9
5 10
5 13
6 7
6 10
7 9
7 10
7 18
8 13
9 13
9 17
10 13
11 13
12 13
13 14
15 16
-1
EDGE_WEIGHT_SECTION
0	0	0	0	1	1	1	0	0	0	0	0	0	1	0	1	0	0	1
0	0	1	1	1	1	0	0	0	0	0	1	0	0	0	0	0	1	0
0	1	0	0	0	0	0	1	1	1	1	0	1	1	0	0	0	0	0
0	1	0	0	0	1	0	1	0	1	1	0	0	0	0	0	1	0	0
1	1	0	0	0	1	1	1	1	1	1	0	1	1	0	0	0	0	0
1	1	0	1	1	0	1	0	1	1	1	0	0	1	0	0	0	0	0
1	0	0	0	1	1	0	1	0	0	1	0	0	0	0	0	0	0	0
0	0	1	1	1	0	1	0	0	1	1	0	0	0	0	0	0	0	1
0	0	1	0	1	1	0	0	0	0	0	0	0	1	0	0	0	0	0
0	0	1	1	1	1	0	1	0	0	0	0	0	1	0	0	0	1	0
0	0	1	1	1	1	1	1	0	0	0	0	0	1	0	0	0	0	0
0	1	0	0	0	0	0	0	0	0	0	0	0	1	0	0	0	0	0
0	0	1	0	1	0	0	0	0	0	0	0	0	1	0	0	0	0	0
1	0	1	0	1	1	0	0	1	1	1	1	1	0	1	0	0	0	0
0	0	0	0	0	0	0	0	0	0	0	0	0	1	0	0	0	0	0
1	0	0	0	0	0	0	0	0	0	0	0	0	0	0	0	1	0	0
0	0	0	1	0	0	0	0	0	0	0	0	0	0	0	1	0	0	0
0	1	0	0	0	0	0	0	0	1	0	0	0	0	0	0	0	0	0
1	0	0	0	0	0	0	1	0	0	0	0	0	0	0	0	0	0	0
DIFF_EDGE
0 0
CHROM_NUMBER
7
EOF
