TYPE : graph_{count}
DIMENSION: 16
EDGE_DATA_FORMAT: EDGE_LIST
EDGE_WEIGHT_TYPE: EXPLICIT
EDGE_WEIGHT_FORMAT: FULL_MATRIX
EDGE_DATA_SECTION
0 2
0 3
0 5
0 8
0 9
0 10
0 11
0 13
0 14
1 4
1 7
1 9
2 3
2 8
2 10
2 11
2 15
3 4
3 5
3 8
3 9
3 11
3 13
4 6
4 9
5 6
5 10
5 13
6 7
6 9
6 11
7 9
7 10
8 9
8 11
8 12
9 10
9 11
9 13
11 13
12 13
13 15
-1
EDGE_WEIGHT_SECTION
0	0	1	1	0	1	0	0	1	1	1	1	0	1	1	0
0	0	0	0	1	0	0	1	0	1	0	0	0	0	0	0
1	0	0	1	0	0	0	0	1	0	1	1	0	0	0	1
1	0	1	0	1	1	0	0	1	1	0	1	0	1	0	0
0	1	0	1	0	0	1	0	0	1	0	0	0	0	0	0
1	0	0	1	0	0	1	0	0	0	1	0	0	1	0	0
0	0	0	0	1	1	0	1	0	1	0	1	0	0	0	0
0	1	0	0	0	0	1	0	0	1	1	0	0	0	0	0
1	0	1	1	0	0	0	0	0	1	0	1	1	0	0	0
1	1	0	1	1	0	1	1	1	0	1	1	0	1	0	0
1	0	1	0	0	1	0	1	0	1	0	0	0	0	0	0
1	0	1	1	0	0	1	0	1	1	0	1	0	1	0	0
0	0	0	0	0	0	0	0	1	0	0	0	0	1	0	0
1	0	0	1	0	1	0	0	0	1	0	1	1	0	0	1
1	0	0	0	0	0	0	0	0	0	0	0	0	0	0	0
0	0	1	0	0	0	0	0	0	0	0	0	0	1	0	0
DIFF_EDGE
0 0
CHROM_NUMBER
7
EOF
