TYPE : graph_{count}
DIMENSION: 17
EDGE_DATA_FORMAT: EDGE_LIST
EDGE_WEIGHT_TYPE: EXPLICIT
EDGE_WEIGHT_FORMAT: FULL_MATRIX
EDGE_DATA_SECTION
0 1
0 2
0 6
0 10
1 2
1 3
1 4
1 5
1 6
1 8
1 9
1 16
2 3
2 5
2 6
2 9
2 10
2 16
3 4
3 6
3 12
3 16
4 5
4 7
4 8
4 9
4 10
6 8
6 11
6 14
6 16
7 8
7 9
7 16
8 10
8 13
9 10
9 13
9 14
9 16
10 16
11 16
12 16
13 15
13 16
-1
EDGE_WEIGHT_SECTION
0	1	1	0	0	0	1	0	0	0	1	0	0	0	0	0	0
1	0	1	1	1	1	1	0	1	1	0	0	0	0	0	0	1
1	1	0	1	0	1	1	0	0	1	1	0	0	0	0	0	1
0	1	1	0	1	0	1	0	0	0	0	0	1	0	0	0	1
0	1	0	1	0	1	0	1	1	1	1	0	0	0	0	0	0
0	1	1	0	1	0	0	0	0	0	0	0	0	0	0	0	0
1	1	1	1	0	0	0	0	1	0	0	1	0	0	1	0	1
0	0	0	0	1	0	0	0	1	1	0	0	0	0	0	0	1
0	1	0	0	1	0	1	1	0	0	1	0	0	1	0	0	0
0	1	1	0	1	0	0	1	0	0	1	0	0	1	1	0	1
1	0	1	0	1	0	0	0	1	1	0	0	0	0	0	0	1
0	0	0	0	0	0	1	0	0	0	0	0	0	0	0	0	1
0	0	0	1	0	0	0	0	0	0	0	0	0	0	0	0	1
0	0	0	0	0	0	0	0	1	1	0	0	0	0	0	1	1
0	0	0	0	0	0	1	0	0	1	0	0	0	0	0	0	0
0	0	0	0	0	0	0	0	0	0	0	0	0	1	0	0	0
0	1	1	1	0	0	1	1	0	1	1	1	1	1	0	0	0
DIFF_EDGE
0 0
CHROM_NUMBER
7
EOF
