TYPE : graph_{count}
DIMENSION: 19
EDGE_DATA_FORMAT: EDGE_LIST
EDGE_WEIGHT_TYPE: EXPLICIT
EDGE_WEIGHT_FORMAT: FULL_MATRIX
EDGE_DATA_SECTION
0 1
0 2
0 4
0 7
0 8
0 15
1 2
1 3
1 5
1 6
1 7
1 8
1 9
1 12
1 14
2 4
2 5
2 8
2 9
2 15
2 16
2 18
3 7
3 9
3 10
3 15
4 9
4 15
5 7
5 11
6 8
6 10
7 15
8 10
8 15
9 15
10 11
10 15
11 15
11 17
12 13
13 15
-1
EDGE_WEIGHT_SECTION
0	1	1	0	1	0	0	1	1	0	0	0	0	0	0	1	0	0	0
1	0	1	1	0	1	1	1	1	1	0	0	1	0	1	0	0	0	0
1	1	0	0	1	1	0	0	1	1	0	0	0	0	0	1	1	0	1
0	1	0	0	0	0	0	1	0	1	1	0	0	0	0	1	0	0	0
1	0	1	0	0	0	0	0	0	1	0	0	0	0	0	1	0	0	0
0	1	1	0	0	0	0	1	0	0	0	1	0	0	0	0	0	0	0
0	1	0	0	0	0	0	0	1	0	1	0	0	0	0	0	0	0	0
1	1	0	1	0	1	0	0	0	0	0	0	0	0	0	1	0	0	0
1	1	1	0	0	0	1	0	0	0	1	0	0	0	0	1	0	0	0
0	1	1	1	1	0	0	0	0	0	0	0	0	0	0	1	0	0	0
0	0	0	1	0	0	1	0	1	0	0	1	0	0	0	1	0	0	0
0	0	0	0	0	1	0	0	0	0	1	0	0	0	0	1	0	1	0
0	1	0	0	0	0	0	0	0	0	0	0	0	1	0	0	0	0	0
0	0	0	0	0	0	0	0	0	0	0	0	1	0	0	1	0	0	0
0	1	0	0	0	0	0	0	0	0	0	0	0	0	0	0	0	0	0
1	0	1	1	1	0	0	1	1	1	1	1	0	1	0	1	0	0	0
0	0	1	0	0	0	0	0	0	0	0	0	0	0	0	0	0	0	0
0	0	0	0	0	0	0	0	0	0	0	1	0	0	0	0	0	0	0
0	0	1	0	0	0	0	0	0	0	0	0	0	0	0	0	0	0	0
DIFF_EDGE
0 0
CHROM_NUMBER
7
EOF
