TYPE : graph_{count}
DIMENSION: 16
EDGE_DATA_FORMAT: EDGE_LIST
EDGE_WEIGHT_TYPE: EXPLICIT
EDGE_WEIGHT_FORMAT: FULL_MATRIX
EDGE_DATA_SECTION
0 2
0 3
0 4
0 6
0 9
0 10
1 2
1 3
1 4
1 6
1 7
1 8
1 9
1 10
1 12
1 14
2 6
2 8
2 10
2 12
2 15
3 4
3 5
3 7
3 8
3 10
3 12
3 15
4 5
4 7
4 9
4 12
4 15
5 6
5 7
6 7
6 8
6 9
6 12
6 15
7 8
7 13
7 15
8 10
8 11
9 10
9 11
9 12
9 13
9 15
10 15
11 12
12 15
14 15
-1
EDGE_WEIGHT_SECTION
0	0	1	1	1	0	1	0	0	1	1	0	0	0	0	0
0	0	1	1	1	0	1	1	1	1	1	0	1	0	1	0
1	1	0	0	0	0	1	0	1	0	1	0	1	0	0	1
1	1	0	0	1	1	0	1	1	0	1	0	1	0	0	1
1	1	0	1	0	1	0	1	0	1	0	0	1	0	0	1
0	0	0	1	1	0	1	1	0	0	0	0	0	0	0	0
1	1	1	0	0	1	0	1	1	1	0	0	1	0	0	1
0	1	0	1	1	1	1	0	1	0	0	0	0	1	0	1
0	1	1	1	0	0	1	1	0	0	1	1	0	0	0	0
1	1	0	0	1	0	1	0	0	0	1	1	1	1	0	1
1	1	1	1	0	0	0	0	1	1	0	0	0	0	0	1
0	0	0	0	0	0	0	0	1	1	0	0	1	0	0	0
0	1	1	1	1	0	1	0	0	1	0	1	0	0	0	1
0	0	0	0	0	0	0	1	0	1	0	0	0	0	0	0
0	1	0	0	0	0	0	0	0	0	0	0	0	0	0	1
0	0	1	1	1	0	1	1	0	1	1	0	1	0	1	0
DIFF_EDGE
0 0
CHROM_NUMBER
9
EOF
