TYPE : graph_{count}
DIMENSION: 20
EDGE_DATA_FORMAT: EDGE_LIST
EDGE_WEIGHT_TYPE: EXPLICIT
EDGE_WEIGHT_FORMAT: FULL_MATRIX
EDGE_DATA_SECTION
0 1
0 3
0 6
0 10
0 15
1 4
1 5
1 7
1 8
1 9
1 10
1 12
1 18
1 19
2 3
2 10
2 12
2 13
2 19
3 7
3 10
3 12
4 8
4 11
4 14
4 18
5 6
5 7
5 10
5 12
5 16
5 19
6 7
6 12
6 18
7 8
7 10
7 12
7 18
7 19
8 10
8 12
9 10
9 13
9 14
9 19
10 12
10 17
11 12
11 17
11 19
12 18
12 19
13 18
14 18
14 19
15 19
16 18
17 18
18 19
-1
EDGE_WEIGHT_SECTION
0	1	0	1	0	0	1	0	0	0	1	0	0	0	0	1	0	0	0	0
1	0	0	0	1	1	0	1	1	1	1	0	1	0	0	0	0	0	1	1
0	0	0	1	0	0	0	0	0	0	1	0	1	1	0	0	0	0	0	1
1	0	1	0	0	0	0	1	0	0	1	0	1	0	0	0	0	0	0	0
0	1	0	0	0	0	0	0	1	0	0	1	0	0	1	0	0	0	1	0
0	1	0	0	0	0	1	1	0	0	1	0	1	0	0	0	1	0	0	1
1	0	0	0	0	1	0	1	0	0	0	0	1	0	0	0	0	0	1	0
0	1	0	1	0	1	1	0	1	0	1	0	1	0	0	0	0	0	1	1
0	1	0	0	1	0	0	1	0	0	1	0	1	0	0	0	0	0	0	0
0	1	0	0	0	0	0	0	0	0	1	0	0	1	1	0	0	0	0	1
1	1	1	1	0	1	0	1	1	1	0	0	1	0	0	0	0	1	0	0
0	0	0	0	1	0	0	0	0	0	0	0	1	0	0	0	0	1	0	1
0	1	1	1	0	1	1	1	1	0	1	1	0	0	0	0	0	0	1	1
0	0	1	0	0	0	0	0	0	1	0	0	0	0	0	0	0	0	1	0
0	0	0	0	1	0	0	0	0	1	0	0	0	0	0	0	0	0	1	1
1	0	0	0	0	0	0	0	0	0	0	0	0	0	0	0	0	0	0	1
0	0	0	0	0	1	0	0	0	0	0	0	0	0	0	0	0	0	1	0
0	0	0	0	0	0	0	0	0	0	1	1	0	0	0	0	0	0	1	0
0	1	0	0	1	0	1	1	0	0	0	0	1	1	1	0	1	1	1	1
0	1	1	0	0	1	0	1	0	1	0	1	1	0	1	1	0	0	1	0
DIFF_EDGE
0 0
CHROM_NUMBER
8
EOF
