TYPE : graph_{count}
DIMENSION: 18
EDGE_DATA_FORMAT: EDGE_LIST
EDGE_WEIGHT_TYPE: EXPLICIT
EDGE_WEIGHT_FORMAT: FULL_MATRIX
EDGE_DATA_SECTION
0 1
0 3
0 4
0 5
0 6
0 12
0 14
0 15
0 17
1 3
1 5
1 10
1 14
1 17
2 4
2 6
2 7
2 8
2 9
2 13
3 8
3 13
3 17
4 5
4 9
5 6
5 8
5 9
5 17
6 17
7 9
7 10
7 11
7 14
7 17
8 9
8 11
8 16
8 17
9 14
9 17
10 15
10 17
11 14
12 14
13 14
14 17
16 17
-1
EDGE_WEIGHT_SECTION
0	1	0	1	1	1	1	0	0	0	0	0	1	0	1	1	0	1
1	0	0	1	0	1	0	0	0	0	1	0	0	0	1	0	0	1
0	0	0	0	1	0	1	1	1	1	0	0	0	1	0	0	0	0
1	1	0	0	0	0	0	0	1	0	0	0	0	1	0	0	0	1
1	0	1	0	0	1	0	0	0	1	0	0	0	0	0	0	0	0
1	1	0	0	1	0	1	0	1	1	0	0	0	0	0	0	0	1
1	0	1	0	0	1	0	0	0	0	0	0	0	0	0	0	0	1
0	0	1	0	0	0	0	0	0	1	1	1	0	0	1	0	0	1
0	0	1	1	0	1	0	0	0	1	0	1	0	0	0	0	1	1
0	0	1	0	1	1	0	1	1	0	0	0	0	0	1	0	0	1
0	1	0	0	0	0	0	1	0	0	0	0	0	0	0	1	0	1
0	0	0	0	0	0	0	1	1	0	0	0	0	0	1	0	0	0
1	0	0	0	0	0	0	0	0	0	0	0	0	0	1	0	0	0
0	0	1	1	0	0	0	0	0	0	0	0	0	0	1	0	0	0
1	1	0	0	0	0	0	1	0	1	0	1	1	1	0	0	0	1
1	0	0	0	0	0	0	0	0	0	1	0	0	0	0	0	0	0
0	0	0	0	0	0	0	0	1	0	0	0	0	0	0	0	0	1
1	1	0	1	0	1	1	1	1	1	1	0	0	0	1	0	1	1
DIFF_EDGE
0 0
CHROM_NUMBER
8
EOF
