TYPE : graph_{count}
DIMENSION: 18
EDGE_DATA_FORMAT: EDGE_LIST
EDGE_WEIGHT_TYPE: EXPLICIT
EDGE_WEIGHT_FORMAT: FULL_MATRIX
EDGE_DATA_SECTION
0 1
0 2
0 4
0 7
0 8
0 11
0 12
0 14
0 15
0 17
1 2
1 4
1 5
1 7
1 10
1 12
1 13
1 14
1 15
1 17
2 4
2 8
2 12
2 13
2 14
2 15
2 17
3 4
3 6
3 9
3 13
4 5
4 7
4 9
4 10
4 12
4 13
4 14
4 15
4 17
5 7
5 10
6 7
6 16
7 15
8 10
8 13
8 14
9 10
9 15
10 12
10 14
10 15
10 16
10 17
11 13
11 14
11 15
12 13
12 14
12 15
12 17
13 14
13 15
13 17
14 15
14 17
15 17
-1
EDGE_WEIGHT_SECTION
0	1	1	0	1	0	0	1	1	0	0	1	1	0	1	1	0	1
1	0	1	0	1	1	0	1	0	0	1	0	1	1	1	1	0	1
1	1	0	0	1	0	0	0	1	0	0	0	1	1	1	1	0	1
0	0	0	0	1	0	1	0	0	1	0	0	0	1	0	0	0	0
1	1	1	1	0	1	0	1	0	1	1	0	1	1	1	1	0	1
0	1	0	0	1	0	0	1	0	0	1	0	0	0	0	0	0	0
0	0	0	1	0	0	0	1	0	0	0	0	0	0	0	0	1	0
1	1	0	0	1	1	1	0	0	0	0	0	0	0	0	1	0	0
1	0	1	0	0	0	0	0	0	0	1	0	0	1	1	0	0	0
0	0	0	1	1	0	0	0	0	0	1	0	0	0	0	1	0	0
0	1	0	0	1	1	0	0	1	1	0	0	1	0	1	1	1	1
1	0	0	0	0	0	0	0	0	0	0	0	0	1	1	1	0	0
1	1	1	0	1	0	0	0	0	0	1	0	0	1	1	1	0	1
0	1	1	1	1	0	0	0	1	0	0	1	1	0	1	1	0	1
1	1	1	0	1	0	0	0	1	0	1	1	1	1	1	1	0	1
1	1	1	0	1	0	0	1	0	1	1	1	1	1	1	1	0	1
0	0	0	0	0	0	1	0	0	0	1	0	0	0	0	0	0	0
1	1	1	0	1	0	0	0	0	0	1	0	1	1	1	1	0	0
DIFF_EDGE
0 0
CHROM_NUMBER
10
EOF
