TYPE : graph_{count}
DIMENSION: 19
EDGE_DATA_FORMAT: EDGE_LIST
EDGE_WEIGHT_TYPE: EXPLICIT
EDGE_WEIGHT_FORMAT: FULL_MATRIX
EDGE_DATA_SECTION
0 1
0 2
0 3
0 6
0 8
0 12
0 13
0 14
0 16
1 2
1 4
1 5
1 6
1 9
1 10
1 15
2 4
2 5
2 6
2 8
2 9
2 13
2 14
2 15
2 16
3 6
3 10
3 14
4 5
4 8
4 9
4 11
4 13
4 14
4 16
5 7
5 8
5 10
5 13
5 14
5 15
5 16
6 7
6 8
7 8
7 9
7 13
7 16
8 9
8 10
8 13
8 14
8 15
8 16
9 13
9 14
9 15
9 16
10 12
10 13
10 15
11 13
11 15
11 16
12 13
12 14
13 14
13 15
13 16
14 15
14 16
15 17
15 18
16 18
-1
EDGE_WEIGHT_SECTION
0	1	1	1	0	0	1	0	1	0	0	0	1	1	1	0	1	0	0
1	0	1	0	1	1	1	0	0	1	1	0	0	0	0	1	0	0	0
1	1	0	0	1	1	1	0	1	1	0	0	0	1	1	1	1	0	0
1	0	0	0	0	0	1	0	0	0	1	0	0	0	1	0	0	0	0
0	1	1	0	0	1	0	0	1	1	0	1	0	1	1	0	1	0	0
0	1	1	0	1	0	0	1	1	0	1	0	0	1	1	1	1	0	0
1	1	1	1	0	0	0	1	1	0	0	0	0	0	0	0	0	0	0
0	0	0	0	0	1	1	0	1	1	0	0	0	1	0	0	1	0	0
1	0	1	0	1	1	1	1	0	1	1	0	0	1	1	1	1	0	0
0	1	1	0	1	0	0	1	1	0	0	0	0	1	1	1	1	0	0
0	1	0	1	0	1	0	0	1	0	0	0	1	1	0	1	0	0	0
0	0	0	0	1	0	0	0	0	0	0	0	0	1	0	1	1	0	0
1	0	0	0	0	0	0	0	0	0	1	0	0	1	1	0	0	0	0
1	0	1	0	1	1	0	1	1	1	1	1	1	1	1	1	1	0	0
1	0	1	1	1	1	0	0	1	1	0	0	1	1	0	1	1	0	0
0	1	1	0	0	1	0	0	1	1	1	1	0	1	1	0	0	1	1
1	0	1	0	1	1	0	1	1	1	0	1	0	1	1	0	0	0	1
0	0	0	0	0	0	0	0	0	0	0	0	0	0	0	1	0	0	0
0	0	0	0	0	0	0	0	0	0	0	0	0	0	0	1	1	0	0
DIFF_EDGE
0 0
CHROM_NUMBER
10
EOF
