TYPE : graph_{count}
DIMENSION: 21
EDGE_DATA_FORMAT: EDGE_LIST
EDGE_WEIGHT_TYPE: EXPLICIT
EDGE_WEIGHT_FORMAT: FULL_MATRIX
EDGE_DATA_SECTION
0 3
0 6
0 7
0 8
0 9
0 10
0 15
0 18
0 19
1 2
1 6
1 8
1 9
1 14
2 4
2 6
2 7
2 9
2 10
2 12
2 17
3 4
3 9
3 12
3 18
3 19
4 5
4 11
4 18
4 19
5 6
5 9
5 17
6 7
6 9
6 18
6 19
7 8
7 10
7 11
7 20
8 19
9 16
9 18
10 14
11 18
13 15
13 18
14 18
14 19
15 18
16 18
16 19
17 18
18 19
-1
EDGE_WEIGHT_SECTION
0	0	0	1	0	0	1	1	1	1	1	0	0	0	0	1	0	0	1	1	0
0	0	1	0	0	0	1	0	1	1	0	0	0	0	1	0	0	0	0	0	0
0	1	0	0	1	0	1	1	0	1	1	0	1	0	0	0	0	1	0	0	0
1	0	0	0	1	0	0	0	0	1	0	0	1	0	0	0	0	0	1	1	0
0	0	1	1	0	1	0	0	0	0	0	1	0	0	0	0	0	0	1	1	0
0	0	0	0	1	0	1	0	0	1	0	0	0	0	0	0	0	1	0	0	0
1	1	1	0	0	1	0	1	0	1	0	0	0	0	0	0	0	0	1	1	0
1	0	1	0	0	0	1	0	1	0	1	1	0	0	0	0	0	0	0	0	1
1	1	0	0	0	0	0	1	0	0	0	0	0	0	0	0	0	0	0	1	0
1	1	1	1	0	1	1	0	0	0	0	0	0	0	0	0	1	0	1	0	0
1	0	1	0	0	0	0	1	0	0	0	0	0	0	1	0	0	0	0	0	0
0	0	0	0	1	0	0	1	0	0	0	0	0	0	0	0	0	0	1	0	0
0	0	1	1	0	0	0	0	0	0	0	0	0	0	0	0	0	0	0	0	0
0	0	0	0	0	0	0	0	0	0	0	0	0	0	0	1	0	0	1	0	0
0	1	0	0	0	0	0	0	0	0	1	0	0	0	0	0	0	0	1	1	0
1	0	0	0	0	0	0	0	0	0	0	0	0	1	0	0	0	0	1	0	0
0	0	0	0	0	0	0	0	0	1	0	0	0	0	0	0	0	0	1	1	0
0	0	1	0	0	1	0	0	0	0	0	0	0	0	0	0	0	0	1	0	0
1	0	0	1	1	0	1	0	0	1	0	1	0	1	1	1	1	1	0	1	0
1	0	0	1	1	0	1	0	1	0	0	0	0	0	1	0	1	0	1	1	0
0	0	0	0	0	0	0	1	0	0	0	0	0	0	0	0	0	0	0	0	0
DIFF_EDGE
0 0
CHROM_NUMBER
8
EOF
