TYPE : graph_{count}
DIMENSION: 20
EDGE_DATA_FORMAT: EDGE_LIST
EDGE_WEIGHT_TYPE: EXPLICIT
EDGE_WEIGHT_FORMAT: FULL_MATRIX
EDGE_DATA_SECTION
0 1
0 9
0 10
0 13
0 16
0 19
1 3
1 5
1 7
1 8
1 9
1 10
1 13
1 16
1 18
1 19
2 8
2 9
2 19
3 13
3 14
3 17
3 19
4 7
4 10
4 13
5 8
5 16
6 8
6 10
6 13
6 15
7 8
7 9
7 11
7 17
8 9
8 16
8 18
8 19
9 10
9 13
9 16
9 18
9 19
10 12
10 13
10 14
10 16
10 18
10 19
11 16
13 16
13 18
13 19
14 16
15 16
15 19
16 18
16 19
17 18
18 19
-1
EDGE_WEIGHT_SECTION
0	1	0	0	0	0	0	0	0	1	1	0	0	1	0	0	1	0	0	1
1	0	0	1	0	1	0	1	1	1	1	0	0	1	0	0	1	0	1	1
0	0	0	0	0	0	0	0	1	1	0	0	0	0	0	0	0	0	0	1
0	1	0	0	0	0	0	0	0	0	0	0	0	1	1	0	0	1	0	1
0	0	0	0	0	0	0	1	0	0	1	0	0	1	0	0	0	0	0	0
0	1	0	0	0	0	0	0	1	0	0	0	0	0	0	0	1	0	0	0
0	0	0	0	0	0	0	0	1	0	1	0	0	1	0	1	0	0	0	0
0	1	0	0	1	0	0	0	1	1	0	1	0	0	0	0	0	1	0	0
0	1	1	0	0	1	1	1	0	1	0	0	0	0	0	0	1	0	1	1
1	1	1	0	0	0	0	1	1	0	1	0	0	1	0	0	1	0	1	1
1	1	0	0	1	0	1	0	0	1	0	0	1	1	1	0	1	0	1	1
0	0	0	0	0	0	0	1	0	0	0	0	0	0	0	0	1	0	0	0
0	0	0	0	0	0	0	0	0	0	1	0	0	0	0	0	0	0	0	0
1	1	0	1	1	0	1	0	0	1	1	0	0	0	0	0	1	0	1	1
0	0	0	1	0	0	0	0	0	0	1	0	0	0	0	0	1	0	0	0
0	0	0	0	0	0	1	0	0	0	0	0	0	0	0	0	1	0	0	1
1	1	0	0	0	1	0	0	1	1	1	1	0	1	1	1	0	0	1	1
0	0	0	1	0	0	0	1	0	0	0	0	0	0	0	0	0	0	1	0
0	1	0	0	0	0	0	0	1	1	1	0	0	1	0	0	1	1	0	1
1	1	1	1	0	0	0	0	1	1	1	0	0	1	0	1	1	0	1	0
DIFF_EDGE
0 0
CHROM_NUMBER
9
EOF
