TYPE : graph_{count}
DIMENSION: 18
EDGE_DATA_FORMAT: EDGE_LIST
EDGE_WEIGHT_TYPE: EXPLICIT
EDGE_WEIGHT_FORMAT: FULL_MATRIX
EDGE_DATA_SECTION
0 1
0 6
0 7
0 13
0 15
1 2
1 3
1 4
1 5
1 6
1 8
1 9
1 14
2 4
2 12
2 13
3 5
3 8
3 9
3 10
3 13
3 14
3 15
4 5
5 6
5 8
5 10
5 11
5 13
5 14
5 15
6 8
6 9
6 14
6 17
7 8
7 9
7 10
7 13
7 14
8 12
8 13
8 14
8 15
8 16
9 10
9 14
9 15
10 14
10 15
11 14
12 13
13 14
13 15
13 17
14 15
-1
EDGE_WEIGHT_SECTION
0	1	0	0	0	0	1	1	0	0	0	0	0	1	0	1	0	0
1	0	1	1	1	1	1	0	1	1	0	0	0	0	1	0	0	0
0	1	0	0	1	0	0	0	0	0	0	0	1	1	0	0	0	0
0	1	0	0	0	1	0	0	1	1	1	0	0	1	1	1	0	0
0	1	1	0	0	1	0	0	0	0	0	0	0	0	0	0	0	0
0	1	0	1	1	0	1	0	1	0	1	1	0	1	1	1	0	0
1	1	0	0	0	1	0	0	1	1	0	0	0	0	1	0	0	1
1	0	0	0	0	0	0	0	1	1	1	0	0	1	1	0	0	0
0	1	0	1	0	1	1	1	0	0	0	0	1	1	1	1	1	0
0	1	0	1	0	0	1	1	0	0	1	0	0	0	1	1	0	0
0	0	0	1	0	1	0	1	0	1	0	0	0	0	1	1	0	0
0	0	0	0	0	1	0	0	0	0	0	0	0	0	1	0	0	0
0	0	1	0	0	0	0	0	1	0	0	0	0	1	0	0	0	0
1	0	1	1	0	1	0	1	1	0	0	0	1	0	1	1	0	1
0	1	0	1	0	1	1	1	1	1	1	1	0	1	0	1	0	0
1	0	0	1	0	1	0	0	1	1	1	0	0	1	1	0	0	0
0	0	0	0	0	0	0	0	1	0	0	0	0	0	0	0	0	0
0	0	0	0	0	0	1	0	0	0	0	0	0	1	0	0	0	0
DIFF_EDGE
0 0
CHROM_NUMBER
9
EOF
