TYPE : graph_{count}
DIMENSION: 21
EDGE_DATA_FORMAT: EDGE_LIST
EDGE_WEIGHT_TYPE: EXPLICIT
EDGE_WEIGHT_FORMAT: FULL_MATRIX
EDGE_DATA_SECTION
0 2
0 3
0 6
0 7
0 9
0 13
0 15
1 3
1 6
1 7
1 8
1 13
2 4
2 5
2 7
2 9
2 13
2 14
2 15
2 18
3 5
3 6
3 8
3 11
3 15
3 18
4 5
4 7
4 8
5 10
5 12
5 13
6 9
7 9
7 13
7 19
8 9
8 10
8 12
9 13
9 15
10 11
10 13
11 13
12 15
13 15
13 17
15 16
15 19
19 20
-1
EDGE_WEIGHT_SECTION
0	0	1	1	0	0	1	1	0	1	0	0	0	1	0	1	0	0	0	0	0
0	0	0	1	0	0	1	1	1	0	0	0	0	1	0	0	0	0	0	0	0
1	0	0	0	1	1	0	1	0	1	0	0	0	1	1	1	0	0	1	0	0
1	1	0	0	0	1	1	0	1	0	0	1	0	0	0	1	0	0	1	0	0
0	0	1	0	0	1	0	1	1	0	0	0	0	0	0	0	0	0	0	0	0
0	0	1	1	1	0	0	0	0	0	1	0	1	1	0	0	0	0	0	0	0
1	1	0	1	0	0	0	0	0	1	0	0	0	0	0	0	0	0	0	0	0
1	1	1	0	1	0	0	0	0	1	0	0	0	1	0	0	0	0	0	1	0
0	1	0	1	1	0	0	0	0	1	1	0	1	0	0	0	0	0	0	0	0
1	0	1	0	0	0	1	1	1	0	0	0	0	1	0	1	0	0	0	0	0
0	0	0	0	0	1	0	0	1	0	0	1	0	1	0	0	0	0	0	0	0
0	0	0	1	0	0	0	0	0	0	1	0	0	1	0	0	0	0	0	0	0
0	0	0	0	0	1	0	0	1	0	0	0	0	0	0	1	0	0	0	0	0
1	1	1	0	0	1	0	1	0	1	1	1	0	0	0	1	0	1	0	0	0
0	0	1	0	0	0	0	0	0	0	0	0	0	0	0	0	0	0	0	0	0
1	0	1	1	0	0	0	0	0	1	0	0	1	1	0	0	1	0	0	1	0
0	0	0	0	0	0	0	0	0	0	0	0	0	0	0	1	0	0	0	0	0
0	0	0	0	0	0	0	0	0	0	0	0	0	1	0	0	0	0	0	0	0
0	0	1	1	0	0	0	0	0	0	0	0	0	0	0	0	0	0	0	0	0
0	0	0	0	0	0	0	1	0	0	0	0	0	0	0	1	0	0	0	0	1
0	0	0	0	0	0	0	0	0	0	0	0	0	0	0	0	0	0	0	1	0
DIFF_EDGE
0 0
CHROM_NUMBER
7
EOF
