TYPE : graph_{count}
DIMENSION: 17
EDGE_DATA_FORMAT: EDGE_LIST
EDGE_WEIGHT_TYPE: EXPLICIT
EDGE_WEIGHT_FORMAT: FULL_MATRIX
EDGE_DATA_SECTION
0 2
0 4
0 9
0 10
0 16
1 5
1 6
1 7
1 14
1 15
1 16
2 16
3 5
3 7
3 8
3 11
3 14
3 15
3 16
4 5
4 7
4 10
4 15
5 9
5 10
5 15
5 16
6 8
6 9
6 15
6 16
7 8
7 9
7 13
7 15
7 16
9 12
9 16
10 16
11 15
12 15
13 15
13 16
14 15
14 16
15 16
-1
EDGE_WEIGHT_SECTION
0	0	1	0	1	0	0	0	0	1	1	0	0	0	0	0	1
0	0	0	0	0	1	1	1	0	0	0	0	0	0	1	1	1
1	0	0	0	0	0	0	0	0	0	0	0	0	0	0	0	1
0	0	0	0	0	1	0	1	1	0	0	1	0	0	1	1	1
1	0	0	0	0	1	0	1	0	0	1	0	0	0	0	1	0
0	1	0	1	1	0	0	0	0	1	1	0	0	0	0	1	1
0	1	0	0	0	0	0	0	1	1	0	0	0	0	0	1	1
0	1	0	1	1	0	0	0	1	1	0	0	0	1	0	1	1
0	0	0	1	0	0	1	1	0	0	0	0	0	0	0	0	0
1	0	0	0	0	1	1	1	0	0	0	0	1	0	0	0	1
1	0	0	0	1	1	0	0	0	0	0	0	0	0	0	0	1
0	0	0	1	0	0	0	0	0	0	0	0	0	0	0	1	0
0	0	0	0	0	0	0	0	0	1	0	0	0	0	0	1	0
0	0	0	0	0	0	0	1	0	0	0	0	0	0	0	1	1
0	1	0	1	0	0	0	0	0	0	0	0	0	0	0	1	1
0	1	0	1	1	1	1	1	0	0	0	1	1	1	1	1	1
1	1	1	1	0	1	1	1	0	1	1	0	0	1	1	1	0
DIFF_EDGE
0 0
CHROM_NUMBER
7
EOF
