TYPE : graph_{count}
DIMENSION: 16
EDGE_DATA_FORMAT: EDGE_LIST
EDGE_WEIGHT_TYPE: EXPLICIT
EDGE_WEIGHT_FORMAT: FULL_MATRIX
EDGE_DATA_SECTION
0 1
0 2
0 3
0 5
0 6
0 9
0 10
0 12
1 4
1 10
1 12
2 4
2 5
2 6
2 7
2 8
2 9
2 11
2 12
2 14
2 15
3 7
3 8
3 9
3 12
3 14
4 7
4 9
4 12
4 13
5 7
5 10
5 12
6 9
6 10
7 12
8 9
8 10
9 12
10 12
10 13
10 15
-1
EDGE_WEIGHT_SECTION
0	1	1	1	0	1	1	0	0	1	1	0	1	0	0	0
1	0	0	0	1	0	0	0	0	0	1	0	1	0	0	0
1	0	0	0	1	1	1	1	1	1	0	1	1	0	1	1
1	0	0	0	0	0	0	1	1	1	0	0	1	0	1	0
0	1	1	0	0	0	0	1	0	1	0	0	1	1	0	0
1	0	1	0	0	0	0	1	0	0	1	0	1	0	0	0
1	0	1	0	0	0	0	0	0	1	1	0	0	0	0	0
0	0	1	1	1	1	0	0	0	0	0	0	1	0	0	0
0	0	1	1	0	0	0	0	0	1	1	0	0	0	0	0
1	0	1	1	1	0	1	0	1	0	0	0	1	0	0	0
1	1	0	0	0	1	1	0	1	0	0	0	1	1	0	1
0	0	1	0	0	0	0	0	0	0	0	0	0	0	0	0
1	1	1	1	1	1	0	1	0	1	1	0	0	0	0	0
0	0	0	0	1	0	0	0	0	0	1	0	0	0	0	0
0	0	1	1	0	0	0	0	0	0	0	0	0	0	0	0
0	0	1	0	0	0	0	0	0	0	1	0	0	0	0	0
DIFF_EDGE
0 0
CHROM_NUMBER
7
EOF
