TYPE : graph_{count}
DIMENSION: 17
EDGE_DATA_FORMAT: EDGE_LIST
EDGE_WEIGHT_TYPE: EXPLICIT
EDGE_WEIGHT_FORMAT: FULL_MATRIX
EDGE_DATA_SECTION
0 1
0 2
0 3
0 5
0 6
0 9
0 10
0 12
0 15
1 4
1 5
1 6
1 7
1 8
1 9
1 11
1 12
1 15
2 3
2 5
2 6
2 7
2 8
2 9
2 16
3 6
3 8
4 7
4 8
4 9
5 8
5 12
5 15
6 7
6 9
6 10
6 12
6 13
6 15
7 9
8 10
8 12
8 15
9 12
9 15
10 11
10 12
10 15
10 16
11 12
11 15
12 14
12 15
14 15
-1
EDGE_WEIGHT_SECTION
0	1	1	1	0	1	1	0	0	1	1	0	1	0	0	1	0
1	0	0	0	1	1	1	1	1	1	0	1	1	0	0	1	0
1	0	0	1	0	1	1	1	1	1	0	0	0	0	0	0	1
1	0	1	0	0	0	1	0	1	0	0	0	0	0	0	0	0
0	1	0	0	0	0	0	1	1	1	0	0	0	0	0	0	0
1	1	1	0	0	0	0	0	1	0	0	0	1	0	0	1	0
1	1	1	1	0	0	0	1	0	1	1	0	1	1	0	1	0
0	1	1	0	1	0	1	0	0	1	0	0	0	0	0	0	0
0	1	1	1	1	1	0	0	0	0	1	0	1	0	0	1	0
1	1	1	0	1	0	1	1	0	0	0	0	1	0	0	1	0
1	0	0	0	0	0	1	0	1	0	0	1	1	0	0	1	1
0	1	0	0	0	0	0	0	0	0	1	0	1	0	0	1	0
1	1	0	0	0	1	1	0	1	1	1	1	0	0	1	1	0
0	0	0	0	0	0	1	0	0	0	0	0	0	0	0	0	0
0	0	0	0	0	0	0	0	0	0	0	0	1	0	0	1	0
1	1	0	0	0	1	1	0	1	1	1	1	1	0	1	1	0
0	0	1	0	0	0	0	0	0	0	1	0	0	0	0	0	0
DIFF_EDGE
0 0
CHROM_NUMBER
8
EOF
