TYPE : graph_{count}
DIMENSION: 18
EDGE_DATA_FORMAT: EDGE_LIST
EDGE_WEIGHT_TYPE: EXPLICIT
EDGE_WEIGHT_FORMAT: FULL_MATRIX
EDGE_DATA_SECTION
0 2
0 3
0 5
0 8
0 9
0 11
0 12
0 13
0 15
1 2
1 3
1 4
1 9
1 12
1 13
2 3
2 4
2 5
2 9
2 10
2 11
2 12
2 13
2 15
2 17
3 4
3 6
3 8
3 9
3 10
3 11
3 12
3 13
3 15
4 6
4 7
4 13
4 14
4 15
5 6
5 7
5 8
5 12
6 7
7 13
8 9
8 11
8 12
8 13
8 14
9 11
9 12
9 13
9 15
10 13
11 12
11 13
11 15
12 13
12 15
13 15
13 16
-1
EDGE_WEIGHT_SECTION
0	0	1	1	0	1	0	0	1	1	0	1	1	1	0	1	0	0
0	0	1	1	1	0	0	0	0	1	0	0	1	1	0	0	0	0
1	1	0	1	1	1	0	0	0	1	1	1	1	1	0	1	0	1
1	1	1	0	1	0	1	0	1	1	1	1	1	1	0	1	0	0
0	1	1	1	0	0	1	1	0	0	0	0	0	1	1	1	0	0
1	0	1	0	0	0	1	1	1	0	0	0	1	0	0	0	0	0
0	0	0	1	1	1	0	1	0	0	0	0	0	0	0	0	0	0
0	0	0	0	1	1	1	0	0	0	0	0	0	1	0	0	0	0
1	0	0	1	0	1	0	0	0	1	0	1	1	1	1	0	0	0
1	1	1	1	0	0	0	0	1	0	0	1	1	1	0	1	0	0
0	0	1	1	0	0	0	0	0	0	0	0	0	1	0	0	0	0
1	0	1	1	0	0	0	0	1	1	0	0	1	1	0	1	0	0
1	1	1	1	0	1	0	0	1	1	0	1	0	1	0	1	0	0
1	1	1	1	1	0	0	1	1	1	1	1	1	1	0	1	1	0
0	0	0	0	1	0	0	0	1	0	0	0	0	0	0	0	0	0
1	0	1	1	1	0	0	0	0	1	0	1	1	1	0	0	0	0
0	0	0	0	0	0	0	0	0	0	0	0	0	1	0	0	0	0
0	0	1	0	0	0	0	0	0	0	0	0	0	0	0	0	0	0
DIFF_EDGE
0 0
CHROM_NUMBER
9
EOF
