TYPE : graph_{count}
DIMENSION: 19
EDGE_DATA_FORMAT: EDGE_LIST
EDGE_WEIGHT_TYPE: EXPLICIT
EDGE_WEIGHT_FORMAT: FULL_MATRIX
EDGE_DATA_SECTION
0 2
0 3
0 5
0 6
0 9
0 11
0 15
0 16
1 4
1 5
1 6
1 7
1 15
1 16
1 17
2 3
2 5
2 6
2 9
2 15
2 16
2 17
3 5
3 8
3 9
3 10
3 15
3 16
3 17
4 6
4 7
4 8
4 9
4 15
5 6
5 10
6 7
6 8
7 12
7 15
8 9
8 12
8 14
8 15
9 15
9 16
9 17
10 14
11 17
12 13
12 15
13 15
13 16
13 17
14 17
15 16
15 17
16 17
17 18
-1
EDGE_WEIGHT_SECTION
0	0	1	1	0	1	1	0	0	1	0	1	0	0	0	1	1	0	0
0	0	0	0	1	1	1	1	0	0	0	0	0	0	0	1	1	1	0
1	0	0	1	0	1	1	0	0	1	0	0	0	0	0	1	1	1	0
1	0	1	0	0	1	0	0	1	1	1	0	0	0	0	1	1	1	0
0	1	0	0	0	0	1	1	1	1	0	0	0	0	0	1	0	0	0
1	1	1	1	0	0	1	0	0	0	1	0	0	0	0	0	0	0	0
1	1	1	0	1	1	0	1	1	0	0	0	0	0	0	0	0	0	0
0	1	0	0	1	0	1	0	0	0	0	0	1	0	0	1	0	0	0
0	0	0	1	1	0	1	0	0	1	0	0	1	0	1	1	0	0	0
1	0	1	1	1	0	0	0	1	0	0	0	0	0	0	1	1	1	0
0	0	0	1	0	1	0	0	0	0	0	0	0	0	1	0	0	0	0
1	0	0	0	0	0	0	0	0	0	0	0	0	0	0	0	0	1	0
0	0	0	0	0	0	0	1	1	0	0	0	0	1	0	1	0	0	0
0	0	0	0	0	0	0	0	0	0	0	0	1	0	0	1	1	1	0
0	0	0	0	0	0	0	0	1	0	1	0	0	0	0	0	0	1	0
1	1	1	1	1	0	0	1	1	1	0	0	1	1	0	0	1	1	0
1	1	1	1	0	0	0	0	0	1	0	0	0	1	0	1	0	1	0
0	1	1	1	0	0	0	0	0	1	0	1	0	1	1	1	1	0	1
0	0	0	0	0	0	0	0	0	0	0	0	0	0	0	0	0	1	0
DIFF_EDGE
0 0
CHROM_NUMBER
9
EOF
