TYPE : graph_{count}
DIMENSION: 18
EDGE_DATA_FORMAT: EDGE_LIST
EDGE_WEIGHT_TYPE: EXPLICIT
EDGE_WEIGHT_FORMAT: FULL_MATRIX
EDGE_DATA_SECTION
0 4
0 8
0 10
1 2
1 5
1 10
1 11
1 16
2 4
2 5
2 6
2 8
3 4
3 5
3 6
3 10
4 7
4 10
6 13
6 14
6 16
6 17
7 9
7 17
8 10
8 12
8 14
8 15
9 15
-1
EDGE_WEIGHT_SECTION
0	0	0	0	1	0	0	0	1	0	1	0	0	0	0	0	0	0
0	0	1	0	0	1	0	0	0	0	1	1	0	0	0	0	1	0
0	1	0	0	1	1	1	0	1	0	0	0	0	0	0	0	0	0
0	0	0	0	1	1	1	0	0	0	1	0	0	0	0	0	0	0
1	0	1	1	0	0	0	1	0	0	1	0	0	0	0	0	0	0
0	1	1	1	0	0	0	0	0	0	0	0	0	0	0	0	0	0
0	0	1	1	0	0	0	0	0	0	0	0	0	1	1	0	1	1
0	0	0	0	1	0	0	0	0	1	0	0	0	0	0	0	0	1
1	0	1	0	0	0	0	0	0	0	1	0	1	0	1	1	0	0
0	0	0	0	0	0	0	1	0	0	0	0	0	0	0	1	0	0
1	1	0	1	1	0	0	0	1	0	0	0	0	0	0	0	0	0
0	1	0	0	0	0	0	0	0	0	0	0	0	0	0	0	0	0
0	0	0	0	0	0	0	0	1	0	0	0	0	0	0	0	0	0
0	0	0	0	0	0	1	0	0	0	0	0	0	0	0	0	0	0
0	0	0	0	0	0	1	0	1	0	0	0	0	0	0	0	0	0
0	0	0	0	0	0	0	0	1	1	0	0	0	0	0	0	0	0
0	1	0	0	0	0	1	0	0	0	0	0	0	0	0	0	0	0
0	0	0	0	0	0	1	1	0	0	0	0	0	0	0	0	0	0
DIFF_EDGE
0 0
CHROM_NUMBER
5
EOF
