TYPE : graph_{count}
DIMENSION: 20
EDGE_DATA_FORMAT: EDGE_LIST
EDGE_WEIGHT_TYPE: EXPLICIT
EDGE_WEIGHT_FORMAT: FULL_MATRIX
EDGE_DATA_SECTION
0 1
0 2
0 4
0 5
0 6
0 9
0 14
0 18
1 3
1 5
1 10
1 11
1 13
1 14
1 15
1 18
2 3
2 4
2 5
2 7
2 9
2 10
2 11
2 13
2 14
2 15
2 18
3 4
3 5
3 8
3 9
3 10
3 13
3 14
3 15
3 18
4 7
4 8
4 9
4 10
4 12
4 13
4 15
5 7
5 10
5 13
5 14
5 15
5 18
7 18
9 14
9 18
10 13
10 14
10 15
10 18
11 14
11 15
11 18
12 14
12 15
12 17
12 18
13 15
13 16
13 18
13 19
14 15
14 16
14 18
15 18
-1
EDGE_WEIGHT_SECTION
0	1	1	0	1	1	1	0	0	1	0	0	0	0	1	0	0	0	1	0
1	0	0	1	0	1	0	0	0	0	1	1	0	1	1	1	0	0	1	0
1	0	0	1	1	1	0	1	0	1	1	1	0	1	1	1	0	0	1	0
0	1	1	0	1	1	0	0	1	1	1	0	0	1	1	1	0	0	1	0
1	0	1	1	0	0	0	1	1	1	1	0	1	1	0	1	0	0	0	0
1	1	1	1	0	0	0	1	0	0	1	0	0	1	1	1	0	0	1	0
1	0	0	0	0	0	0	0	0	0	0	0	0	0	0	0	0	0	0	0
0	0	1	0	1	1	0	0	0	0	0	0	0	0	0	0	0	0	1	0
0	0	0	1	1	0	0	0	0	0	0	0	0	0	0	0	0	0	0	0
1	0	1	1	1	0	0	0	0	0	0	0	0	0	1	0	0	0	1	0
0	1	1	1	1	1	0	0	0	0	0	0	0	1	1	1	0	0	1	0
0	1	1	0	0	0	0	0	0	0	0	0	0	0	1	1	0	0	1	0
0	0	0	0	1	0	0	0	0	0	0	0	0	0	1	1	0	1	1	0
0	1	1	1	1	1	0	0	0	0	1	0	0	0	0	1	1	0	1	1
1	1	1	1	0	1	0	0	0	1	1	1	1	0	1	1	1	0	1	0
0	1	1	1	1	1	0	0	0	0	1	1	1	1	1	0	0	0	1	0
0	0	0	0	0	0	0	0	0	0	0	0	0	1	1	0	0	0	0	0
0	0	0	0	0	0	0	0	0	0	0	0	1	0	0	0	0	0	0	0
1	1	1	1	0	1	0	1	0	1	1	1	1	1	1	1	0	0	1	0
0	0	0	0	0	0	0	0	0	0	0	0	0	1	0	0	0	0	0	0
DIFF_EDGE
0 0
CHROM_NUMBER
10
EOF
