TYPE : graph_{count}
DIMENSION: 17
EDGE_DATA_FORMAT: EDGE_LIST
EDGE_WEIGHT_TYPE: EXPLICIT
EDGE_WEIGHT_FORMAT: FULL_MATRIX
EDGE_DATA_SECTION
0 2
0 4
0 5
0 6
0 10
0 11
0 12
0 16
1 3
1 6
1 7
1 12
1 14
2 3
2 5
2 8
2 10
2 11
2 12
2 14
2 16
3 5
3 7
3 9
3 10
3 11
3 12
4 6
4 8
4 10
4 11
4 15
5 6
5 16
6 7
6 8
6 9
6 10
6 11
6 12
6 16
7 8
7 10
8 10
8 12
8 16
9 10
9 11
9 12
10 11
10 12
10 16
11 12
11 16
12 16
13 15
13 16
-1
EDGE_WEIGHT_SECTION
0	0	1	0	1	1	1	0	0	0	1	1	1	0	0	0	1
0	0	0	1	0	0	1	1	0	0	0	0	1	0	1	0	0
1	0	0	1	0	1	0	0	1	0	1	1	1	0	1	0	1
0	1	1	0	0	1	0	1	0	1	1	1	1	0	0	0	0
1	0	0	0	0	0	1	0	1	0	1	1	0	0	0	1	0
1	0	1	1	0	0	1	0	0	0	0	0	0	0	0	0	1
1	1	0	0	1	1	0	1	1	1	1	1	1	0	0	0	1
0	1	0	1	0	0	1	0	1	0	1	0	0	0	0	0	0
0	0	1	0	1	0	1	1	0	0	1	0	1	0	0	0	1
0	0	0	1	0	0	1	0	0	0	1	1	1	0	0	0	0
1	0	1	1	1	0	1	1	1	1	0	1	1	0	0	0	1
1	0	1	1	1	0	1	0	0	1	1	0	1	0	0	0	1
1	1	1	1	0	0	1	0	1	1	1	1	0	0	0	0	1
0	0	0	0	0	0	0	0	0	0	0	0	0	0	0	1	1
0	1	1	0	0	0	0	0	0	0	0	0	0	0	0	0	0
0	0	0	0	1	0	0	0	0	0	0	0	0	1	0	0	0
1	0	1	0	0	1	1	0	1	0	1	1	1	1	0	0	0
DIFF_EDGE
0 0
CHROM_NUMBER
9
EOF
