TYPE : graph_{count}
DIMENSION: 17
EDGE_DATA_FORMAT: EDGE_LIST
EDGE_WEIGHT_TYPE: EXPLICIT
EDGE_WEIGHT_FORMAT: FULL_MATRIX
EDGE_DATA_SECTION
0 2
0 3
0 4
0 5
0 8
0 10
0 13
0 16
1 4
1 5
1 10
2 4
2 5
2 8
2 11
3 4
3 5
3 6
3 7
3 13
3 14
3 16
4 6
4 10
4 13
4 15
5 6
5 9
5 10
5 13
5 16
6 10
6 12
6 13
6 16
7 8
7 9
8 9
8 10
8 13
8 14
8 15
8 16
9 10
9 12
10 13
13 16
15 16
-1
EDGE_WEIGHT_SECTION
0	0	1	1	1	1	0	0	1	0	1	0	0	1	0	0	1
0	0	0	0	1	1	0	0	0	0	1	0	0	0	0	0	0
1	0	0	0	1	1	0	0	1	0	0	1	0	0	0	0	0
1	0	0	0	1	1	1	1	0	0	0	0	0	1	1	0	1
1	1	1	1	0	0	1	0	0	0	1	0	0	1	0	1	0
1	1	1	1	0	0	1	0	0	1	1	0	0	1	0	0	1
0	0	0	1	1	1	0	0	0	0	1	0	1	1	0	0	1
0	0	0	1	0	0	0	0	1	1	0	0	0	0	0	0	0
1	0	1	0	0	0	0	1	0	1	1	0	0	1	1	1	1
0	0	0	0	0	1	0	1	1	0	1	0	1	0	0	0	0
1	1	0	0	1	1	1	0	1	1	0	0	0	1	0	0	0
0	0	1	0	0	0	0	0	0	0	0	0	0	0	0	0	0
0	0	0	0	0	0	1	0	0	1	0	0	0	0	0	0	0
1	0	0	1	1	1	1	0	1	0	1	0	0	0	0	0	1
0	0	0	1	0	0	0	0	1	0	0	0	0	0	0	0	0
0	0	0	0	1	0	0	0	1	0	0	0	0	0	0	0	1
1	0	0	1	0	1	1	0	1	0	0	0	0	1	0	1	0
DIFF_EDGE
0 0
CHROM_NUMBER
8
EOF
