TYPE : graph_{count}
DIMENSION: 16
EDGE_DATA_FORMAT: EDGE_LIST
EDGE_WEIGHT_TYPE: EXPLICIT
EDGE_WEIGHT_FORMAT: FULL_MATRIX
EDGE_DATA_SECTION
0 2
0 4
0 5
0 10
0 14
1 2
1 4
1 6
1 8
1 9
1 12
1 14
1 15
2 3
2 4
2 6
2 8
2 12
2 14
2 15
3 4
3 5
3 9
3 10
3 14
4 5
4 6
4 7
4 12
4 14
4 15
5 9
5 10
5 12
6 7
6 8
6 9
6 10
6 12
6 14
6 15
7 8
7 9
7 12
7 14
8 10
8 14
8 15
9 11
9 12
9 15
12 13
12 14
12 15
13 14
14 15
-1
EDGE_WEIGHT_SECTION
0	0	1	0	1	1	0	0	0	0	1	0	0	0	1	0
0	0	1	0	1	0	1	0	1	1	0	0	1	0	1	1
1	1	0	1	1	0	1	0	1	0	0	0	1	0	1	1
0	0	1	0	1	1	0	0	0	1	1	0	0	0	1	0
1	1	1	1	0	1	1	1	0	0	0	0	1	0	1	1
1	0	0	1	1	0	0	0	0	1	1	0	1	0	0	0
0	1	1	0	1	0	0	1	1	1	1	0	1	0	1	1
0	0	0	0	1	0	1	0	1	1	0	0	1	0	1	0
0	1	1	0	0	0	1	1	0	0	1	0	0	0	1	1
0	1	0	1	0	1	1	1	0	0	0	1	1	0	0	1
1	0	0	1	0	1	1	0	1	0	0	0	0	0	0	0
0	0	0	0	0	0	0	0	0	1	0	0	0	0	0	0
0	1	1	0	1	1	1	1	0	1	0	0	0	1	1	1
0	0	0	0	0	0	0	0	0	0	0	0	1	0	1	0
1	1	1	1	1	0	1	1	1	0	0	0	1	1	1	1
0	1	1	0	1	0	1	0	1	1	0	0	1	0	1	0
DIFF_EDGE
0 0
CHROM_NUMBER
9
EOF
