TYPE : graph_{count}
DIMENSION: 19
EDGE_DATA_FORMAT: EDGE_LIST
EDGE_WEIGHT_TYPE: EXPLICIT
EDGE_WEIGHT_FORMAT: FULL_MATRIX
EDGE_DATA_SECTION
0 2
0 4
0 5
0 6
0 8
0 9
0 10
0 11
0 13
0 14
0 15
1 3
1 6
1 9
1 11
1 14
2 3
2 4
2 5
2 7
2 9
2 10
2 11
2 14
2 15
3 7
3 8
3 15
4 5
4 6
4 7
4 9
4 11
4 14
4 15
4 17
5 6
5 7
5 8
5 10
5 11
5 12
6 7
6 8
7 8
9 11
9 12
9 14
9 15
11 14
11 15
12 14
12 15
13 15
14 15
14 18
15 16
-1
EDGE_WEIGHT_SECTION
0	0	1	0	1	1	1	0	1	1	1	1	0	1	1	1	0	0	0
0	0	0	1	0	0	1	0	0	1	0	1	0	0	1	0	0	0	0
1	0	0	1	1	1	0	1	0	1	1	1	0	0	1	1	0	0	0
0	1	1	0	0	0	0	1	1	0	0	0	0	0	0	1	0	0	0
1	0	1	0	0	1	1	1	0	1	0	1	0	0	1	1	0	1	0
1	0	1	0	1	0	1	1	1	0	1	1	1	0	0	0	0	0	0
1	1	0	0	1	1	0	1	1	0	0	0	0	0	0	0	0	0	0
0	0	1	1	1	1	1	0	1	0	0	0	0	0	0	0	0	0	0
1	0	0	1	0	1	1	1	0	0	0	0	0	0	0	0	0	0	0
1	1	1	0	1	0	0	0	0	0	0	1	1	0	1	1	0	0	0
1	0	1	0	0	1	0	0	0	0	0	0	0	0	0	0	0	0	0
1	1	1	0	1	1	0	0	0	1	0	0	0	0	1	1	0	0	0
0	0	0	0	0	1	0	0	0	1	0	0	0	0	1	1	0	0	0
1	0	0	0	0	0	0	0	0	0	0	0	0	0	0	1	0	0	0
1	1	1	0	1	0	0	0	0	1	0	1	1	0	0	1	0	0	1
1	0	1	1	1	0	0	0	0	1	0	1	1	1	1	1	1	0	0
0	0	0	0	0	0	0	0	0	0	0	0	0	0	0	1	0	0	0
0	0	0	0	1	0	0	0	0	0	0	0	0	0	0	0	0	0	0
0	0	0	0	0	0	0	0	0	0	0	0	0	0	1	0	0	0	0
DIFF_EDGE
0 0
CHROM_NUMBER
9
EOF
