TYPE : graph_{count}
DIMENSION: 16
EDGE_DATA_FORMAT: EDGE_LIST
EDGE_WEIGHT_TYPE: EXPLICIT
EDGE_WEIGHT_FORMAT: FULL_MATRIX
EDGE_DATA_SECTION
0 4
0 9
0 10
0 15
1 3
1 7
1 8
1 9
1 11
1 12
1 14
2 6
2 7
2 9
2 10
2 11
2 12
3 5
3 6
3 7
3 10
3 11
3 12
5 7
5 9
5 10
5 12
6 7
6 8
6 9
6 10
6 11
6 12
6 14
8 9
8 10
8 12
8 15
9 11
10 11
11 12
11 13
-1
EDGE_WEIGHT_SECTION
0	0	0	0	1	0	0	0	0	1	1	0	0	0	0	1
0	0	0	1	0	0	0	1	1	1	0	1	1	0	1	0
0	0	0	0	0	0	1	1	0	1	1	1	1	0	0	0
0	1	0	0	0	1	1	1	0	0	1	1	1	0	0	0
1	0	0	0	0	0	0	0	0	0	0	0	0	0	0	0
0	0	0	1	0	0	0	1	0	1	1	0	1	0	0	0
0	0	1	1	0	0	0	1	1	1	1	1	1	0	1	0
0	1	1	1	0	1	1	0	0	0	0	0	0	0	0	0
0	1	0	0	0	0	1	0	0	1	1	0	1	0	0	1
1	1	1	0	0	1	1	0	1	0	0	1	0	0	0	0
1	0	1	1	0	1	1	0	1	0	0	1	0	0	0	0
0	1	1	1	0	0	1	0	0	1	1	0	1	1	0	0
0	1	1	1	0	1	1	0	1	0	0	1	0	0	0	0
0	0	0	0	0	0	0	0	0	0	0	1	0	0	0	0
0	1	0	0	0	0	1	0	0	0	0	0	0	0	0	0
1	0	0	0	0	0	0	0	1	0	0	0	0	0	0	0
DIFF_EDGE
0 0
CHROM_NUMBER
8
EOF
