TYPE : graph_{count}
DIMENSION: 19
EDGE_DATA_FORMAT: EDGE_LIST
EDGE_WEIGHT_TYPE: EXPLICIT
EDGE_WEIGHT_FORMAT: FULL_MATRIX
EDGE_DATA_SECTION
0 1
0 7
1 3
1 8
1 10
1 17
2 5
2 6
2 7
2 8
2 9
2 17
3 5
3 6
3 8
3 9
3 14
3 17
4 7
4 8
4 9
4 10
4 14
4 17
5 7
5 9
5 10
5 12
5 17
5 18
6 8
6 11
6 13
6 17
6 18
7 8
7 13
7 17
8 9
8 10
8 17
9 15
10 17
12 16
12 17
15 17
-1
EDGE_WEIGHT_SECTION
0	1	0	0	0	0	0	1	0	0	0	0	0	0	0	0	0	0	0
1	0	0	1	0	0	0	0	1	0	1	0	0	0	0	0	0	1	0
0	0	0	0	0	1	1	1	1	1	0	0	0	0	0	0	0	1	0
0	1	0	0	0	1	1	0	1	1	0	0	0	0	1	0	0	1	0
0	0	0	0	0	0	0	1	1	1	1	0	0	0	1	0	0	1	0
0	0	1	1	0	0	0	1	0	1	1	0	1	0	0	0	0	1	1
0	0	1	1	0	0	0	0	1	0	0	1	0	1	0	0	0	1	1
1	0	1	0	1	1	0	0	1	0	0	0	0	1	0	0	0	1	0
0	1	1	1	1	0	1	1	0	1	1	0	0	0	0	0	0	1	0
0	0	1	1	1	1	0	0	1	0	0	0	0	0	0	1	0	0	0
0	1	0	0	1	1	0	0	1	0	0	0	0	0	0	0	0	1	0
0	0	0	0	0	0	1	0	0	0	0	0	0	0	0	0	0	0	0
0	0	0	0	0	1	0	0	0	0	0	0	0	0	0	0	1	1	0
0	0	0	0	0	0	1	1	0	0	0	0	0	0	0	0	0	0	0
0	0	0	1	1	0	0	0	0	0	0	0	0	0	0	0	0	0	0
0	0	0	0	0	0	0	0	0	1	0	0	0	0	0	0	0	1	0
0	0	0	0	0	0	0	0	0	0	0	0	1	0	0	0	0	0	0
0	1	1	1	1	1	1	1	1	0	1	0	1	0	0	1	0	0	0
0	0	0	0	0	1	1	0	0	0	0	0	0	0	0	0	0	0	0
DIFF_EDGE
0 0
CHROM_NUMBER
7
EOF
