TYPE : graph_{count}
DIMENSION: 21
EDGE_DATA_FORMAT: EDGE_LIST
EDGE_WEIGHT_TYPE: EXPLICIT
EDGE_WEIGHT_FORMAT: FULL_MATRIX
EDGE_DATA_SECTION
0 2
0 4
0 6
0 7
0 8
0 9
0 11
0 16
1 3
1 4
1 6
1 7
1 9
1 10
1 11
1 12
1 16
1 18
1 19
2 5
2 6
2 14
3 7
3 10
3 11
3 15
4 9
4 18
5 6
5 8
5 11
5 19
6 8
6 9
6 10
6 11
6 12
6 13
6 18
7 9
7 12
7 16
7 18
8 9
8 10
8 11
8 12
8 14
8 16
8 18
9 10
9 11
9 12
9 16
9 17
10 11
10 12
10 16
10 18
11 12
11 16
11 18
12 16
12 20
13 16
14 16
16 18
17 18
18 20
-1
EDGE_WEIGHT_SECTION
0	0	1	0	1	0	1	1	1	1	0	1	0	0	0	0	1	0	0	0	0
0	0	0	1	1	0	1	1	0	1	1	1	1	0	0	0	1	0	1	1	0
1	0	0	0	0	1	1	0	0	0	0	0	0	0	1	0	0	0	0	0	0
0	1	0	0	0	0	0	1	0	0	1	1	0	0	0	1	0	0	0	0	0
1	1	0	0	0	0	0	0	0	1	0	0	0	0	0	0	0	0	1	0	0
0	0	1	0	0	0	1	0	1	0	0	1	0	0	0	0	0	0	0	1	0
1	1	1	0	0	1	0	0	1	1	1	1	1	1	0	0	0	0	1	0	0
1	1	0	1	0	0	0	0	0	1	0	0	1	0	0	0	1	0	1	0	0
1	0	0	0	0	1	1	0	0	1	1	1	1	0	1	0	1	0	1	0	0
1	1	0	0	1	0	1	1	1	0	1	1	1	0	0	0	1	1	0	0	0
0	1	0	1	0	0	1	0	1	1	0	1	1	0	0	0	1	0	1	0	0
1	1	0	1	0	1	1	0	1	1	1	0	1	0	0	0	1	0	1	0	0
0	1	0	0	0	0	1	1	1	1	1	1	1	0	0	0	1	0	0	0	1
0	0	0	0	0	0	1	0	0	0	0	0	0	0	0	0	1	0	0	0	0
0	0	1	0	0	0	0	0	1	0	0	0	0	0	0	0	1	0	0	0	0
0	0	0	1	0	0	0	0	0	0	0	0	0	0	0	0	0	0	0	0	0
1	1	0	0	0	0	0	1	1	1	1	1	1	1	1	0	1	0	1	0	0
0	0	0	0	0	0	0	0	0	1	0	0	0	0	0	0	0	0	1	0	0
0	1	0	0	1	0	1	1	1	0	1	1	0	0	0	0	1	1	0	0	1
0	1	0	0	0	1	0	0	0	0	0	0	0	0	0	0	0	0	0	0	0
0	0	0	0	0	0	0	0	0	0	0	0	1	0	0	0	0	0	1	0	0
DIFF_EDGE
0 0
CHROM_NUMBER
10
EOF
