TYPE : graph_{count}
DIMENSION: 19
EDGE_DATA_FORMAT: EDGE_LIST
EDGE_WEIGHT_TYPE: EXPLICIT
EDGE_WEIGHT_FORMAT: FULL_MATRIX
EDGE_DATA_SECTION
0 4
0 10
0 12
0 14
1 3
1 4
1 5
1 7
1 8
1 12
1 13
1 14
2 3
2 4
3 7
3 10
3 14
3 16
3 18
4 5
4 6
4 9
4 14
5 7
5 9
6 9
6 10
6 13
6 14
6 18
7 8
7 10
7 14
8 9
8 10
8 14
10 14
11 14
11 16
13 15
14 15
14 17
-1
EDGE_WEIGHT_SECTION
0	0	0	0	1	0	0	0	0	0	1	0	1	0	1	0	0	0	0
0	0	0	1	1	1	0	1	1	0	0	0	1	1	1	0	0	0	0
0	0	0	1	1	0	0	0	0	0	0	0	0	0	0	0	0	0	0
0	1	1	0	0	0	0	1	0	0	1	0	0	0	1	0	1	0	1
1	1	1	0	0	1	1	0	0	1	0	0	0	0	1	0	0	0	0
0	1	0	0	1	0	0	1	0	1	0	0	0	0	0	0	0	0	0
0	0	0	0	1	0	0	0	0	1	1	0	0	1	1	0	0	0	1
0	1	0	1	0	1	0	0	1	0	1	0	0	0	1	0	0	0	0
0	1	0	0	0	0	0	1	0	1	1	0	0	0	1	0	0	0	0
0	0	0	0	1	1	1	0	1	0	0	0	0	0	0	0	0	0	0
1	0	0	1	0	0	1	1	1	0	0	0	0	0	1	0	0	0	0
0	0	0	0	0	0	0	0	0	0	0	0	0	0	1	0	1	0	0
1	1	0	0	0	0	0	0	0	0	0	0	0	0	0	0	0	0	0
0	1	0	0	0	0	1	0	0	0	0	0	0	0	0	1	0	0	0
1	1	0	1	1	0	1	1	1	0	1	1	0	0	0	1	0	1	0
0	0	0	0	0	0	0	0	0	0	0	0	0	1	1	0	0	0	0
0	0	0	1	0	0	0	0	0	0	0	1	0	0	0	0	0	0	0
0	0	0	0	0	0	0	0	0	0	0	0	0	0	1	0	0	0	0
0	0	0	1	0	0	1	0	0	0	0	0	0	0	0	0	0	0	0
DIFF_EDGE
0 0
CHROM_NUMBER
7
EOF
