TYPE : graph_{count}
DIMENSION: 14
EDGE_DATA_FORMAT: EDGE_LIST
EDGE_WEIGHT_TYPE: EXPLICIT
EDGE_WEIGHT_FORMAT: FULL_MATRIX
EDGE_DATA_SECTION
0 3
0 4
0 5
0 6
0 7
0 9
0 13
1 4
1 9
1 10
2 4
2 5
2 6
2 7
2 9
2 11
3 4
3 7
3 8
3 9
3 10
3 11
3 13
4 6
4 7
4 8
4 10
4 12
4 13
5 6
5 7
5 13
6 8
6 10
6 12
8 9
8 10
8 12
8 13
9 10
9 12
9 13
10 12
10 13
11 12
12 13
-1
EDGE_WEIGHT_SECTION
0	0	0	1	1	1	1	1	0	1	0	0	0	1
0	0	0	0	1	0	0	0	0	1	1	0	0	0
0	0	0	0	1	1	1	1	0	1	0	1	0	0
1	0	0	0	1	0	0	1	1	1	1	1	0	1
1	1	1	1	0	0	1	1	1	0	1	0	1	1
1	0	1	0	0	0	1	1	0	0	0	0	0	1
1	0	1	0	1	1	0	0	1	0	1	0	1	0
1	0	1	1	1	1	0	0	0	0	0	0	0	0
0	0	0	1	1	0	1	0	0	1	1	0	1	1
1	1	1	1	0	0	0	0	1	0	1	0	1	1
0	1	0	1	1	0	1	0	1	1	0	0	1	1
0	0	1	1	0	0	0	0	0	0	0	0	1	0
0	0	0	0	1	0	1	0	1	1	1	1	1	1
1	0	0	1	1	1	0	0	1	1	1	0	1	0
DIFF_EDGE
0 0
CHROM_NUMBER
8
EOF
