TYPE : graph_{count}
DIMENSION: 17
EDGE_DATA_FORMAT: EDGE_LIST
EDGE_WEIGHT_TYPE: EXPLICIT
EDGE_WEIGHT_FORMAT: FULL_MATRIX
EDGE_DATA_SECTION
0 4
0 6
0 9
0 16
1 2
1 3
1 4
1 5
1 6
1 10
1 11
1 16
2 3
2 4
2 5
2 6
2 11
2 15
3 5
3 6
3 9
3 11
3 12
3 13
4 7
4 11
4 13
4 16
5 10
6 7
6 10
6 11
6 16
7 8
7 9
7 10
7 11
7 16
8 9
9 10
9 16
10 11
10 16
11 16
12 14
12 16
14 16
15 16
-1
EDGE_WEIGHT_SECTION
0	0	0	0	1	0	1	0	0	1	0	0	0	0	0	0	1
0	0	1	1	1	1	1	0	0	0	1	1	0	0	0	0	1
0	1	0	1	1	1	1	0	0	0	0	1	0	0	0	1	0
0	1	1	0	0	1	1	0	0	1	0	1	1	1	0	0	0
1	1	1	0	0	0	0	1	0	0	0	1	0	1	0	0	1
0	1	1	1	0	0	0	0	0	0	1	0	0	0	0	0	0
1	1	1	1	0	0	0	1	0	0	1	1	0	0	0	0	1
0	0	0	0	1	0	1	0	1	1	1	1	0	0	0	0	1
0	0	0	0	0	0	0	1	0	1	0	0	0	0	0	0	0
1	0	0	1	0	0	0	1	1	0	1	0	0	0	0	0	1
0	1	0	0	0	1	1	1	0	1	0	1	0	0	0	0	1
0	1	1	1	1	0	1	1	0	0	1	0	0	0	0	0	1
0	0	0	1	0	0	0	0	0	0	0	0	0	0	1	0	1
0	0	0	1	1	0	0	0	0	0	0	0	0	0	0	0	0
0	0	0	0	0	0	0	0	0	0	0	0	1	0	0	0	1
0	0	1	0	0	0	0	0	0	0	0	0	0	0	0	0	1
1	1	0	0	1	0	1	1	0	1	1	1	1	0	1	1	1
DIFF_EDGE
0 0
CHROM_NUMBER
8
EOF
