TYPE : graph_{count}
DIMENSION: 21
EDGE_DATA_FORMAT: EDGE_LIST
EDGE_WEIGHT_TYPE: EXPLICIT
EDGE_WEIGHT_FORMAT: FULL_MATRIX
EDGE_DATA_SECTION
0 3
0 4
0 6
0 7
0 8
0 9
0 10
0 12
0 17
1 2
1 7
1 8
1 9
1 12
2 6
2 7
2 8
2 9
3 5
3 17
3 18
4 5
4 6
4 7
4 11
4 12
4 16
4 18
4 20
5 6
5 8
5 9
6 7
6 10
6 12
6 17
7 9
7 10
7 12
7 17
8 9
8 12
8 15
8 17
8 20
9 12
9 17
10 12
10 15
10 16
10 17
11 12
11 14
11 17
12 13
13 17
13 19
14 17
-1
EDGE_WEIGHT_SECTION
0	0	0	1	1	0	1	1	1	1	1	0	1	0	0	0	0	1	0	0	0
0	0	1	0	0	0	0	1	1	1	0	0	1	0	0	0	0	0	0	0	0
0	1	0	0	0	0	1	1	1	1	0	0	0	0	0	0	0	0	0	0	0
1	0	0	0	0	1	0	0	0	0	0	0	0	0	0	0	0	1	1	0	0
1	0	0	0	0	1	1	1	0	0	0	1	1	0	0	0	1	0	1	0	1
0	0	0	1	1	0	1	0	1	1	0	0	0	0	0	0	0	0	0	0	0
1	0	1	0	1	1	0	1	0	0	1	0	1	0	0	0	0	1	0	0	0
1	1	1	0	1	0	1	0	0	1	1	0	1	0	0	0	0	1	0	0	0
1	1	1	0	0	1	0	0	0	1	0	0	1	0	0	1	0	1	0	0	1
1	1	1	0	0	1	0	1	1	0	0	0	1	0	0	0	0	1	0	0	0
1	0	0	0	0	0	1	1	0	0	0	0	1	0	0	1	1	1	0	0	0
0	0	0	0	1	0	0	0	0	0	0	0	1	0	1	0	0	1	0	0	0
1	1	0	0	1	0	1	1	1	1	1	1	1	1	0	0	0	0	0	0	0
0	0	0	0	0	0	0	0	0	0	0	0	1	0	0	0	0	1	0	1	0
0	0	0	0	0	0	0	0	0	0	0	1	0	0	0	0	0	1	0	0	0
0	0	0	0	0	0	0	0	1	0	1	0	0	0	0	0	0	0	0	0	0
0	0	0	0	1	0	0	0	0	0	1	0	0	0	0	0	0	0	0	0	0
1	0	0	1	0	0	1	1	1	1	1	1	0	1	1	0	0	0	0	0	0
0	0	0	1	1	0	0	0	0	0	0	0	0	0	0	0	0	0	0	0	0
0	0	0	0	0	0	0	0	0	0	0	0	0	1	0	0	0	0	0	0	0
0	0	0	0	1	0	0	0	1	0	0	0	0	0	0	0	0	0	0	0	0
DIFF_EDGE
0 0
CHROM_NUMBER
8
EOF
