TYPE : graph_{count}
DIMENSION: 20
EDGE_DATA_FORMAT: EDGE_LIST
EDGE_WEIGHT_TYPE: EXPLICIT
EDGE_WEIGHT_FORMAT: FULL_MATRIX
EDGE_DATA_SECTION
0 1
0 3
0 7
0 8
0 9
0 13
0 16
1 2
1 4
1 5
1 6
1 7
1 11
1 12
2 7
2 8
2 9
2 11
2 16
3 4
3 5
3 7
3 8
3 9
3 11
3 12
3 13
3 16
4 5
4 9
4 11
4 12
4 13
4 16
4 18
5 7
5 9
5 10
5 11
5 12
5 13
5 16
6 9
6 10
7 8
7 10
7 11
7 12
7 13
7 16
7 18
7 19
8 10
9 11
9 13
9 15
9 19
11 12
11 13
11 14
11 16
12 13
12 15
12 16
13 16
15 17
16 17
-1
EDGE_WEIGHT_SECTION
0	1	0	1	0	0	0	1	1	1	0	0	0	1	0	0	1	0	0	0
1	0	1	0	1	1	1	1	0	0	0	1	1	0	0	0	0	0	0	0
0	1	0	0	0	0	0	1	1	1	0	1	0	0	0	0	1	0	0	0
1	0	0	0	1	1	0	1	1	1	0	1	1	1	0	0	1	0	0	0
0	1	0	1	0	1	0	0	0	1	0	1	1	1	0	0	1	0	1	0
0	1	0	1	1	0	0	1	0	1	1	1	1	1	0	0	1	0	0	0
0	1	0	0	0	0	0	0	0	1	1	0	0	0	0	0	0	0	0	0
1	1	1	1	0	1	0	0	1	0	1	1	1	1	0	0	1	0	1	1
1	0	1	1	0	0	0	1	0	0	1	0	0	0	0	0	0	0	0	0
1	0	1	1	1	1	1	0	0	0	0	1	0	1	0	1	0	0	0	1
0	0	0	0	0	1	1	1	1	0	0	0	0	0	0	0	0	0	0	0
0	1	1	1	1	1	0	1	0	1	0	0	1	1	1	0	1	0	0	0
0	1	0	1	1	1	0	1	0	0	0	1	0	1	0	1	1	0	0	0
1	0	0	1	1	1	0	1	0	1	0	1	1	0	0	0	1	0	0	0
0	0	0	0	0	0	0	0	0	0	0	1	0	0	0	0	0	0	0	0
0	0	0	0	0	0	0	0	0	1	0	0	1	0	0	0	0	1	0	0
1	0	1	1	1	1	0	1	0	0	0	1	1	1	0	0	0	1	0	0
0	0	0	0	0	0	0	0	0	0	0	0	0	0	0	1	1	0	0	0
0	0	0	0	1	0	0	1	0	0	0	0	0	0	0	0	0	0	0	0
0	0	0	0	0	0	0	1	0	1	0	0	0	0	0	0	0	0	0	0
DIFF_EDGE
0 0
CHROM_NUMBER
10
EOF
