TYPE : graph_{count}
DIMENSION: 18
EDGE_DATA_FORMAT: EDGE_LIST
EDGE_WEIGHT_TYPE: EXPLICIT
EDGE_WEIGHT_FORMAT: FULL_MATRIX
EDGE_DATA_SECTION
0 4
0 5
0 6
0 7
0 8
0 10
0 12
0 13
1 2
1 3
1 4
1 7
1 9
1 10
2 5
2 10
3 4
3 7
4 7
4 8
4 12
5 6
5 7
5 8
5 9
5 10
5 12
5 17
6 9
7 8
7 10
7 11
7 12
8 10
8 12
8 14
9 12
10 12
11 16
12 16
13 15
-1
EDGE_WEIGHT_SECTION
0	0	0	0	1	1	1	1	1	0	1	0	1	1	0	0	0	0
0	0	1	1	1	0	0	1	0	1	1	0	0	0	0	0	0	0
0	1	0	0	0	1	0	0	0	0	1	0	0	0	0	0	0	0
0	1	0	0	1	0	0	1	0	0	0	0	0	0	0	0	0	0
1	1	0	1	0	0	0	1	1	0	0	0	1	0	0	0	0	0
1	0	1	0	0	0	1	1	1	1	1	0	1	0	0	0	0	1
1	0	0	0	0	1	0	0	0	1	0	0	0	0	0	0	0	0
1	1	0	1	1	1	0	0	1	0	1	1	1	0	0	0	0	0
1	0	0	0	1	1	0	1	0	0	1	0	1	0	1	0	0	0
0	1	0	0	0	1	1	0	0	0	0	0	1	0	0	0	0	0
1	1	1	0	0	1	0	1	1	0	0	0	1	0	0	0	0	0
0	0	0	0	0	0	0	1	0	0	0	0	0	0	0	0	1	0
1	0	0	0	1	1	0	1	1	1	1	0	0	0	0	0	1	0
1	0	0	0	0	0	0	0	0	0	0	0	0	0	0	1	0	0
0	0	0	0	0	0	0	0	1	0	0	0	0	0	0	0	0	0
0	0	0	0	0	0	0	0	0	0	0	0	0	1	0	0	0	0
0	0	0	0	0	0	0	0	0	0	0	1	1	0	0	0	0	0
0	0	0	0	0	1	0	0	0	0	0	0	0	0	0	0	0	0
DIFF_EDGE
0 0
CHROM_NUMBER
7
EOF
