TYPE : graph_{count}
DIMENSION: 19
EDGE_DATA_FORMAT: EDGE_LIST
EDGE_WEIGHT_TYPE: EXPLICIT
EDGE_WEIGHT_FORMAT: FULL_MATRIX
EDGE_DATA_SECTION
0 1
0 4
0 5
0 6
0 9
0 11
0 13
0 16
1 5
1 6
1 7
1 9
1 11
1 13
1 16
1 18
2 3
2 5
2 6
2 9
2 11
3 4
3 5
3 6
3 9
3 12
3 17
4 6
4 7
4 8
4 11
4 13
4 16
5 9
5 11
5 13
5 16
6 10
6 13
6 16
7 8
7 11
7 15
9 10
9 11
9 13
9 16
10 12
10 13
10 15
11 13
11 14
11 16
12 16
13 16
-1
EDGE_WEIGHT_SECTION
0	1	0	0	1	1	1	0	0	1	0	1	0	1	0	0	1	0	0
1	0	0	0	0	1	1	1	0	1	0	1	0	1	0	0	1	0	1
0	0	0	1	0	1	1	0	0	1	0	1	0	0	0	0	0	0	0
0	0	1	0	1	1	1	0	0	1	0	0	1	0	0	0	0	1	0
1	0	0	1	0	0	1	1	1	0	0	1	0	1	0	0	1	0	0
1	1	1	1	0	0	0	0	0	1	0	1	0	1	0	0	1	0	0
1	1	1	1	1	0	0	0	0	0	1	0	0	1	0	0	1	0	0
0	1	0	0	1	0	0	0	1	0	0	1	0	0	0	1	0	0	0
0	0	0	0	1	0	0	1	0	0	0	0	0	0	0	0	0	0	0
1	1	1	1	0	1	0	0	0	0	1	1	0	1	0	0	1	0	0
0	0	0	0	0	0	1	0	0	1	0	0	1	1	0	1	0	0	0
1	1	1	0	1	1	0	1	0	1	0	1	0	1	1	0	1	0	0
0	0	0	1	0	0	0	0	0	0	1	0	0	0	0	0	1	0	0
1	1	0	0	1	1	1	0	0	1	1	1	0	0	0	0	1	0	0
0	0	0	0	0	0	0	0	0	0	0	1	0	0	0	0	0	0	0
0	0	0	0	0	0	0	1	0	0	1	0	0	0	0	0	0	0	0
1	1	0	0	1	1	1	0	0	1	0	1	1	1	0	0	0	0	0
0	0	0	1	0	0	0	0	0	0	0	0	0	0	0	0	0	0	0
0	1	0	0	0	0	0	0	0	0	0	0	0	0	0	0	0	0	0
DIFF_EDGE
0 0
CHROM_NUMBER
9
EOF
