TYPE : graph_{count}
DIMENSION: 15
EDGE_DATA_FORMAT: EDGE_LIST
EDGE_WEIGHT_TYPE: EXPLICIT
EDGE_WEIGHT_FORMAT: FULL_MATRIX
EDGE_DATA_SECTION
0 1
0 3
0 4
0 8
0 10
0 11
0 12
1 3
1 4
1 5
1 8
1 9
1 12
2 3
2 6
2 7
3 5
3 6
3 7
3 8
3 12
4 5
4 6
4 7
4 9
4 10
4 12
5 7
5 8
5 10
6 9
6 10
7 8
7 10
7 12
8 10
8 12
8 13
9 12
10 12
10 14
-1
EDGE_WEIGHT_SECTION
0	1	0	1	1	0	0	0	1	0	1	1	1	0	0
1	0	0	1	1	1	0	0	1	1	0	0	1	0	0
0	0	0	1	0	0	1	1	0	0	0	0	0	0	0
1	1	1	0	0	1	1	1	1	0	0	0	1	0	0
1	1	0	0	0	1	1	1	0	1	1	0	1	0	0
0	1	0	1	1	0	0	1	1	0	1	0	0	0	0
0	0	1	1	1	0	0	0	0	1	1	0	0	0	0
0	0	1	1	1	1	0	0	1	0	1	0	1	0	0
1	1	0	1	0	1	0	1	0	0	1	0	1	1	0
0	1	0	0	1	0	1	0	0	0	0	0	1	0	0
1	0	0	0	1	1	1	1	1	0	0	0	1	0	1
1	0	0	0	0	0	0	0	0	0	0	0	0	0	0
1	1	0	1	1	0	0	1	1	1	1	0	0	0	0
0	0	0	0	0	0	0	0	1	0	0	0	0	0	0
0	0	0	0	0	0	0	0	0	0	1	0	0	0	0
DIFF_EDGE
0 0
CHROM_NUMBER
7
EOF
