TYPE : graph_{count}
DIMENSION: 16
EDGE_DATA_FORMAT: EDGE_LIST
EDGE_WEIGHT_TYPE: EXPLICIT
EDGE_WEIGHT_FORMAT: FULL_MATRIX
EDGE_DATA_SECTION
0 1
0 2
0 3
0 9
0 10
0 13
1 4
1 6
1 9
2 4
2 6
2 8
2 9
2 10
2 12
2 15
3 7
3 10
4 5
4 7
4 9
4 14
5 8
6 7
6 10
7 8
7 9
7 15
9 10
10 14
11 12
-1
EDGE_WEIGHT_SECTION
0	1	1	1	0	0	0	0	0	1	1	0	0	1	0	0
1	0	0	0	1	0	1	0	0	1	0	0	0	0	0	0
1	0	0	0	1	0	1	0	1	1	1	0	1	0	0	1
1	0	0	0	0	0	0	1	0	0	1	0	0	0	0	0
0	1	1	0	0	1	0	1	0	1	0	0	0	0	1	0
0	0	0	0	1	0	0	0	1	0	0	0	0	0	0	0
0	1	1	0	0	0	0	1	0	0	1	0	0	0	0	0
0	0	0	1	1	0	1	0	1	1	0	0	0	0	0	1
0	0	1	0	0	1	0	1	0	0	0	0	0	0	0	0
1	1	1	0	1	0	0	1	0	0	1	0	0	0	0	0
1	0	1	1	0	0	1	0	0	1	0	0	0	0	1	0
0	0	0	0	0	0	0	0	0	0	0	0	1	0	0	0
0	0	1	0	0	0	0	0	0	0	0	1	0	0	0	0
1	0	0	0	0	0	0	0	0	0	0	0	0	0	0	0
0	0	0	0	1	0	0	0	0	0	1	0	0	0	0	0
0	0	1	0	0	0	0	1	0	0	0	0	0	0	0	0
DIFF_EDGE
0 0
CHROM_NUMBER
6
EOF
