TYPE : graph_{count}
DIMENSION: 21
EDGE_DATA_FORMAT: EDGE_LIST
EDGE_WEIGHT_TYPE: EXPLICIT
EDGE_WEIGHT_FORMAT: FULL_MATRIX
EDGE_DATA_SECTION
0 4
0 5
0 6
0 7
0 9
0 13
0 17
0 20
1 3
1 6
1 7
1 10
1 11
1 16
2 7
2 10
3 4
3 9
3 10
3 16
3 20
4 6
4 7
4 9
5 7
5 8
5 10
5 12
5 15
5 19
6 7
6 8
6 12
6 16
6 20
7 9
7 10
7 14
7 15
7 16
7 18
7 19
8 9
8 15
8 18
8 20
9 10
9 16
9 19
10 13
10 15
10 16
10 19
10 20
11 15
11 16
11 19
12 16
12 20
13 15
13 16
13 19
14 16
14 19
14 20
15 16
15 19
15 20
16 19
16 20
17 19
18 20
19 20
-1
EDGE_WEIGHT_SECTION
0	0	0	0	1	1	1	1	0	1	0	0	0	1	0	0	0	1	0	0	1
0	0	0	1	0	0	1	1	0	0	1	1	0	0	0	0	1	0	0	0	0
0	0	0	0	0	0	0	1	0	0	1	0	0	0	0	0	0	0	0	0	0
0	1	0	0	1	0	0	0	0	1	1	0	0	0	0	0	1	0	0	0	1
1	0	0	1	0	0	1	1	0	1	0	0	0	0	0	0	0	0	0	0	0
1	0	0	0	0	0	0	1	1	0	1	0	1	0	0	1	0	0	0	1	0
1	1	0	0	1	0	0	1	1	0	0	0	1	0	0	0	1	0	0	0	1
1	1	1	0	1	1	1	0	0	1	1	0	0	0	1	1	1	0	1	1	0
0	0	0	0	0	1	1	0	0	1	0	0	0	0	0	1	0	0	1	0	1
1	0	0	1	1	0	0	1	1	0	1	0	0	0	0	0	1	0	0	1	0
0	1	1	1	0	1	0	1	0	1	0	0	0	1	0	1	1	0	0	1	1
0	1	0	0	0	0	0	0	0	0	0	0	0	0	0	1	1	0	0	1	0
0	0	0	0	0	1	1	0	0	0	0	0	0	0	0	0	1	0	0	0	1
1	0	0	0	0	0	0	0	0	0	1	0	0	0	0	1	1	0	0	1	0
0	0	0	0	0	0	0	1	0	0	0	0	0	0	0	0	1	0	0	1	1
0	0	0	0	0	1	0	1	1	0	1	1	0	1	0	0	1	0	0	1	1
0	1	0	1	0	0	1	1	0	1	1	1	1	1	1	1	0	0	0	1	1
1	0	0	0	0	0	0	0	0	0	0	0	0	0	0	0	0	0	0	1	0
0	0	0	0	0	0	0	1	1	0	0	0	0	0	0	0	0	0	0	0	1
0	0	0	0	0	1	0	1	0	1	1	1	0	1	1	1	1	1	0	1	1
1	0	0	1	0	0	1	0	1	0	1	0	1	0	1	1	1	0	1	1	0
DIFF_EDGE
0 0
CHROM_NUMBER
10
EOF
