TYPE : graph_{count}
DIMENSION: 19
EDGE_DATA_FORMAT: EDGE_LIST
EDGE_WEIGHT_TYPE: EXPLICIT
EDGE_WEIGHT_FORMAT: FULL_MATRIX
EDGE_DATA_SECTION
0 1
0 4
0 5
0 6
0 8
0 10
0 11
0 13
0 17
1 2
1 6
1 7
1 9
1 11
1 13
1 14
1 18
2 7
2 8
2 10
3 9
3 15
4 5
4 6
4 7
4 8
4 10
4 11
4 13
4 14
5 7
5 10
5 13
7 8
7 9
7 11
8 11
8 15
8 16
10 11
10 13
10 18
11 13
12 13
12 16
-1
EDGE_WEIGHT_SECTION
0	1	0	0	1	1	1	0	1	0	1	1	0	1	0	0	0	1	0
1	0	1	0	0	0	1	1	0	1	0	1	0	1	1	0	0	0	1
0	1	0	0	0	0	0	1	1	0	1	0	0	0	0	0	0	0	0
0	0	0	0	0	0	0	0	0	1	0	0	0	0	0	1	0	0	0
1	0	0	0	0	1	1	1	1	0	1	1	0	1	1	0	0	0	0
1	0	0	0	1	0	0	1	0	0	1	0	0	1	0	0	0	0	0
1	1	0	0	1	0	0	0	0	0	0	0	0	0	0	0	0	0	0
0	1	1	0	1	1	0	0	1	1	0	1	0	0	0	0	0	0	0
1	0	1	0	1	0	0	1	0	0	0	1	0	0	0	1	1	0	0
0	1	0	1	0	0	0	1	0	0	0	0	0	0	0	0	0	0	0
1	0	1	0	1	1	0	0	0	0	0	1	0	1	0	0	0	0	1
1	1	0	0	1	0	0	1	1	0	1	1	0	1	0	0	0	0	0
0	0	0	0	0	0	0	0	0	0	0	0	0	1	0	0	1	0	0
1	1	0	0	1	1	0	0	0	0	1	1	1	0	0	0	0	0	0
0	1	0	0	1	0	0	0	0	0	0	0	0	0	0	0	0	0	0
0	0	0	1	0	0	0	0	1	0	0	0	0	0	0	0	0	0	0
0	0	0	0	0	0	0	0	1	0	0	0	1	0	0	0	0	0	0
1	0	0	0	0	0	0	0	0	0	0	0	0	0	0	0	0	0	0
0	1	0	0	0	0	0	0	0	0	1	0	0	0	0	0	0	0	0
DIFF_EDGE
0 0
CHROM_NUMBER
8
EOF
