TYPE : graph_{count}
DIMENSION: 16
EDGE_DATA_FORMAT: EDGE_LIST
EDGE_WEIGHT_TYPE: EXPLICIT
EDGE_WEIGHT_FORMAT: FULL_MATRIX
EDGE_DATA_SECTION
0 3
0 4
0 9
0 10
0 13
1 2
1 3
1 4
1 8
1 9
1 13
1 15
2 5
2 6
2 7
2 8
2 9
2 10
2 11
2 12
2 13
2 15
3 6
3 8
3 14
4 6
4 9
4 10
4 15
5 6
5 9
5 10
5 13
5 14
6 8
6 9
6 13
6 15
7 8
7 9
7 13
8 9
8 10
8 13
8 15
9 10
9 13
9 15
10 13
10 15
11 15
12 15
13 15
14 15
-1
EDGE_WEIGHT_SECTION
0	0	0	1	1	0	0	0	0	1	1	0	0	1	0	0
0	0	1	1	1	0	0	0	1	1	0	0	0	1	0	1
0	1	0	0	0	1	1	1	1	1	1	1	1	1	0	1
1	1	0	0	0	0	1	0	1	0	0	0	0	0	1	0
1	1	0	0	0	0	1	0	0	1	1	0	0	0	0	1
0	0	1	0	0	0	1	0	0	1	1	0	0	1	1	0
0	0	1	1	1	1	0	0	1	1	0	0	0	1	0	1
0	0	1	0	0	0	0	0	1	1	0	0	0	1	0	0
0	1	1	1	0	0	1	1	0	1	1	0	0	1	0	1
1	1	1	0	1	1	1	1	1	0	1	0	0	1	0	1
1	0	1	0	1	1	0	0	1	1	0	0	0	1	0	1
0	0	1	0	0	0	0	0	0	0	0	0	0	0	0	1
0	0	1	0	0	0	0	0	0	0	0	0	0	0	0	1
1	1	1	0	0	1	1	1	1	1	1	0	0	0	0	1
0	0	0	1	0	1	0	0	0	0	0	0	0	0	0	1
0	1	1	0	1	0	1	0	1	1	1	1	1	1	1	0
DIFF_EDGE
0 0
CHROM_NUMBER
8
EOF
