TYPE : graph_{count}
DIMENSION: 16
EDGE_DATA_FORMAT: EDGE_LIST
EDGE_WEIGHT_TYPE: EXPLICIT
EDGE_WEIGHT_FORMAT: FULL_MATRIX
EDGE_DATA_SECTION
0 1
0 5
0 6
0 10
1 4
1 5
1 7
1 11
1 13
1 14
2 3
2 4
2 5
2 7
2 8
2 10
2 11
2 13
3 4
3 5
3 10
3 13
4 6
4 7
4 8
4 12
5 6
5 8
5 9
5 10
6 9
6 10
7 8
7 9
7 10
7 13
8 10
8 13
10 13
12 13
14 15
-1
EDGE_WEIGHT_SECTION
0	1	0	0	0	1	1	0	0	0	1	0	0	0	0	0
1	0	0	0	1	1	0	1	0	0	0	1	0	1	1	0
0	0	0	1	1	1	0	1	1	0	1	1	0	1	0	0
0	0	1	0	1	1	0	0	0	0	1	0	0	1	0	0
0	1	1	1	0	0	1	1	1	0	0	0	1	0	0	0
1	1	1	1	0	0	1	0	1	1	1	0	0	0	0	0
1	0	0	0	1	1	0	0	0	1	1	0	0	0	0	0
0	1	1	0	1	0	0	0	1	1	1	0	0	1	0	0
0	0	1	0	1	1	0	1	0	0	1	0	0	1	0	0
0	0	0	0	0	1	1	1	0	0	0	0	0	0	0	0
1	0	1	1	0	1	1	1	1	0	0	0	0	1	0	0
0	1	1	0	0	0	0	0	0	0	0	0	0	0	0	0
0	0	0	0	1	0	0	0	0	0	0	0	0	1	0	0
0	1	1	1	0	0	0	1	1	0	1	0	1	0	0	0
0	1	0	0	0	0	0	0	0	0	0	0	0	0	0	1
0	0	0	0	0	0	0	0	0	0	0	0	0	0	1	0
DIFF_EDGE
0 0
CHROM_NUMBER
7
EOF
