TYPE : graph_{count}
DIMENSION: 18
EDGE_DATA_FORMAT: EDGE_LIST
EDGE_WEIGHT_TYPE: EXPLICIT
EDGE_WEIGHT_FORMAT: FULL_MATRIX
EDGE_DATA_SECTION
0 7
0 8
0 13
0 14
1 2
1 7
1 9
1 13
1 14
1 15
1 17
2 3
2 14
3 4
3 7
3 10
3 11
3 12
3 13
4 9
4 14
5 7
5 8
5 10
6 8
6 10
6 13
6 14
6 15
6 17
7 9
7 15
8 11
8 16
9 12
9 13
9 14
9 15
9 16
11 14
12 13
12 15
13 14
13 15
14 15
-1
EDGE_WEIGHT_SECTION
0	0	0	0	0	0	0	1	1	0	0	0	0	1	1	0	0	0
0	0	1	0	0	0	0	1	0	1	0	0	0	1	1	1	0	1
0	1	0	1	0	0	0	0	0	0	0	0	0	0	1	0	0	0
0	0	1	0	1	0	0	1	0	0	1	1	1	1	0	0	0	0
0	0	0	1	0	0	0	0	0	1	0	0	0	0	1	0	0	0
0	0	0	0	0	0	0	1	1	0	1	0	0	0	0	0	0	0
0	0	0	0	0	0	0	0	1	0	1	0	0	1	1	1	0	1
1	1	0	1	0	1	0	0	0	1	0	0	0	0	0	1	0	0
1	0	0	0	0	1	1	0	0	0	0	1	0	0	0	0	1	0
0	1	0	0	1	0	0	1	0	0	0	0	1	1	1	1	1	0
0	0	0	1	0	1	1	0	0	0	0	0	0	0	0	0	0	0
0	0	0	1	0	0	0	0	1	0	0	0	0	0	1	0	0	0
0	0	0	1	0	0	0	0	0	1	0	0	0	1	0	1	0	0
1	1	0	1	0	0	1	0	0	1	0	0	1	0	1	1	0	0
1	1	1	0	1	0	1	0	0	1	0	1	0	1	1	1	0	0
0	1	0	0	0	0	1	1	0	1	0	0	1	1	1	1	0	0
0	0	0	0	0	0	0	0	1	1	0	0	0	0	0	0	0	0
0	1	0	0	0	0	1	0	0	0	0	0	0	0	0	0	0	0
DIFF_EDGE
0 0
CHROM_NUMBER
8
EOF
