TYPE : graph_{count}
DIMENSION: 18
EDGE_DATA_FORMAT: EDGE_LIST
EDGE_WEIGHT_TYPE: EXPLICIT
EDGE_WEIGHT_FORMAT: FULL_MATRIX
EDGE_DATA_SECTION
0 3
0 6
0 7
0 9
0 10
1 2
1 3
1 5
1 7
1 8
1 9
1 11
1 13
1 15
1 16
2 3
2 4
2 8
2 9
2 10
2 11
2 13
2 15
2 16
3 5
3 6
3 7
3 8
3 9
3 11
3 15
3 16
3 17
4 10
5 6
5 8
5 9
5 11
5 12
5 13
5 15
6 16
7 10
7 11
7 15
7 16
8 9
8 11
8 13
8 15
8 16
9 11
9 13
9 14
9 16
10 12
10 15
10 16
11 13
11 15
11 16
12 16
13 15
13 16
13 17
14 15
14 16
15 16
-1
EDGE_WEIGHT_SECTION
0	0	0	1	0	0	1	1	0	1	1	0	0	0	0	0	0	0
0	0	1	1	0	1	0	1	1	1	0	1	0	1	0	1	1	0
0	1	0	1	1	0	0	0	1	1	1	1	0	1	0	1	1	0
1	1	1	0	0	1	1	1	1	1	0	1	0	0	0	1	1	1
0	0	1	0	0	0	0	0	0	0	1	0	0	0	0	0	0	0
0	1	0	1	0	0	1	0	1	1	0	1	1	1	0	1	0	0
1	0	0	1	0	1	0	0	0	0	0	0	0	0	0	0	1	0
1	1	0	1	0	0	0	0	0	0	1	1	0	0	0	1	1	0
0	1	1	1	0	1	0	0	0	1	0	1	0	1	0	1	1	0
1	1	1	1	0	1	0	0	1	0	0	1	0	1	1	0	1	0
1	0	1	0	1	0	0	1	0	0	0	0	1	0	0	1	1	0
0	1	1	1	0	1	0	1	1	1	0	0	0	1	0	1	1	0
0	0	0	0	0	1	0	0	0	0	1	0	0	0	0	0	1	0
0	1	1	0	0	1	0	0	1	1	0	1	0	0	0	1	1	1
0	0	0	0	0	0	0	0	0	1	0	0	0	0	0	1	1	0
0	1	1	1	0	1	0	1	1	0	1	1	0	1	1	1	1	0
0	1	1	1	0	0	1	1	1	1	1	1	1	1	1	1	0	0
0	0	0	1	0	0	0	0	0	0	0	0	0	1	0	0	0	0
DIFF_EDGE
0 0
CHROM_NUMBER
10
EOF
