TYPE : graph_{count}
DIMENSION: 19
EDGE_DATA_FORMAT: EDGE_LIST
EDGE_WEIGHT_TYPE: EXPLICIT
EDGE_WEIGHT_FORMAT: FULL_MATRIX
EDGE_DATA_SECTION
0 2
0 7
0 11
0 13
0 15
1 2
1 6
1 8
1 10
2 6
2 9
3 5
3 6
3 8
3 9
3 10
4 5
4 8
4 16
5 6
5 7
5 17
6 15
7 8
7 14
9 10
9 14
9 17
9 18
11 12
11 13
16 18
-1
EDGE_WEIGHT_SECTION
0	0	1	0	0	0	0	1	0	0	0	1	0	1	0	1	0	0	0
0	0	1	0	0	0	1	0	1	0	1	0	0	0	0	0	0	0	0
1	1	0	0	0	0	1	0	0	1	0	0	0	0	0	0	0	0	0
0	0	0	0	0	1	1	0	1	1	1	0	0	0	0	0	0	0	0
0	0	0	0	0	1	0	0	1	0	0	0	0	0	0	0	1	0	0
0	0	0	1	1	0	1	1	0	0	0	0	0	0	0	0	0	1	0
0	1	1	1	0	1	0	0	0	0	0	0	0	0	0	1	0	0	0
1	0	0	0	0	1	0	0	1	0	0	0	0	0	1	0	0	0	0
0	1	0	1	1	0	0	1	0	0	0	0	0	0	0	0	0	0	0
0	0	1	1	0	0	0	0	0	0	1	0	0	0	1	0	0	1	1
0	1	0	1	0	0	0	0	0	1	0	0	0	0	0	0	0	0	0
1	0	0	0	0	0	0	0	0	0	0	0	1	1	0	0	0	0	0
0	0	0	0	0	0	0	0	0	0	0	1	0	0	0	0	0	0	0
1	0	0	0	0	0	0	0	0	0	0	1	0	0	0	0	0	0	0
0	0	0	0	0	0	0	1	0	1	0	0	0	0	0	0	0	0	0
1	0	0	0	0	0	1	0	0	0	0	0	0	0	0	0	0	0	0
0	0	0	0	1	0	0	0	0	0	0	0	0	0	0	0	0	0	1
0	0	0	0	0	1	0	0	0	1	0	0	0	0	0	0	0	0	0
0	0	0	0	0	0	0	0	0	1	0	0	0	0	0	0	1	0	0
DIFF_EDGE
0 0
CHROM_NUMBER
5
EOF
