TYPE : graph_{count}
DIMENSION: 21
EDGE_DATA_FORMAT: EDGE_LIST
EDGE_WEIGHT_TYPE: EXPLICIT
EDGE_WEIGHT_FORMAT: FULL_MATRIX
EDGE_DATA_SECTION
0 5
0 6
0 8
0 10
0 15
0 17
1 3
1 4
1 5
1 7
1 8
1 9
1 10
1 14
1 16
1 17
1 19
2 3
2 5
2 7
2 9
2 11
2 12
2 15
2 17
2 19
3 4
3 7
3 8
3 9
3 11
3 19
4 8
4 11
5 6
5 7
5 8
5 9
5 10
5 11
5 17
5 19
5 20
6 7
6 8
6 9
6 11
6 17
6 19
7 10
7 15
8 9
8 10
8 11
8 12
8 17
8 18
8 19
9 11
9 13
9 15
10 15
10 17
11 14
11 15
11 17
11 19
13 15
13 17
13 19
14 15
14 17
14 19
15 17
15 18
15 19
15 20
16 17
17 19
-1
EDGE_WEIGHT_SECTION
0	0	0	0	0	1	1	0	1	0	1	0	0	0	0	1	0	1	0	0	0
0	0	0	1	1	1	0	1	1	1	1	0	0	0	1	0	1	1	0	1	0
0	0	0	1	0	1	0	1	0	1	0	1	1	0	0	1	0	1	0	1	0
0	1	1	0	1	0	0	1	1	1	0	1	0	0	0	0	0	0	0	1	0
0	1	0	1	0	0	0	0	1	0	0	1	0	0	0	0	0	0	0	0	0
1	1	1	0	0	0	1	1	1	1	1	1	0	0	0	0	0	1	0	1	1
1	0	0	0	0	1	0	1	1	1	0	1	0	0	0	0	0	1	0	1	0
0	1	1	1	0	1	1	0	0	0	1	0	0	0	0	1	0	0	0	0	0
1	1	0	1	1	1	1	0	0	1	1	1	1	0	0	0	0	1	1	1	0
0	1	1	1	0	1	1	0	1	0	0	1	0	1	0	1	0	0	0	0	0
1	1	0	0	0	1	0	1	1	0	0	0	0	0	0	1	0	1	0	0	0
0	0	1	1	1	1	1	0	1	1	0	0	0	0	1	1	0	1	0	1	0
0	0	1	0	0	0	0	0	1	0	0	0	0	0	0	0	0	0	0	0	0
0	0	0	0	0	0	0	0	0	1	0	0	0	0	0	1	0	1	0	1	0
0	1	0	0	0	0	0	0	0	0	0	1	0	0	0	1	0	1	0	1	0
1	0	1	0	0	0	0	1	0	1	1	1	0	1	1	1	0	1	1	1	1
0	1	0	0	0	0	0	0	0	0	0	0	0	0	0	0	0	1	0	0	0
1	1	1	0	0	1	1	0	1	0	1	1	0	1	1	1	1	0	0	1	0
0	0	0	0	0	0	0	0	1	0	0	0	0	0	0	1	0	0	0	0	0
0	1	1	1	0	1	1	0	1	0	0	1	0	1	1	1	0	1	0	0	0
0	0	0	0	0	1	0	0	0	0	0	0	0	0	0	1	0	0	0	0	0
DIFF_EDGE
0 0
CHROM_NUMBER
10
EOF
