TYPE : graph_{count}
DIMENSION: 18
EDGE_DATA_FORMAT: EDGE_LIST
EDGE_WEIGHT_TYPE: EXPLICIT
EDGE_WEIGHT_FORMAT: FULL_MATRIX
EDGE_DATA_SECTION
0 1
0 2
0 3
0 5
0 6
0 7
0 10
0 14
1 2
1 3
1 4
1 8
1 12
1 14
2 4
2 5
2 6
2 8
2 9
2 10
2 14
3 5
3 8
3 9
3 10
3 14
3 16
4 6
4 8
4 11
5 6
5 7
6 7
7 8
7 9
7 10
8 10
8 13
8 14
8 15
11 14
16 17
-1
EDGE_WEIGHT_SECTION
0	1	1	1	0	1	1	1	0	0	1	0	0	0	1	0	0	0
1	0	1	1	1	0	0	0	1	0	0	0	1	0	1	0	0	0
1	1	0	0	1	1	1	0	1	1	1	0	0	0	1	0	0	0
1	1	0	0	0	1	0	0	1	1	1	0	0	0	1	0	1	0
0	1	1	0	0	0	1	0	1	0	0	1	0	0	0	0	0	0
1	0	1	1	0	0	1	1	0	0	0	0	0	0	0	0	0	0
1	0	1	0	1	1	0	1	0	0	0	0	0	0	0	0	0	0
1	0	0	0	0	1	1	0	1	1	1	0	0	0	0	0	0	0
0	1	1	1	1	0	0	1	0	0	1	0	0	1	1	1	0	0
0	0	1	1	0	0	0	1	0	0	0	0	0	0	0	0	0	0
1	0	1	1	0	0	0	1	1	0	0	0	0	0	0	0	0	0
0	0	0	0	1	0	0	0	0	0	0	0	0	0	1	0	0	0
0	1	0	0	0	0	0	0	0	0	0	0	0	0	0	0	0	0
0	0	0	0	0	0	0	0	1	0	0	0	0	0	0	0	0	0
1	1	1	1	0	0	0	0	1	0	0	1	0	0	0	0	0	0
0	0	0	0	0	0	0	0	1	0	0	0	0	0	0	0	0	0
0	0	0	1	0	0	0	0	0	0	0	0	0	0	0	0	0	1
0	0	0	0	0	0	0	0	0	0	0	0	0	0	0	0	1	0
DIFF_EDGE
0 0
CHROM_NUMBER
7
EOF
