TYPE : graph_{count}
DIMENSION: 20
EDGE_DATA_FORMAT: EDGE_LIST
EDGE_WEIGHT_TYPE: EXPLICIT
EDGE_WEIGHT_FORMAT: FULL_MATRIX
EDGE_DATA_SECTION
0 1
0 7
0 10
0 11
1 5
1 6
1 8
1 9
1 10
1 12
1 19
2 6
2 7
2 8
2 9
2 10
2 12
2 13
2 14
3 4
3 5
3 6
4 6
4 7
4 9
4 10
4 12
4 15
5 6
5 8
5 17
6 7
6 11
6 16
7 8
7 9
7 12
8 9
8 10
8 12
9 12
9 17
10 16
11 12
11 19
14 18
-1
EDGE_WEIGHT_SECTION
0	1	0	0	0	0	0	1	0	0	1	1	0	0	0	0	0	0	0	0
1	0	0	0	0	1	1	0	1	1	1	0	1	0	0	0	0	0	0	1
0	0	0	0	0	0	1	1	1	1	1	0	1	1	1	0	0	0	0	0
0	0	0	0	1	1	1	0	0	0	0	0	0	0	0	0	0	0	0	0
0	0	0	1	0	0	1	1	0	1	1	0	1	0	0	1	0	0	0	0
0	1	0	1	0	0	1	0	1	0	0	0	0	0	0	0	0	1	0	0
0	1	1	1	1	1	0	1	0	0	0	1	0	0	0	0	1	0	0	0
1	0	1	0	1	0	1	0	1	1	0	0	1	0	0	0	0	0	0	0
0	1	1	0	0	1	0	1	0	1	1	0	1	0	0	0	0	0	0	0
0	1	1	0	1	0	0	1	1	0	0	0	1	0	0	0	0	1	0	0
1	1	1	0	1	0	0	0	1	0	0	0	0	0	0	0	1	0	0	0
1	0	0	0	0	0	1	0	0	0	0	0	1	0	0	0	0	0	0	1
0	1	1	0	1	0	0	1	1	1	0	1	0	0	0	0	0	0	0	0
0	0	1	0	0	0	0	0	0	0	0	0	0	0	0	0	0	0	0	0
0	0	1	0	0	0	0	0	0	0	0	0	0	0	0	0	0	0	1	0
0	0	0	0	1	0	0	0	0	0	0	0	0	0	0	0	0	0	0	0
0	0	0	0	0	0	1	0	0	0	1	0	0	0	0	0	0	0	0	0
0	0	0	0	0	1	0	0	0	1	0	0	0	0	0	0	0	0	0	0
0	0	0	0	0	0	0	0	0	0	0	0	0	0	1	0	0	0	0	0
0	1	0	0	0	0	0	0	0	0	0	1	0	0	0	0	0	0	0	0
DIFF_EDGE
0 0
CHROM_NUMBER
7
EOF
