TYPE : graph_{count}
DIMENSION: 21
EDGE_DATA_FORMAT: EDGE_LIST
EDGE_WEIGHT_TYPE: EXPLICIT
EDGE_WEIGHT_FORMAT: FULL_MATRIX
EDGE_DATA_SECTION
0 2
0 3
0 5
0 8
0 9
0 10
0 11
0 20
1 3
1 7
1 8
1 14
2 9
2 10
3 7
4 5
4 6
4 7
4 8
4 10
4 11
4 15
4 17
4 18
4 20
5 6
5 7
5 8
5 10
5 12
5 14
5 17
6 8
6 9
6 10
7 8
7 9
7 20
8 10
8 13
8 15
8 18
8 20
9 15
9 17
9 18
9 20
10 15
10 17
10 18
10 20
11 15
11 17
11 19
11 20
12 17
12 20
13 16
13 20
14 15
14 17
14 18
14 20
15 17
15 18
15 20
16 17
16 20
17 18
17 20
18 19
18 20
19 20
-1
EDGE_WEIGHT_SECTION
0	0	1	1	0	1	0	0	1	1	1	1	0	0	0	0	0	0	0	0	1
0	0	0	1	0	0	0	1	1	0	0	0	0	0	1	0	0	0	0	0	0
1	0	0	0	0	0	0	0	0	1	1	0	0	0	0	0	0	0	0	0	0
1	1	0	0	0	0	0	1	0	0	0	0	0	0	0	0	0	0	0	0	0
0	0	0	0	0	1	1	1	1	0	1	1	0	0	0	1	0	1	1	0	1
1	0	0	0	1	0	1	1	1	0	1	0	1	0	1	0	0	1	0	0	0
0	0	0	0	1	1	0	0	1	1	1	0	0	0	0	0	0	0	0	0	0
0	1	0	1	1	1	0	0	1	1	0	0	0	0	0	0	0	0	0	0	1
1	1	0	0	1	1	1	1	0	0	1	0	0	1	0	1	0	0	1	0	1
1	0	1	0	0	0	1	1	0	0	0	0	0	0	0	1	0	1	1	0	1
1	0	1	0	1	1	1	0	1	0	0	0	0	0	0	1	0	1	1	0	1
1	0	0	0	1	0	0	0	0	0	0	0	0	0	0	1	0	1	0	1	1
0	0	0	0	0	1	0	0	0	0	0	0	0	0	0	0	0	1	0	0	1
0	0	0	0	0	0	0	0	1	0	0	0	0	0	0	0	1	0	0	0	1
0	1	0	0	0	1	0	0	0	0	0	0	0	0	0	1	0	1	1	0	1
0	0	0	0	1	0	0	0	1	1	1	1	0	0	1	0	0	1	1	0	1
0	0	0	0	0	0	0	0	0	0	0	0	0	1	0	0	0	1	0	0	1
0	0	0	0	1	1	0	0	0	1	1	1	1	0	1	1	1	0	1	0	1
0	0	0	0	1	0	0	0	1	1	1	0	0	0	1	1	0	1	0	1	1
0	0	0	0	0	0	0	0	0	0	0	1	0	0	0	0	0	0	1	0	1
1	0	0	0	1	0	0	1	1	1	1	1	1	1	1	1	1	1	1	1	0
DIFF_EDGE
0 0
CHROM_NUMBER
10
EOF
