TYPE : graph_{count}
DIMENSION: 16
EDGE_DATA_FORMAT: EDGE_LIST
EDGE_WEIGHT_TYPE: EXPLICIT
EDGE_WEIGHT_FORMAT: FULL_MATRIX
EDGE_DATA_SECTION
0 3
0 4
0 8
0 10
0 11
0 13
0 14
1 2
1 3
1 5
1 6
1 9
1 13
2 3
2 4
2 7
2 8
2 9
2 10
2 11
2 13
2 14
3 6
3 7
4 5
4 8
4 10
4 11
4 13
4 14
4 15
5 7
5 8
5 9
5 10
5 11
5 12
5 13
5 14
6 7
6 8
6 9
7 10
7 14
8 9
8 11
8 13
8 14
9 10
9 11
9 14
10 13
11 13
11 14
12 13
13 14
-1
EDGE_WEIGHT_SECTION
0	0	0	1	1	0	0	0	1	0	1	1	0	1	1	0
0	0	1	1	0	1	1	0	0	1	0	0	0	1	0	0
0	1	0	1	1	0	0	1	1	1	1	1	0	1	1	0
1	1	1	0	0	0	1	1	0	0	0	0	0	0	0	0
1	0	1	0	0	1	0	0	1	0	1	1	0	1	1	1
0	1	0	0	1	0	0	1	1	1	1	1	1	1	1	0
0	1	0	1	0	0	0	1	1	1	0	0	0	0	0	0
0	0	1	1	0	1	1	0	0	0	1	0	0	0	1	0
1	0	1	0	1	1	1	0	0	1	0	1	0	1	1	0
0	1	1	0	0	1	1	0	1	0	1	1	0	0	1	0
1	0	1	0	1	1	0	1	0	1	0	0	0	1	0	0
1	0	1	0	1	1	0	0	1	1	0	0	0	1	1	0
0	0	0	0	0	1	0	0	0	0	0	0	0	1	0	0
1	1	1	0	1	1	0	0	1	0	1	1	1	0	1	0
1	0	1	0	1	1	0	1	1	1	0	1	0	1	1	0
0	0	0	0	1	0	0	0	0	0	0	0	0	0	0	0
DIFF_EDGE
0 0
CHROM_NUMBER
9
EOF
