TYPE : graph_{count}
DIMENSION: 19
EDGE_DATA_FORMAT: EDGE_LIST
EDGE_WEIGHT_TYPE: EXPLICIT
EDGE_WEIGHT_FORMAT: FULL_MATRIX
EDGE_DATA_SECTION
0 1
0 2
0 6
0 7
0 9
0 11
0 12
0 13
0 16
1 2
1 3
1 4
1 7
1 11
1 12
1 13
1 15
1 16
2 3
2 5
2 6
2 8
2 10
2 11
2 12
2 13
2 16
3 5
3 6
3 8
3 11
3 12
3 13
3 16
4 5
4 8
4 9
4 10
4 12
4 13
4 14
4 16
5 6
5 8
5 10
5 11
5 13
6 18
7 8
7 9
7 12
7 13
8 9
8 10
8 16
8 17
10 13
11 12
11 13
11 16
11 17
12 13
12 16
12 18
13 16
-1
EDGE_WEIGHT_SECTION
0	1	1	0	0	0	1	1	0	1	0	1	1	1	0	0	1	0	0
1	0	1	1	1	0	0	1	0	0	0	1	1	1	0	1	1	0	0
1	1	0	1	0	1	1	0	1	0	1	1	1	1	0	0	1	0	0
0	1	1	0	0	1	1	0	1	0	0	1	1	1	0	0	1	0	0
0	1	0	0	0	1	0	0	1	1	1	0	1	1	1	0	1	0	0
0	0	1	1	1	0	1	0	1	0	1	1	0	1	0	0	0	0	0
1	0	1	1	0	1	0	0	0	0	0	0	0	0	0	0	0	0	1
1	1	0	0	0	0	0	0	1	1	0	0	1	1	0	0	0	0	0
0	0	1	1	1	1	0	1	0	1	1	0	0	0	0	0	1	1	0
1	0	0	0	1	0	0	1	1	0	0	0	0	0	0	0	0	0	0
0	0	1	0	1	1	0	0	1	0	0	0	0	1	0	0	0	0	0
1	1	1	1	0	1	0	0	0	0	0	1	1	1	0	0	1	1	0
1	1	1	1	1	0	0	1	0	0	0	1	0	1	0	0	1	0	1
1	1	1	1	1	1	0	1	0	0	1	1	1	0	0	0	1	0	0
0	0	0	0	1	0	0	0	0	0	0	0	0	0	0	0	0	0	0
0	1	0	0	0	0	0	0	0	0	0	0	0	0	0	0	0	0	0
1	1	1	1	1	0	0	0	1	0	0	1	1	1	0	0	0	0	0
0	0	0	0	0	0	0	0	1	0	0	1	0	0	0	0	0	0	0
0	0	0	0	0	0	1	0	0	0	0	0	1	0	0	0	0	0	0
DIFF_EDGE
0 0
CHROM_NUMBER
10
EOF
