TYPE : graph_{count}
DIMENSION: 21
EDGE_DATA_FORMAT: EDGE_LIST
EDGE_WEIGHT_TYPE: EXPLICIT
EDGE_WEIGHT_FORMAT: FULL_MATRIX
EDGE_DATA_SECTION
0 2
0 4
0 5
0 14
0 19
0 20
1 3
1 4
1 7
1 10
1 14
1 20
2 3
2 6
2 8
2 9
2 14
2 15
3 4
3 14
3 15
3 18
3 20
4 9
4 10
4 14
4 15
4 20
5 7
5 8
5 10
5 14
5 15
6 9
6 13
6 14
7 8
7 9
7 10
7 13
7 16
8 10
8 11
8 15
9 11
9 19
10 12
10 14
10 15
10 18
10 20
11 14
11 15
11 20
12 14
12 20
13 15
13 17
14 15
14 16
14 20
15 20
16 17
16 20
17 20
-1
EDGE_WEIGHT_SECTION
0	0	1	0	1	1	0	0	0	0	0	0	0	0	1	0	0	0	0	1	1
0	0	0	1	1	0	0	1	0	0	1	0	0	0	1	0	0	0	0	0	1
1	0	0	1	0	0	1	0	1	1	0	0	0	0	1	1	0	0	0	0	0
0	1	1	0	1	0	0	0	0	0	0	0	0	0	1	1	0	0	1	0	1
1	1	0	1	0	0	0	0	0	1	1	0	0	0	1	1	0	0	0	0	1
1	0	0	0	0	0	0	1	1	0	1	0	0	0	1	1	0	0	0	0	0
0	0	1	0	0	0	0	0	0	1	0	0	0	1	1	0	0	0	0	0	0
0	1	0	0	0	1	0	0	1	1	1	0	0	1	0	0	1	0	0	0	0
0	0	1	0	0	1	0	1	0	0	1	1	0	0	0	1	0	0	0	0	0
0	0	1	0	1	0	1	1	0	0	0	1	0	0	0	0	0	0	0	1	0
0	1	0	0	1	1	0	1	1	0	0	0	1	0	1	1	0	0	1	0	1
0	0	0	0	0	0	0	0	1	1	0	0	0	0	1	1	0	0	0	0	1
0	0	0	0	0	0	0	0	0	0	1	0	0	0	1	0	0	0	0	0	1
0	0	0	0	0	0	1	1	0	0	0	0	0	0	0	1	0	1	0	0	0
1	1	1	1	1	1	1	0	0	0	1	1	1	0	1	1	1	0	0	0	1
0	0	1	1	1	1	0	0	1	0	1	1	0	1	1	0	0	0	0	0	1
0	0	0	0	0	0	0	1	0	0	0	0	0	0	1	0	0	1	0	0	1
0	0	0	0	0	0	0	0	0	0	0	0	0	1	0	0	1	0	0	0	1
0	0	0	1	0	0	0	0	0	0	1	0	0	0	0	0	0	0	0	0	0
1	0	0	0	0	0	0	0	0	1	0	0	0	0	0	0	0	0	0	0	0
1	1	0	1	1	0	0	0	0	0	1	1	1	0	1	1	1	1	0	0	0
DIFF_EDGE
0 0
CHROM_NUMBER
9
EOF
