TYPE : graph_{count}
DIMENSION: 21
EDGE_DATA_FORMAT: EDGE_LIST
EDGE_WEIGHT_TYPE: EXPLICIT
EDGE_WEIGHT_FORMAT: FULL_MATRIX
EDGE_DATA_SECTION
0 1
0 6
0 8
0 10
0 19
1 2
1 5
1 6
1 8
1 13
1 14
1 19
2 3
2 5
2 7
2 8
2 9
3 4
3 5
3 10
3 12
4 6
4 9
4 10
4 15
4 19
5 7
5 10
5 11
5 16
5 18
5 19
6 9
6 10
6 15
6 18
6 19
7 9
7 12
8 15
8 19
9 13
9 15
9 19
10 14
10 17
10 19
10 20
12 15
12 16
12 19
13 15
13 19
14 19
15 19
15 20
16 19
18 19
-1
EDGE_WEIGHT_SECTION
0	1	0	0	0	0	1	0	1	0	1	0	0	0	0	0	0	0	0	1	0
1	0	1	0	0	1	1	0	1	0	0	0	0	1	1	0	0	0	0	1	0
0	1	0	1	0	1	0	1	1	1	0	0	0	0	0	0	0	0	0	0	0
0	0	1	0	1	1	0	0	0	0	1	0	1	0	0	0	0	0	0	0	0
0	0	0	1	0	0	1	0	0	1	1	0	0	0	0	1	0	0	0	1	0
0	1	1	1	0	0	0	1	0	0	1	1	0	0	0	0	1	0	1	1	0
1	1	0	0	1	0	0	0	0	1	1	0	0	0	0	1	0	0	1	1	0
0	0	1	0	0	1	0	0	0	1	0	0	1	0	0	0	0	0	0	0	0
1	1	1	0	0	0	0	0	0	0	0	0	0	0	0	1	0	0	0	1	0
0	0	1	0	1	0	1	1	0	0	0	0	0	1	0	1	0	0	0	1	0
1	0	0	1	1	1	1	0	0	0	0	0	0	0	1	0	0	1	0	1	1
0	0	0	0	0	1	0	0	0	0	0	0	0	0	0	0	0	0	0	0	0
0	0	0	1	0	0	0	1	0	0	0	0	0	0	0	1	1	0	0	1	0
0	1	0	0	0	0	0	0	0	1	0	0	0	0	0	1	0	0	0	1	0
0	1	0	0	0	0	0	0	0	0	1	0	0	0	0	0	0	0	0	1	0
0	0	0	0	1	0	1	0	1	1	0	0	1	1	0	0	0	0	0	1	1
0	0	0	0	0	1	0	0	0	0	0	0	1	0	0	0	0	0	0	1	0
0	0	0	0	0	0	0	0	0	0	1	0	0	0	0	0	0	0	0	0	0
0	0	0	0	0	1	1	0	0	0	0	0	0	0	0	0	0	0	0	1	0
1	1	0	0	1	1	1	0	1	1	1	0	1	1	1	1	1	0	1	0	0
0	0	0	0	0	0	0	0	0	0	1	0	0	0	0	1	0	0	0	0	0
DIFF_EDGE
0 0
CHROM_NUMBER
8
EOF
