TYPE : graph_{count}
DIMENSION: 17
EDGE_DATA_FORMAT: EDGE_LIST
EDGE_WEIGHT_TYPE: EXPLICIT
EDGE_WEIGHT_FORMAT: FULL_MATRIX
EDGE_DATA_SECTION
0 1
0 2
0 12
1 2
1 3
1 9
1 13
2 5
2 10
2 12
3 4
3 5
3 6
3 7
3 8
3 12
3 16
4 5
4 9
4 10
4 12
4 13
4 14
5 6
5 8
5 10
5 12
6 7
6 8
6 10
6 12
7 8
7 9
7 12
7 15
8 10
8 12
9 16
10 12
11 15
-1
EDGE_WEIGHT_SECTION
0	1	1	0	0	0	0	0	0	0	0	0	1	0	0	0	0
1	0	1	1	0	0	0	0	0	1	0	0	0	1	0	0	0
1	1	0	0	0	1	0	0	0	0	1	0	1	0	0	0	0
0	1	0	0	1	1	1	1	1	0	0	0	1	0	0	0	1
0	0	0	1	0	1	0	0	0	1	1	0	1	1	1	0	0
0	0	1	1	1	0	1	0	1	0	1	0	1	0	0	0	0
0	0	0	1	0	1	0	1	1	0	1	0	1	0	0	0	0
0	0	0	1	0	0	1	0	1	1	0	0	1	0	0	1	0
0	0	0	1	0	1	1	1	0	0	1	0	1	0	0	0	0
0	1	0	0	1	0	0	1	0	0	0	0	0	0	0	0	1
0	0	1	0	1	1	1	0	1	0	0	0	1	0	0	0	0
0	0	0	0	0	0	0	0	0	0	0	0	0	0	0	1	0
1	0	1	1	1	1	1	1	1	0	1	0	0	0	0	0	0
0	1	0	0	1	0	0	0	0	0	0	0	0	0	0	0	0
0	0	0	0	1	0	0	0	0	0	0	0	0	0	0	0	0
0	0	0	0	0	0	0	1	0	0	0	1	0	0	0	0	0
0	0	0	1	0	0	0	0	0	1	0	0	0	0	0	0	0
DIFF_EDGE
0 0
CHROM_NUMBER
7
EOF
