TYPE : graph_{count}
DIMENSION: 21
EDGE_DATA_FORMAT: EDGE_LIST
EDGE_WEIGHT_TYPE: EXPLICIT
EDGE_WEIGHT_FORMAT: FULL_MATRIX
EDGE_DATA_SECTION
0 5
0 9
1 2
1 3
1 7
1 12
1 13
1 16
1 17
1 18
1 19
2 3
2 6
2 7
2 8
2 9
2 10
2 12
2 13
2 17
2 20
3 4
3 5
3 6
3 10
3 12
3 13
3 17
4 5
4 6
5 6
5 8
5 9
5 10
5 17
6 7
6 9
8 9
8 10
8 12
8 13
8 18
9 13
9 17
10 13
10 14
10 15
10 19
11 12
11 13
11 14
12 13
12 17
13 17
15 17
-1
EDGE_WEIGHT_SECTION
0	0	0	0	0	1	0	0	0	1	0	0	0	0	0	0	0	0	0	0	0
0	0	1	1	0	0	0	1	0	0	0	0	1	1	0	0	1	1	1	1	0
0	1	0	1	0	0	1	1	1	1	1	0	1	1	0	0	0	1	0	0	1
0	1	1	0	1	1	1	0	0	0	1	0	1	1	0	0	0	1	0	0	0
0	0	0	1	0	1	1	0	0	0	0	0	0	0	0	0	0	0	0	0	0
1	0	0	1	1	0	1	0	1	1	1	0	0	0	0	0	0	1	0	0	0
0	0	1	1	1	1	0	1	0	1	0	0	0	0	0	0	0	0	0	0	0
0	1	1	0	0	0	1	0	0	0	0	0	0	0	0	0	0	0	0	0	0
0	0	1	0	0	1	0	0	0	1	1	0	1	1	0	0	0	0	1	0	0
1	0	1	0	0	1	1	0	1	0	0	0	0	1	0	0	0	1	0	0	0
0	0	1	1	0	1	0	0	1	0	0	0	0	1	1	1	0	0	0	1	0
0	0	0	0	0	0	0	0	0	0	0	0	1	1	1	0	0	0	0	0	0
0	1	1	1	0	0	0	0	1	0	0	1	0	1	0	0	0	1	0	0	0
0	1	1	1	0	0	0	0	1	1	1	1	1	0	0	0	0	1	0	0	0
0	0	0	0	0	0	0	0	0	0	1	1	0	0	0	0	0	0	0	0	0
0	0	0	0	0	0	0	0	0	0	1	0	0	0	0	0	0	1	0	0	0
0	1	0	0	0	0	0	0	0	0	0	0	0	0	0	0	0	0	0	0	0
0	1	1	1	0	1	0	0	0	1	0	0	1	1	0	1	0	0	0	0	0
0	1	0	0	0	0	0	0	1	0	0	0	0	0	0	0	0	0	0	0	0
0	1	0	0	0	0	0	0	0	0	1	0	0	0	0	0	0	0	0	0	0
0	0	1	0	0	0	0	0	0	0	0	0	0	0	0	0	0	0	0	0	0
DIFF_EDGE
0 0
CHROM_NUMBER
8
EOF
