TYPE : graph_{count}
DIMENSION: 17
EDGE_DATA_FORMAT: EDGE_LIST
EDGE_WEIGHT_TYPE: EXPLICIT
EDGE_WEIGHT_FORMAT: FULL_MATRIX
EDGE_DATA_SECTION
0 1
0 2
0 4
0 5
0 7
0 9
0 13
0 14
0 15
1 2
1 7
1 8
1 9
1 10
1 11
1 13
2 3
2 4
2 6
2 8
2 9
2 13
2 15
2 16
3 5
3 6
3 7
3 8
3 13
4 6
4 7
4 8
5 7
6 8
6 9
6 10
6 15
7 9
7 10
7 12
7 15
7 16
8 10
8 13
8 14
8 15
9 13
9 15
11 13
11 15
12 13
12 15
13 15
14 15
-1
EDGE_WEIGHT_SECTION
0	1	1	0	1	1	0	1	0	1	0	0	0	1	1	1	0
1	0	1	0	0	0	0	1	1	1	1	1	0	1	0	0	0
1	1	0	1	1	0	1	0	1	1	0	0	0	1	0	1	1
0	0	1	0	0	1	1	1	1	0	0	0	0	1	0	0	0
1	0	1	0	0	0	1	1	1	0	0	0	0	0	0	0	0
1	0	0	1	0	0	0	1	0	0	0	0	0	0	0	0	0
0	0	1	1	1	0	0	0	1	1	1	0	0	0	0	1	0
1	1	0	1	1	1	0	0	0	1	1	0	1	0	0	1	1
0	1	1	1	1	0	1	0	0	0	1	0	0	1	1	1	0
1	1	1	0	0	0	1	1	0	0	0	0	0	1	0	1	0
0	1	0	0	0	0	1	1	1	0	0	0	0	0	0	0	0
0	1	0	0	0	0	0	0	0	0	0	0	0	1	0	1	0
0	0	0	0	0	0	0	1	0	0	0	0	0	1	0	1	0
1	1	1	1	0	0	0	0	1	1	0	1	1	0	0	1	0
1	0	0	0	0	0	0	0	1	0	0	0	0	0	0	1	0
1	0	1	0	0	0	1	1	1	1	0	1	1	1	1	1	0
0	0	1	0	0	0	0	1	0	0	0	0	0	0	0	0	0
DIFF_EDGE
0 0
CHROM_NUMBER
8
EOF
