TYPE : graph_{count}
DIMENSION: 15
EDGE_DATA_FORMAT: EDGE_LIST
EDGE_WEIGHT_TYPE: EXPLICIT
EDGE_WEIGHT_FORMAT: FULL_MATRIX
EDGE_DATA_SECTION
0 1
0 2
0 4
0 5
0 12
1 7
1 8
1 12
1 13
2 3
2 4
2 6
2 8
2 9
2 10
2 12
3 5
3 7
3 8
3 9
3 10
3 12
3 13
4 5
4 6
4 7
4 8
4 10
4 11
5 6
5 7
5 10
5 12
6 7
6 9
6 10
6 12
7 9
7 12
10 12
10 14
11 12
-1
EDGE_WEIGHT_SECTION
0	1	1	0	1	1	0	0	0	0	0	0	1	0	0
1	0	0	0	0	0	0	1	1	0	0	0	1	1	0
1	0	0	1	1	0	1	0	1	1	1	0	1	0	0
0	0	1	0	0	1	0	1	1	1	1	0	1	1	0
1	0	1	0	0	1	1	1	1	0	1	1	0	0	0
1	0	0	1	1	0	1	1	0	0	1	0	1	0	0
0	0	1	0	1	1	0	1	0	1	1	0	1	0	0
0	1	0	1	1	1	1	0	0	1	0	0	1	0	0
0	1	1	1	1	0	0	0	0	0	0	0	0	0	0
0	0	1	1	0	0	1	1	0	0	0	0	0	0	0
0	0	1	1	1	1	1	0	0	0	0	0	1	0	1
0	0	0	0	1	0	0	0	0	0	0	0	1	0	0
1	1	1	1	0	1	1	1	0	0	1	1	1	0	0
0	1	0	1	0	0	0	0	0	0	0	0	0	0	0
0	0	0	0	0	0	0	0	0	0	1	0	0	0	0
DIFF_EDGE
0 0
CHROM_NUMBER
7
EOF
