TYPE : graph_{count}
DIMENSION: 19
EDGE_DATA_FORMAT: EDGE_LIST
EDGE_WEIGHT_TYPE: EXPLICIT
EDGE_WEIGHT_FORMAT: FULL_MATRIX
EDGE_DATA_SECTION
0 3
0 5
0 6
0 7
0 10
0 11
1 2
1 4
1 6
1 7
1 8
1 13
1 16
2 4
2 5
2 6
2 7
2 10
2 13
2 16
2 17
3 5
3 8
3 10
3 15
4 6
4 7
4 8
4 13
4 16
4 18
5 8
5 9
5 13
6 10
6 13
6 15
6 16
7 8
7 14
7 16
8 10
8 16
9 10
10 13
11 16
12 13
12 18
13 14
13 16
-1
EDGE_WEIGHT_SECTION
0	0	0	1	0	1	1	1	0	0	1	1	0	0	0	0	0	0	0
0	0	1	0	1	0	1	1	1	0	0	0	0	1	0	0	1	0	0
0	1	0	0	1	1	1	1	0	0	1	0	0	1	0	0	1	1	0
1	0	0	0	0	1	0	0	1	0	1	0	0	0	0	1	0	0	0
0	1	1	0	0	0	1	1	1	0	0	0	0	1	0	0	1	0	1
1	0	1	1	0	0	0	0	1	1	0	0	0	1	0	0	0	0	0
1	1	1	0	1	0	0	0	0	0	1	0	0	1	0	1	1	0	0
1	1	1	0	1	0	0	0	1	0	0	0	0	0	1	0	1	0	0
0	1	0	1	1	1	0	1	0	0	1	0	0	0	0	0	1	0	0
0	0	0	0	0	1	0	0	0	0	1	0	0	0	0	0	0	0	0
1	0	1	1	0	0	1	0	1	1	0	0	0	1	0	0	0	0	0
1	0	0	0	0	0	0	0	0	0	0	0	0	0	0	0	1	0	0
0	0	0	0	0	0	0	0	0	0	0	0	0	1	0	0	0	0	1
0	1	1	0	1	1	1	0	0	0	1	0	1	0	1	0	1	0	0
0	0	0	0	0	0	0	1	0	0	0	0	0	1	0	0	0	0	0
0	0	0	1	0	0	1	0	0	0	0	0	0	0	0	0	0	0	0
0	1	1	0	1	0	1	1	1	0	0	1	0	1	0	0	0	0	0
0	0	1	0	0	0	0	0	0	0	0	0	0	0	0	0	0	0	0
0	0	0	0	1	0	0	0	0	0	0	0	1	0	0	0	0	0	0
DIFF_EDGE
0 0
CHROM_NUMBER
8
EOF
