TYPE : graph_{count}
DIMENSION: 16
EDGE_DATA_FORMAT: EDGE_LIST
EDGE_WEIGHT_TYPE: EXPLICIT
EDGE_WEIGHT_FORMAT: FULL_MATRIX
EDGE_DATA_SECTION
0 4
0 8
0 13
1 4
1 6
1 7
1 8
1 9
2 3
2 4
2 7
2 10
2 13
3 8
3 9
3 10
3 13
4 6
4 7
4 9
4 10
4 11
4 13
5 6
5 8
6 13
7 9
7 10
7 13
7 15
8 9
9 13
10 13
11 12
12 13
13 14
-1
EDGE_WEIGHT_SECTION
0	0	0	0	1	0	0	0	1	0	0	0	0	1	0	0
0	0	0	0	1	0	1	1	1	1	0	0	0	0	0	0
0	0	0	1	1	0	0	1	0	0	1	0	0	1	0	0
0	0	1	0	0	0	0	0	1	1	1	0	0	1	0	0
1	1	1	0	0	0	1	1	0	1	1	1	0	1	0	0
0	0	0	0	0	0	1	0	1	0	0	0	0	0	0	0
0	1	0	0	1	1	0	0	0	0	0	0	0	1	0	0
0	1	1	0	1	0	0	0	0	1	1	0	0	1	0	1
1	1	0	1	0	1	0	0	0	1	0	0	0	0	0	0
0	1	0	1	1	0	0	1	1	0	0	0	0	1	0	0
0	0	1	1	1	0	0	1	0	0	0	0	0	1	0	0
0	0	0	0	1	0	0	0	0	0	0	0	1	0	0	0
0	0	0	0	0	0	0	0	0	0	0	1	0	1	0	0
1	0	1	1	1	0	1	1	0	1	1	0	1	0	1	0
0	0	0	0	0	0	0	0	0	0	0	0	0	1	0	0
0	0	0	0	0	0	0	1	0	0	0	0	0	0	0	0
DIFF_EDGE
0 0
CHROM_NUMBER
6
EOF
