TYPE : graph_{count}
DIMENSION: 20
EDGE_DATA_FORMAT: EDGE_LIST
EDGE_WEIGHT_TYPE: EXPLICIT
EDGE_WEIGHT_FORMAT: FULL_MATRIX
EDGE_DATA_SECTION
0 2
0 6
0 9
0 10
0 12
0 13
0 15
0 16
0 18
0 19
1 6
1 9
1 12
1 17
2 4
2 5
2 6
2 7
2 10
2 13
2 16
2 17
2 19
3 5
3 7
3 9
3 10
3 11
3 16
4 5
4 16
5 9
5 13
5 16
6 7
7 13
7 14
7 16
8 9
8 10
8 11
8 16
8 18
8 19
10 13
10 14
10 16
10 17
10 19
11 17
11 19
13 16
13 17
13 19
14 17
14 19
15 16
15 17
16 17
16 19
17 19
18 19
-1
EDGE_WEIGHT_SECTION
0	0	1	0	0	0	1	0	0	1	1	0	1	1	0	1	1	0	1	1
0	0	0	0	0	0	1	0	0	1	0	0	1	0	0	0	0	1	0	0
1	0	0	0	1	1	1	1	0	0	1	0	0	1	0	0	1	1	0	1
0	0	0	0	0	1	0	1	0	1	1	1	0	0	0	0	1	0	0	0
0	0	1	0	0	1	0	0	0	0	0	0	0	0	0	0	1	0	0	0
0	0	1	1	1	0	0	0	0	1	0	0	0	1	0	0	1	0	0	0
1	1	1	0	0	0	0	1	0	0	0	0	0	0	0	0	0	0	0	0
0	0	1	1	0	0	1	0	0	0	0	0	0	1	1	0	1	0	0	0
0	0	0	0	0	0	0	0	0	1	1	1	0	0	0	0	1	0	1	1
1	1	0	1	0	1	0	0	1	0	0	0	0	0	0	0	0	0	0	0
1	0	1	1	0	0	0	0	1	0	0	0	0	1	1	0	1	1	0	1
0	0	0	1	0	0	0	0	1	0	0	0	0	0	0	0	0	1	0	1
1	1	0	0	0	0	0	0	0	0	0	0	0	0	0	0	0	0	0	0
1	0	1	0	0	1	0	1	0	0	1	0	0	0	0	0	1	1	0	1
0	0	0	0	0	0	0	1	0	0	1	0	0	0	0	0	0	1	0	1
1	0	0	0	0	0	0	0	0	0	0	0	0	0	0	0	1	1	0	0
1	0	1	1	1	1	0	1	1	0	1	0	0	1	0	1	0	1	0	1
0	1	1	0	0	0	0	0	0	0	1	1	0	1	1	1	1	0	0	1
1	0	0	0	0	0	0	0	1	0	0	0	0	0	0	0	0	0	0	1
1	0	1	0	0	0	0	0	1	0	1	1	0	1	1	0	1	1	1	0
DIFF_EDGE
0 0
CHROM_NUMBER
9
EOF
