TYPE : graph_{count}
DIMENSION: 16
EDGE_DATA_FORMAT: EDGE_LIST
EDGE_WEIGHT_TYPE: EXPLICIT
EDGE_WEIGHT_FORMAT: FULL_MATRIX
EDGE_DATA_SECTION
0 1
0 3
0 5
0 8
0 9
0 13
0 14
0 15
1 2
1 3
1 4
1 5
1 12
1 14
2 3
2 5
2 7
2 10
2 15
3 5
3 7
3 8
3 9
3 14
3 15
4 6
4 8
4 10
4 11
4 15
5 7
5 8
5 9
5 14
5 15
6 7
7 8
7 9
7 12
7 14
7 15
8 9
8 14
8 15
9 10
9 14
9 15
10 14
11 14
11 15
12 14
12 15
13 14
13 15
14 15
-1
EDGE_WEIGHT_SECTION
0	1	0	1	0	1	0	0	1	1	0	0	0	1	1	1
1	0	1	1	1	1	0	0	0	0	0	0	1	0	1	0
0	1	0	1	0	1	0	1	0	0	1	0	0	0	0	1
1	1	1	0	0	1	0	1	1	1	0	0	0	0	1	1
0	1	0	0	0	0	1	0	1	0	1	1	0	0	0	1
1	1	1	1	0	0	0	1	1	1	0	0	0	0	1	1
0	0	0	0	1	0	0	1	0	0	0	0	0	0	0	0
0	0	1	1	0	1	1	0	1	1	0	0	1	0	1	1
1	0	0	1	1	1	0	1	0	1	0	0	0	0	1	1
1	0	0	1	0	1	0	1	1	0	1	0	0	0	1	1
0	0	1	0	1	0	0	0	0	1	0	0	0	0	1	0
0	0	0	0	1	0	0	0	0	0	0	0	0	0	1	1
0	1	0	0	0	0	0	1	0	0	0	0	0	0	1	1
1	0	0	0	0	0	0	0	0	0	0	0	0	0	1	1
1	1	0	1	0	1	0	1	1	1	1	1	1	1	0	1
1	0	1	1	1	1	0	1	1	1	0	1	1	1	1	0
DIFF_EDGE
0 0
CHROM_NUMBER
9
EOF
