TYPE : graph_{count}
DIMENSION: 18
EDGE_DATA_FORMAT: EDGE_LIST
EDGE_WEIGHT_TYPE: EXPLICIT
EDGE_WEIGHT_FORMAT: FULL_MATRIX
EDGE_DATA_SECTION
0 8
0 12
0 15
1 2
1 4
1 5
1 8
2 3
2 6
2 8
2 9
2 10
2 11
2 13
2 16
3 4
3 13
3 15
3 17
4 8
4 9
4 13
4 16
5 7
5 9
5 10
6 10
6 12
6 13
6 17
7 9
8 14
9 10
11 13
12 13
-1
EDGE_WEIGHT_SECTION
0	0	0	0	0	0	0	0	1	0	0	0	1	0	0	1	0	0
0	0	1	0	1	1	0	0	1	0	0	0	0	0	0	0	0	0
0	1	0	1	0	0	1	0	1	1	1	1	0	1	0	0	1	0
0	0	1	0	1	0	0	0	0	0	0	0	0	1	0	1	0	1
0	1	0	1	0	0	0	0	1	1	0	0	0	1	0	0	1	0
0	1	0	0	0	0	0	1	0	1	1	0	0	0	0	0	0	0
0	0	1	0	0	0	0	0	0	0	1	0	1	1	0	0	0	1
0	0	0	0	0	1	0	0	0	1	0	0	0	0	0	0	0	0
1	1	1	0	1	0	0	0	0	0	0	0	0	0	1	0	0	0
0	0	1	0	1	1	0	1	0	0	1	0	0	0	0	0	0	0
0	0	1	0	0	1	1	0	0	1	0	0	0	0	0	0	0	0
0	0	1	0	0	0	0	0	0	0	0	0	0	1	0	0	0	0
1	0	0	0	0	0	1	0	0	0	0	0	0	1	0	0	0	0
0	0	1	1	1	0	1	0	0	0	0	1	1	0	0	0	0	0
0	0	0	0	0	0	0	0	1	0	0	0	0	0	0	0	0	0
1	0	0	1	0	0	0	0	0	0	0	0	0	0	0	0	0	0
0	0	1	0	1	0	0	0	0	0	0	0	0	0	0	0	0	0
0	0	0	1	0	0	1	0	0	0	0	0	0	0	0	0	0	0
DIFF_EDGE
0 0
CHROM_NUMBER
6
EOF
