TYPE : graph_{count}
DIMENSION: 19
EDGE_DATA_FORMAT: EDGE_LIST
EDGE_WEIGHT_TYPE: EXPLICIT
EDGE_WEIGHT_FORMAT: FULL_MATRIX
EDGE_DATA_SECTION
0 2
0 4
0 9
0 10
0 12
0 15
1 3
1 7
1 8
1 9
1 10
1 14
1 15
1 17
2 3
2 4
2 5
2 9
2 11
2 14
3 4
3 7
3 9
3 10
3 18
4 5
4 6
4 9
4 14
5 8
6 17
7 8
7 10
8 9
8 14
9 10
9 13
9 14
11 16
14 18
-1
EDGE_WEIGHT_SECTION
0	0	1	0	1	0	0	0	0	1	1	0	1	0	0	1	0	0	0
0	0	0	1	0	0	0	1	1	1	1	0	0	0	1	1	0	1	0
1	0	0	1	1	1	0	0	0	1	0	1	0	0	1	0	0	0	0
0	1	1	0	1	0	0	1	0	1	1	0	0	0	0	0	0	0	1
1	0	1	1	0	1	1	0	0	1	0	0	0	0	1	0	0	0	0
0	0	1	0	1	0	0	0	1	0	0	0	0	0	0	0	0	0	0
0	0	0	0	1	0	0	0	0	0	0	0	0	0	0	0	0	1	0
0	1	0	1	0	0	0	0	1	0	1	0	0	0	0	0	0	0	0
0	1	0	0	0	1	0	1	0	1	0	0	0	0	1	0	0	0	0
1	1	1	1	1	0	0	0	1	0	1	0	0	1	1	0	0	0	0
1	1	0	1	0	0	0	1	0	1	0	0	0	0	0	0	0	0	0
0	0	1	0	0	0	0	0	0	0	0	0	0	0	0	0	1	0	0
1	0	0	0	0	0	0	0	0	0	0	0	0	0	0	0	0	0	0
0	0	0	0	0	0	0	0	0	1	0	0	0	0	0	0	0	0	0
0	1	1	0	1	0	0	0	1	1	0	0	0	0	0	0	0	0	1
1	1	0	0	0	0	0	0	0	0	0	0	0	0	0	0	0	0	0
0	0	0	0	0	0	0	0	0	0	0	1	0	0	0	0	0	0	0
0	1	0	0	0	0	1	0	0	0	0	0	0	0	0	0	0	0	0
0	0	0	1	0	0	0	0	0	0	0	0	0	0	1	0	0	0	0
DIFF_EDGE
0 0
CHROM_NUMBER
7
EOF
