TYPE : graph_{count}
DIMENSION: 17
EDGE_DATA_FORMAT: EDGE_LIST
EDGE_WEIGHT_TYPE: EXPLICIT
EDGE_WEIGHT_FORMAT: FULL_MATRIX
EDGE_DATA_SECTION
0 3
0 9
0 10
0 12
0 14
0 15
0 16
1 4
1 5
1 12
1 14
2 3
2 4
2 6
2 13
3 4
3 6
3 8
3 9
3 10
3 12
3 14
3 16
4 14
4 16
5 6
6 7
6 9
6 14
6 16
7 10
7 11
7 15
9 12
9 14
9 16
10 12
10 13
10 14
10 16
11 12
11 16
12 14
12 16
14 16
-1
EDGE_WEIGHT_SECTION
0	0	0	1	0	0	0	0	0	1	1	0	1	0	1	1	1
0	0	0	0	1	1	0	0	0	0	0	0	1	0	1	0	0
0	0	0	1	1	0	1	0	0	0	0	0	0	1	0	0	0
1	0	1	0	1	0	1	0	1	1	1	0	1	0	1	0	1
0	1	1	1	0	0	0	0	0	0	0	0	0	0	1	0	1
0	1	0	0	0	0	1	0	0	0	0	0	0	0	0	0	0
0	0	1	1	0	1	0	1	0	1	0	0	0	0	1	0	1
0	0	0	0	0	0	1	0	0	0	1	1	0	0	0	1	0
0	0	0	1	0	0	0	0	0	0	0	0	0	0	0	0	0
1	0	0	1	0	0	1	0	0	0	0	0	1	0	1	0	1
1	0	0	1	0	0	0	1	0	0	0	0	1	1	1	0	1
0	0	0	0	0	0	0	1	0	0	0	0	1	0	0	0	1
1	1	0	1	0	0	0	0	0	1	1	1	1	0	1	0	1
0	0	1	0	0	0	0	0	0	0	1	0	0	0	0	0	0
1	1	0	1	1	0	1	0	0	1	1	0	1	0	0	0	1
1	0	0	0	0	0	0	1	0	0	0	0	0	0	0	0	0
1	0	0	1	1	0	1	0	0	1	1	1	1	0	1	0	1
DIFF_EDGE
0 0
CHROM_NUMBER
7
EOF
