TYPE : graph_{count}
DIMENSION: 15
EDGE_DATA_FORMAT: EDGE_LIST
EDGE_WEIGHT_TYPE: EXPLICIT
EDGE_WEIGHT_FORMAT: FULL_MATRIX
EDGE_DATA_SECTION
0 1
0 6
0 11
0 14
1 4
1 5
1 12
1 13
2 4
2 8
2 9
2 13
3 4
3 8
3 10
3 13
4 5
4 6
4 7
4 10
4 14
5 7
5 8
5 13
5 14
6 9
6 13
6 14
7 8
7 9
7 12
7 13
7 14
8 10
8 11
8 13
8 14
9 10
9 13
9 14
10 13
12 13
12 14
13 14
-1
EDGE_WEIGHT_SECTION
0	1	0	0	0	0	1	0	0	0	0	1	0	0	1
1	0	0	0	1	1	0	0	0	0	0	0	1	1	0
0	0	0	0	1	0	0	0	1	1	0	0	0	1	0
0	0	0	0	1	0	0	0	1	0	1	0	0	1	0
0	1	1	1	0	1	1	1	0	0	1	0	0	0	1
0	1	0	0	1	0	0	1	1	0	0	0	0	1	1
1	0	0	0	1	0	0	0	0	1	0	0	0	1	1
0	0	0	0	1	1	0	0	1	1	0	0	1	1	1
0	0	1	1	0	1	0	1	0	0	1	1	0	1	1
0	0	1	0	0	0	1	1	0	0	1	0	0	1	1
0	0	0	1	1	0	0	0	1	1	0	0	0	1	0
1	0	0	0	0	0	0	0	1	0	0	0	0	0	0
0	1	0	0	0	0	0	1	0	0	0	0	0	1	1
0	1	1	1	0	1	1	1	1	1	1	0	1	0	1
1	0	0	0	1	1	1	1	1	1	0	0	1	1	1
DIFF_EDGE
0 0
CHROM_NUMBER
7
EOF
