TYPE : graph_{count}
DIMENSION: 20
EDGE_DATA_FORMAT: EDGE_LIST
EDGE_WEIGHT_TYPE: EXPLICIT
EDGE_WEIGHT_FORMAT: FULL_MATRIX
EDGE_DATA_SECTION
0 1
0 2
0 5
0 7
0 9
0 14
0 15
0 18
0 19
1 2
1 3
1 4
1 5
1 6
1 7
1 8
1 10
1 11
1 14
1 15
1 19
2 3
2 4
2 5
2 9
2 11
2 12
2 14
2 15
3 6
3 7
3 8
3 9
3 10
3 11
3 14
3 19
4 5
4 9
4 10
4 11
4 14
4 16
4 19
5 7
5 8
5 11
5 14
5 15
5 19
6 7
6 8
6 10
6 11
7 8
7 11
7 15
7 19
8 10
8 11
8 19
9 10
9 11
9 15
10 11
10 14
11 13
11 15
11 18
12 17
12 19
13 14
13 19
14 15
14 19
15 19
-1
EDGE_WEIGHT_SECTION
0	1	1	0	0	1	0	1	0	1	0	0	0	0	1	1	0	0	1	1
1	0	1	1	1	1	1	1	1	0	1	1	0	0	1	1	0	0	0	1
1	1	0	1	1	1	0	0	0	1	0	1	1	0	1	1	0	0	0	0
0	1	1	0	0	0	1	1	1	1	1	1	0	0	1	0	0	0	0	1
0	1	1	0	0	1	0	0	0	1	1	1	0	0	1	0	1	0	0	1
1	1	1	0	1	0	0	1	1	0	0	1	0	0	1	1	0	0	0	1
0	1	0	1	0	0	0	1	1	0	1	1	0	0	0	0	0	0	0	0
1	1	0	1	0	1	1	0	1	0	0	1	0	0	0	1	0	0	0	1
0	1	0	1	0	1	1	1	0	0	1	1	0	0	0	0	0	0	0	1
1	0	1	1	1	0	0	0	0	0	1	1	0	0	0	1	0	0	0	0
0	1	0	1	1	0	1	0	1	1	0	1	0	0	1	0	0	0	0	0
0	1	1	1	1	1	1	1	1	1	1	0	0	1	0	1	0	0	1	0
0	0	1	0	0	0	0	0	0	0	0	0	0	0	0	0	0	1	0	1
0	0	0	0	0	0	0	0	0	0	0	1	0	0	1	0	0	0	0	1
1	1	1	1	1	1	0	0	0	0	1	0	0	1	0	1	0	0	0	1
1	1	1	0	0	1	0	1	0	1	0	1	0	0	1	0	0	0	0	1
0	0	0	0	1	0	0	0	0	0	0	0	0	0	0	0	0	0	0	0
0	0	0	0	0	0	0	0	0	0	0	0	1	0	0	0	0	0	0	0
1	0	0	0	0	0	0	0	0	0	0	1	0	0	0	0	0	0	0	0
1	1	0	1	1	1	0	1	1	0	0	0	1	1	1	1	0	0	0	0
DIFF_EDGE
0 0
CHROM_NUMBER
10
EOF
