TYPE : graph_{count}
DIMENSION: 16
EDGE_DATA_FORMAT: EDGE_LIST
EDGE_WEIGHT_TYPE: EXPLICIT
EDGE_WEIGHT_FORMAT: FULL_MATRIX
EDGE_DATA_SECTION
0 1
0 2
0 13
0 15
1 2
1 5
1 6
1 8
1 10
1 13
1 14
1 15
2 3
2 4
2 5
2 6
2 7
2 8
2 9
2 13
2 14
2 15
3 4
3 6
3 8
3 10
3 12
3 13
4 5
4 8
4 9
4 10
5 6
5 7
5 12
5 13
5 15
6 7
6 8
6 10
6 13
6 14
6 15
7 9
8 9
8 11
8 13
8 14
8 15
9 10
9 15
10 14
10 15
11 14
12 14
12 15
13 14
13 15
14 15
-1
EDGE_WEIGHT_SECTION
0	1	1	0	0	0	0	0	0	0	0	0	0	1	0	1
1	0	1	0	0	1	1	0	1	0	1	0	0	1	1	1
1	1	0	1	1	1	1	1	1	1	0	0	0	1	1	1
0	0	1	0	1	0	1	0	1	0	1	0	1	1	0	0
0	0	1	1	0	1	0	0	1	1	1	0	0	0	0	0
0	1	1	0	1	0	1	1	0	0	0	0	1	1	0	1
0	1	1	1	0	1	0	1	1	0	1	0	0	1	1	1
0	0	1	0	0	1	1	0	0	1	0	0	0	0	0	0
0	1	1	1	1	0	1	0	0	1	0	1	0	1	1	1
0	0	1	0	1	0	0	1	1	0	1	0	0	0	0	1
0	1	0	1	1	0	1	0	0	1	0	0	0	0	1	1
0	0	0	0	0	0	0	0	1	0	0	0	0	0	1	0
0	0	0	1	0	1	0	0	0	0	0	0	0	0	1	1
1	1	1	1	0	1	1	0	1	0	0	0	0	0	1	1
0	1	1	0	0	0	1	0	1	0	1	1	1	1	0	1
1	1	1	0	0	1	1	0	1	1	1	0	1	1	1	1
DIFF_EDGE
0 0
CHROM_NUMBER
9
EOF
