TYPE : graph_{count}
DIMENSION: 20
EDGE_DATA_FORMAT: EDGE_LIST
EDGE_WEIGHT_TYPE: EXPLICIT
EDGE_WEIGHT_FORMAT: FULL_MATRIX
EDGE_DATA_SECTION
0 1
0 3
0 7
0 8
0 9
0 14
0 15
0 17
0 18
1 5
2 6
2 8
2 10
2 14
2 15
2 16
3 4
3 5
3 9
3 10
3 18
4 5
4 6
4 7
4 12
4 18
5 6
5 7
5 9
5 13
5 17
5 18
6 8
6 10
6 14
6 18
7 8
7 18
8 9
8 14
9 14
9 16
9 18
10 14
11 12
11 18
12 14
12 18
13 14
13 18
13 19
14 18
-1
EDGE_WEIGHT_SECTION
0	1	0	1	0	0	0	1	1	1	0	0	0	0	1	1	0	1	1	0
1	0	0	0	0	1	0	0	0	0	0	0	0	0	0	0	0	0	0	0
0	0	0	0	0	0	1	0	1	0	1	0	0	0	1	1	1	0	0	0
1	0	0	0	1	1	0	0	0	1	1	0	0	0	0	0	0	0	1	0
0	0	0	1	0	1	1	1	0	0	0	0	1	0	0	0	0	0	1	0
0	1	0	1	1	0	1	1	0	1	0	0	0	1	0	0	0	1	1	0
0	0	1	0	1	1	0	0	1	0	1	0	0	0	1	0	0	0	1	0
1	0	0	0	1	1	0	0	1	0	0	0	0	0	0	0	0	0	1	0
1	0	1	0	0	0	1	1	0	1	0	0	0	0	1	0	0	0	0	0
1	0	0	1	0	1	0	0	1	0	0	0	0	0	1	0	1	0	1	0
0	0	1	1	0	0	1	0	0	0	0	0	0	0	1	0	0	0	0	0
0	0	0	0	0	0	0	0	0	0	0	0	1	0	0	0	0	0	1	0
0	0	0	0	1	0	0	0	0	0	0	1	0	0	1	0	0	0	1	0
0	0	0	0	0	1	0	0	0	0	0	0	0	0	1	0	0	0	1	1
1	0	1	0	0	0	1	0	1	1	1	0	1	1	0	0	0	0	1	0
1	0	1	0	0	0	0	0	0	0	0	0	0	0	0	0	0	0	0	0
0	0	1	0	0	0	0	0	0	1	0	0	0	0	0	0	0	0	0	0
1	0	0	0	0	1	0	0	0	0	0	0	0	0	0	0	0	0	0	0
1	0	0	1	1	1	1	1	0	1	0	1	1	1	1	0	0	0	1	0
0	0	0	0	0	0	0	0	0	0	0	0	0	1	0	0	0	0	0	0
DIFF_EDGE
0 0
CHROM_NUMBER
8
EOF
