TYPE : graph_{count}
DIMENSION: 20
EDGE_DATA_FORMAT: EDGE_LIST
EDGE_WEIGHT_TYPE: EXPLICIT
EDGE_WEIGHT_FORMAT: FULL_MATRIX
EDGE_DATA_SECTION
0 1
0 5
0 7
0 10
0 12
0 15
0 16
1 2
1 5
1 6
1 8
1 9
1 11
1 14
1 16
2 4
2 5
2 6
2 10
2 12
2 13
2 17
3 4
3 6
3 9
3 11
3 12
3 13
3 14
3 15
4 6
4 7
4 8
4 9
4 10
4 11
4 12
4 14
4 16
5 6
5 10
5 11
5 14
6 7
6 10
6 11
6 12
6 14
6 16
6 18
6 19
7 8
7 9
7 11
7 16
8 10
8 11
8 12
8 14
8 17
9 10
9 11
9 12
9 14
9 16
9 19
10 11
10 12
10 14
10 16
11 12
11 14
11 16
12 14
12 16
14 16
-1
EDGE_WEIGHT_SECTION
0	1	0	0	0	1	0	1	0	0	1	0	1	0	0	1	1	0	0	0
1	0	1	0	0	1	1	0	1	1	0	1	0	0	1	0	1	0	0	0
0	1	0	0	1	1	1	0	0	0	1	0	1	1	0	0	0	1	0	0
0	0	0	0	1	0	1	0	0	1	0	1	1	1	1	1	0	0	0	0
0	0	1	1	0	0	1	1	1	1	1	1	1	0	1	0	1	0	0	0
1	1	1	0	0	0	1	0	0	0	1	1	0	0	1	0	0	0	0	0
0	1	1	1	1	1	0	1	0	0	1	1	1	0	1	0	1	0	1	1
1	0	0	0	1	0	1	0	1	1	0	1	0	0	0	0	1	0	0	0
0	1	0	0	1	0	0	1	0	0	1	1	1	0	1	0	0	1	0	0
0	1	0	1	1	0	0	1	0	0	1	1	1	0	1	0	1	0	0	1
1	0	1	0	1	1	1	0	1	1	0	1	1	0	1	0	1	0	0	0
0	1	0	1	1	1	1	1	1	1	1	0	1	0	1	0	1	0	0	0
1	0	1	1	1	0	1	0	1	1	1	1	0	0	1	0	1	0	0	0
0	0	1	1	0	0	0	0	0	0	0	0	0	0	0	0	0	0	0	0
0	1	0	1	1	1	1	0	1	1	1	1	1	0	0	0	1	0	0	0
1	0	0	1	0	0	0	0	0	0	0	0	0	0	0	0	0	0	0	0
1	1	0	0	1	0	1	1	0	1	1	1	1	0	1	0	0	0	0	0
0	0	1	0	0	0	0	0	1	0	0	0	0	0	0	0	0	0	0	0
0	0	0	0	0	0	1	0	0	0	0	0	0	0	0	0	0	0	0	0
0	0	0	0	0	0	1	0	0	1	0	0	0	0	0	0	0	0	0	0
DIFF_EDGE
0 0
CHROM_NUMBER
11
EOF
