TYPE : graph_{count}
DIMENSION: 16
EDGE_DATA_FORMAT: EDGE_LIST
EDGE_WEIGHT_TYPE: EXPLICIT
EDGE_WEIGHT_FORMAT: FULL_MATRIX
EDGE_DATA_SECTION
0 1
0 2
0 3
0 8
1 6
1 7
1 8
1 9
1 13
2 4
2 7
2 10
3 4
3 6
3 7
4 8
4 9
4 12
4 15
5 8
5 12
6 7
6 11
7 9
7 10
7 14
8 9
8 10
8 11
-1
EDGE_WEIGHT_SECTION
0	1	1	1	0	0	0	0	1	0	0	0	0	0	0	0
1	0	0	0	0	0	1	1	1	1	0	0	0	1	0	0
1	0	0	0	1	0	0	1	0	0	1	0	0	0	0	0
1	0	0	0	1	0	1	1	0	0	0	0	0	0	0	0
0	0	1	1	0	0	0	0	1	1	0	0	1	0	0	1
0	0	0	0	0	0	0	0	1	0	0	0	1	0	0	0
0	1	0	1	0	0	0	1	0	0	0	1	0	0	0	0
0	1	1	1	0	0	1	0	0	1	1	0	0	0	1	0
1	1	0	0	1	1	0	0	0	1	1	1	0	0	0	0
0	1	0	0	1	0	0	1	1	0	0	0	0	0	0	0
0	0	1	0	0	0	0	1	1	0	0	0	0	0	0	0
0	0	0	0	0	0	1	0	1	0	0	0	0	0	0	0
0	0	0	0	1	1	0	0	0	0	0	0	0	0	0	0
0	1	0	0	0	0	0	0	0	0	0	0	0	0	0	0
0	0	0	0	0	0	0	1	0	0	0	0	0	0	0	0
0	0	0	0	1	0	0	0	0	0	0	0	0	0	0	0
DIFF_EDGE
0 0
CHROM_NUMBER
6
EOF
