TYPE : graph_{count}
DIMENSION: 19
EDGE_DATA_FORMAT: EDGE_LIST
EDGE_WEIGHT_TYPE: EXPLICIT
EDGE_WEIGHT_FORMAT: FULL_MATRIX
EDGE_DATA_SECTION
0 1
0 2
0 3
0 8
0 9
0 17
1 3
1 4
1 8
1 9
1 11
1 13
2 6
2 7
2 8
2 18
3 7
3 8
3 9
3 12
3 17
4 8
4 9
4 15
5 7
5 8
5 9
5 10
5 17
7 8
7 9
7 10
7 17
8 10
9 10
9 17
10 18
12 14
13 16
13 17
15 17
-1
EDGE_WEIGHT_SECTION
0	1	1	1	0	0	0	0	1	1	0	0	0	0	0	0	0	1	0
1	0	0	1	1	0	0	0	1	1	0	1	0	1	0	0	0	0	0
1	0	0	0	0	0	1	1	1	0	0	0	0	0	0	0	0	0	1
1	1	0	0	0	0	0	1	1	1	0	0	1	0	0	0	0	1	0
0	1	0	0	0	0	0	0	1	1	0	0	0	0	0	1	0	0	0
0	0	0	0	0	0	0	1	1	1	1	0	0	0	0	0	0	1	0
0	0	1	0	0	0	0	0	0	0	0	0	0	0	0	0	0	0	0
0	0	1	1	0	1	0	0	1	1	1	0	0	0	0	0	0	1	0
1	1	1	1	1	1	0	1	0	0	1	0	0	0	0	0	0	0	0
1	1	0	1	1	1	0	1	0	0	1	0	0	0	0	0	0	1	0
0	0	0	0	0	1	0	1	1	1	0	0	0	0	0	0	0	0	1
0	1	0	0	0	0	0	0	0	0	0	0	0	0	0	0	0	0	0
0	0	0	1	0	0	0	0	0	0	0	0	0	0	1	0	0	0	0
0	1	0	0	0	0	0	0	0	0	0	0	0	0	0	0	1	1	0
0	0	0	0	0	0	0	0	0	0	0	0	1	0	0	0	0	0	0
0	0	0	0	1	0	0	0	0	0	0	0	0	0	0	0	0	1	0
0	0	0	0	0	0	0	0	0	0	0	0	0	1	0	0	0	0	0
1	0	0	1	0	1	0	1	0	1	0	0	0	1	0	1	0	0	0
0	0	1	0	0	0	0	0	0	0	1	0	0	0	0	0	0	0	0
DIFF_EDGE
0 0
CHROM_NUMBER
6
EOF
