TYPE : graph_{count}
DIMENSION: 19
EDGE_DATA_FORMAT: EDGE_LIST
EDGE_WEIGHT_TYPE: EXPLICIT
EDGE_WEIGHT_FORMAT: FULL_MATRIX
EDGE_DATA_SECTION
0 5
0 9
0 10
0 12
0 14
0 15
1 2
1 5
1 7
2 3
2 4
2 6
2 8
2 10
2 14
2 15
2 17
2 18
3 5
3 6
3 7
3 8
3 9
3 10
3 14
3 17
3 18
4 5
4 6
4 10
4 14
4 18
5 8
5 17
6 7
6 8
6 9
6 10
6 14
6 17
6 18
7 8
7 10
7 11
7 14
7 18
8 9
8 17
8 18
9 10
9 14
9 16
9 17
9 18
10 13
10 14
10 18
11 18
13 14
13 17
14 17
14 18
16 18
17 18
-1
EDGE_WEIGHT_SECTION
0	0	0	0	0	1	0	0	0	1	1	0	1	0	1	1	0	0	0
0	0	1	0	0	1	0	1	0	0	0	0	0	0	0	0	0	0	0
0	1	0	1	1	0	1	0	1	0	1	0	0	0	1	1	0	1	1
0	0	1	0	0	1	1	1	1	1	1	0	0	0	1	0	0	1	1
0	0	1	0	0	1	1	0	0	0	1	0	0	0	1	0	0	0	1
1	1	0	1	1	0	0	0	1	0	0	0	0	0	0	0	0	1	0
0	0	1	1	1	0	0	1	1	1	1	0	0	0	1	0	0	1	1
0	1	0	1	0	0	1	0	1	0	1	1	0	0	1	0	0	0	1
0	0	1	1	0	1	1	1	0	1	0	0	0	0	0	0	0	1	1
1	0	0	1	0	0	1	0	1	0	1	0	0	0	1	0	1	1	1
1	0	1	1	1	0	1	1	0	1	0	0	0	1	1	0	0	0	1
0	0	0	0	0	0	0	1	0	0	0	0	0	0	0	0	0	0	1
1	0	0	0	0	0	0	0	0	0	0	0	0	0	0	0	0	0	0
0	0	0	0	0	0	0	0	0	0	1	0	0	0	1	0	0	1	0
1	0	1	1	1	0	1	1	0	1	1	0	0	1	1	0	0	1	1
1	0	1	0	0	0	0	0	0	0	0	0	0	0	0	0	0	0	0
0	0	0	0	0	0	0	0	0	1	0	0	0	0	0	0	0	0	1
0	0	1	1	0	1	1	0	1	1	0	0	0	1	1	0	0	1	1
0	0	1	1	1	0	1	1	1	1	1	1	0	0	1	0	1	1	0
DIFF_EDGE
0 0
CHROM_NUMBER
10
EOF
