TYPE : graph_{count}
DIMENSION: 20
EDGE_DATA_FORMAT: EDGE_LIST
EDGE_WEIGHT_TYPE: EXPLICIT
EDGE_WEIGHT_FORMAT: FULL_MATRIX
EDGE_DATA_SECTION
0 1
0 9
0 10
0 17
1 3
1 5
1 6
1 10
1 12
2 4
2 5
2 6
2 10
2 13
2 16
3 6
3 8
3 11
3 12
3 17
4 7
4 9
4 10
4 11
4 12
4 13
4 15
4 16
4 17
5 10
5 17
6 14
6 16
7 8
7 9
7 10
7 11
7 12
7 13
7 15
7 16
7 17
8 9
8 11
8 12
8 13
8 15
8 16
9 11
9 12
9 13
9 15
9 16
9 17
10 11
10 12
10 13
10 15
10 16
10 17
10 19
11 12
11 13
11 15
11 16
11 17
11 18
12 13
12 14
12 15
12 16
12 17
13 15
13 16
13 17
14 16
14 17
15 16
15 17
16 17
-1
EDGE_WEIGHT_SECTION
0	1	0	0	0	0	0	0	0	1	1	0	0	0	0	0	0	1	0	0
1	0	0	1	0	1	1	0	0	0	1	0	1	0	0	0	0	0	0	0
0	0	0	0	1	1	1	0	0	0	1	0	0	1	0	0	1	0	0	0
0	1	0	0	0	0	1	0	1	0	0	1	1	0	0	0	0	1	0	0
0	0	1	0	0	0	0	1	0	1	1	1	1	1	0	1	1	1	0	0
0	1	1	0	0	0	0	0	0	0	1	0	0	0	0	0	0	1	0	0
0	1	1	1	0	0	0	0	0	0	0	0	0	0	1	0	1	0	0	0
0	0	0	0	1	0	0	0	1	1	1	1	1	1	0	1	1	1	0	0
0	0	0	1	0	0	0	1	0	1	0	1	1	1	0	1	1	0	0	0
1	0	0	0	1	0	0	1	1	0	0	1	1	1	0	1	1	1	0	0
1	1	1	0	1	1	0	1	0	0	0	1	1	1	0	1	1	1	0	1
0	0	0	1	1	0	0	1	1	1	1	0	1	1	0	1	1	1	1	0
0	1	0	1	1	0	0	1	1	1	1	1	0	1	1	1	1	1	0	0
0	0	1	0	1	0	0	1	1	1	1	1	1	0	0	1	1	1	0	0
0	0	0	0	0	0	1	0	0	0	0	0	1	0	0	0	1	1	0	0
0	0	0	0	1	0	0	1	1	1	1	1	1	1	0	1	1	1	0	0
0	0	1	0	1	0	1	1	1	1	1	1	1	1	1	1	0	1	0	0
1	0	0	1	1	1	0	1	0	1	1	1	1	1	1	1	1	0	0	0
0	0	0	0	0	0	0	0	0	0	0	1	0	0	0	0	0	0	0	0
0	0	0	0	0	0	0	0	0	0	1	0	0	0	0	0	0	0	0	0
DIFF_EDGE
0 0
CHROM_NUMBER
11
EOF
