TYPE : graph_{count}
DIMENSION: 17
EDGE_DATA_FORMAT: EDGE_LIST
EDGE_WEIGHT_TYPE: EXPLICIT
EDGE_WEIGHT_FORMAT: FULL_MATRIX
EDGE_DATA_SECTION
0 5
0 6
0 13
0 16
1 4
1 6
1 7
1 8
1 10
1 12
2 3
2 6
2 7
2 9
3 6
3 7
3 8
3 9
3 10
3 12
3 15
4 7
4 8
4 9
4 10
5 7
5 8
5 9
5 10
5 12
6 7
6 9
6 10
6 12
7 9
8 10
8 12
9 10
9 12
9 14
10 11
10 16
11 12
-1
EDGE_WEIGHT_SECTION
0	0	0	0	0	1	1	0	0	0	0	0	0	1	0	0	1
0	0	0	0	1	0	1	1	1	0	1	0	1	0	0	0	0
0	0	0	1	0	0	1	1	0	1	0	0	0	0	0	0	0
0	0	1	0	0	0	1	1	1	1	1	0	1	0	0	1	0
0	1	0	0	0	0	0	1	1	1	1	0	0	0	0	0	0
1	0	0	0	0	0	0	1	1	1	1	0	1	0	0	0	0
1	1	1	1	0	0	0	1	0	1	1	0	1	0	0	0	0
0	1	1	1	1	1	1	0	0	1	0	0	0	0	0	0	0
0	1	0	1	1	1	0	0	0	0	1	0	1	0	0	0	0
0	0	1	1	1	1	1	1	0	0	1	0	1	0	1	0	0
0	1	0	1	1	1	1	0	1	1	0	1	0	0	0	0	1
0	0	0	0	0	0	0	0	0	0	1	0	1	0	0	0	0
0	1	0	1	0	1	1	0	1	1	0	1	1	0	0	0	0
1	0	0	0	0	0	0	0	0	0	0	0	0	0	0	0	0
0	0	0	0	0	0	0	0	0	1	0	0	0	0	0	0	0
0	0	0	1	0	0	0	0	0	0	0	0	0	0	0	0	0
1	0	0	0	0	0	0	0	0	0	1	0	0	0	0	0	0
DIFF_EDGE
0 0
CHROM_NUMBER
7
EOF
