TYPE : graph_{count}
DIMENSION: 15
EDGE_DATA_FORMAT: EDGE_LIST
EDGE_WEIGHT_TYPE: EXPLICIT
EDGE_WEIGHT_FORMAT: FULL_MATRIX
EDGE_DATA_SECTION
0 3
0 4
0 5
0 9
0 10
0 11
0 13
0 14
1 4
1 8
1 9
1 10
2 4
2 5
2 7
2 8
2 10
2 11
2 12
2 13
3 4
3 7
4 5
4 6
4 7
4 8
4 10
4 11
4 13
4 14
5 10
5 11
5 13
5 14
6 8
6 10
6 13
7 9
7 13
7 14
8 9
8 11
8 13
9 12
9 13
10 11
10 13
10 14
11 13
11 14
12 14
13 14
-1
EDGE_WEIGHT_SECTION
0	0	0	1	1	1	0	0	0	1	1	1	0	1	1
0	0	0	0	1	0	0	0	1	1	1	0	0	0	0
0	0	0	0	1	1	0	1	1	0	1	1	1	1	0
1	0	0	0	1	0	0	1	0	0	0	0	0	0	0
1	1	1	1	0	1	1	1	1	0	1	1	0	1	1
1	0	1	0	1	0	0	0	0	0	1	1	0	1	1
0	0	0	0	1	0	0	0	1	0	1	0	0	1	0
0	0	1	1	1	0	0	0	0	1	0	0	0	1	1
0	1	1	0	1	0	1	0	0	1	0	1	0	1	0
1	1	0	0	0	0	0	1	1	0	0	0	1	1	0
1	1	1	0	1	1	1	0	0	0	0	1	0	1	1
1	0	1	0	1	1	0	0	1	0	1	0	0	1	1
0	0	1	0	0	0	0	0	0	1	0	0	0	0	1
1	0	1	0	1	1	1	1	1	1	1	1	0	1	1
1	0	0	0	1	1	0	1	0	0	1	1	1	1	1
DIFF_EDGE
0 0
CHROM_NUMBER
8
EOF
