TYPE : graph_{count}
DIMENSION: 20
EDGE_DATA_FORMAT: EDGE_LIST
EDGE_WEIGHT_TYPE: EXPLICIT
EDGE_WEIGHT_FORMAT: FULL_MATRIX
EDGE_DATA_SECTION
0 1
0 2
0 5
0 6
0 8
0 9
0 10
0 12
0 13
0 17
0 18
1 4
1 5
1 7
1 9
1 18
2 3
2 4
2 7
2 8
2 9
2 11
2 13
2 17
3 4
3 6
3 9
3 10
3 12
3 17
3 18
4 5
4 7
4 8
4 9
4 10
4 12
4 13
4 15
4 17
5 7
6 7
6 8
6 13
6 15
7 9
7 10
7 17
7 18
8 9
8 10
8 12
8 13
8 17
8 18
8 19
9 12
9 13
9 16
9 17
10 11
10 12
10 13
10 17
10 18
11 12
11 14
11 17
11 18
12 13
12 17
12 18
13 17
13 18
14 17
16 18
17 18
-1
EDGE_WEIGHT_SECTION
0	1	1	0	0	1	1	0	1	1	1	0	1	1	0	0	0	1	1	0
1	0	0	0	1	1	0	1	0	1	0	0	0	0	0	0	0	0	1	0
1	0	0	1	1	0	0	1	1	1	0	1	0	1	0	0	0	1	0	0
0	0	1	0	1	0	1	0	0	1	1	0	1	0	0	0	0	1	1	0
0	1	1	1	0	1	0	1	1	1	1	0	1	1	0	1	0	1	0	0
1	1	0	0	1	0	0	1	0	0	0	0	0	0	0	0	0	0	0	0
1	0	0	1	0	0	0	1	1	0	0	0	0	1	0	1	0	0	0	0
0	1	1	0	1	1	1	0	0	1	1	0	0	0	0	0	0	1	1	0
1	0	1	0	1	0	1	0	0	1	1	0	1	1	0	0	0	1	1	1
1	1	1	1	1	0	0	1	1	0	0	0	1	1	0	0	1	1	0	0
1	0	0	1	1	0	0	1	1	0	0	1	1	1	0	0	0	1	1	0
0	0	1	0	0	0	0	0	0	0	1	0	1	0	1	0	0	1	1	0
1	0	0	1	1	0	0	0	1	1	1	1	0	1	0	0	0	1	1	0
1	0	1	0	1	0	1	0	1	1	1	0	1	0	0	0	0	1	1	0
0	0	0	0	0	0	0	0	0	0	0	1	0	0	0	0	0	1	0	0
0	0	0	0	1	0	1	0	0	0	0	0	0	0	0	0	0	0	0	0
0	0	0	0	0	0	0	0	0	1	0	0	0	0	0	0	0	0	1	0
1	0	1	1	1	0	0	1	1	1	1	1	1	1	1	0	0	1	1	0
1	1	0	1	0	0	0	1	1	0	1	1	1	1	0	0	1	1	1	0
0	0	0	0	0	0	0	0	1	0	0	0	0	0	0	0	0	0	0	0
DIFF_EDGE
0 0
CHROM_NUMBER
11
EOF
