TYPE : graph_{count}
DIMENSION: 20
EDGE_DATA_FORMAT: EDGE_LIST
EDGE_WEIGHT_TYPE: EXPLICIT
EDGE_WEIGHT_FORMAT: FULL_MATRIX
EDGE_DATA_SECTION
0 1
0 8
0 10
0 15
0 16
0 18
1 2
1 3
1 6
1 7
1 8
1 9
1 12
1 13
1 14
1 16
1 18
1 19
2 5
2 7
2 9
2 11
2 12
2 13
2 15
3 4
3 8
3 10
3 13
4 7
4 8
4 10
4 15
4 16
5 6
5 7
5 10
5 13
5 15
5 16
5 18
5 19
6 7
6 10
6 11
6 13
6 15
6 16
6 17
6 18
6 19
7 8
7 12
7 13
7 15
7 16
7 18
7 19
8 12
9 15
9 16
10 12
10 13
10 14
10 16
11 12
11 15
11 16
11 18
11 19
12 13
12 15
12 16
12 17
12 18
12 19
13 15
13 16
13 18
13 19
14 15
15 16
15 18
15 19
16 18
16 19
17 19
18 19
-1
EDGE_WEIGHT_SECTION
0	1	0	0	0	0	0	0	1	0	1	0	0	0	0	1	1	0	1	0
1	0	1	1	0	0	1	1	1	1	0	0	1	1	1	0	1	0	1	1
0	1	0	0	0	1	0	1	0	1	0	1	1	1	0	1	0	0	0	0
0	1	0	0	1	0	0	0	1	0	1	0	0	1	0	0	0	0	0	0
0	0	0	1	0	0	0	1	1	0	1	0	0	0	0	1	1	0	0	0
0	0	1	0	0	0	1	1	0	0	1	0	0	1	0	1	1	0	1	1
0	1	0	0	0	1	0	1	0	0	1	1	0	1	0	1	1	1	1	1
0	1	1	0	1	1	1	0	1	0	0	0	1	1	0	1	1	0	1	1
1	1	0	1	1	0	0	1	0	0	0	0	1	0	0	0	0	0	0	0
0	1	1	0	0	0	0	0	0	0	0	0	0	0	0	1	1	0	0	0
1	0	0	1	1	1	1	0	0	0	0	0	1	1	1	0	1	0	0	0
0	0	1	0	0	0	1	0	0	0	0	0	1	0	0	1	1	0	1	1
0	1	1	0	0	0	0	1	1	0	1	1	0	1	0	1	1	1	1	1
0	1	1	1	0	1	1	1	0	0	1	0	1	1	0	1	1	0	1	1
0	1	0	0	0	0	0	0	0	0	1	0	0	0	0	1	0	0	0	0
1	0	1	0	1	1	1	1	0	1	0	1	1	1	1	0	1	0	1	1
1	1	0	0	1	1	1	1	0	1	1	1	1	1	0	1	0	0	1	1
0	0	0	0	0	0	1	0	0	0	0	0	1	0	0	0	0	0	0	1
1	1	0	0	0	1	1	1	0	0	0	1	1	1	0	1	1	0	0	1
0	1	0	0	0	1	1	1	0	0	0	1	1	1	0	1	1	1	1	0
DIFF_EDGE
0 0
CHROM_NUMBER
11
EOF
