TYPE : graph_{count}
DIMENSION: 20
EDGE_DATA_FORMAT: EDGE_LIST
EDGE_WEIGHT_TYPE: EXPLICIT
EDGE_WEIGHT_FORMAT: FULL_MATRIX
EDGE_DATA_SECTION
0 1
0 2
0 3
0 5
0 7
0 9
0 10
0 12
0 13
0 14
0 16
1 2
1 6
1 7
1 10
1 12
1 13
1 16
1 17
1 18
2 8
2 10
2 11
3 5
3 6
3 7
3 10
3 12
3 13
3 16
3 17
3 18
4 7
4 8
4 10
4 16
4 19
5 6
5 7
5 8
5 10
5 13
5 17
6 7
6 9
6 13
6 17
6 19
7 8
7 9
7 10
7 12
7 13
7 16
7 17
8 9
8 12
8 16
8 17
9 10
9 12
9 16
9 17
10 12
10 13
10 16
10 17
11 16
12 15
12 16
12 17
13 15
13 16
13 17
14 17
16 17
-1
EDGE_WEIGHT_SECTION
0	1	1	1	0	1	0	1	0	1	1	0	1	1	1	0	1	0	0	0
1	0	1	0	0	0	1	1	0	0	1	0	1	1	0	0	1	1	1	0
1	1	0	0	0	0	0	0	1	0	1	1	0	0	0	0	0	0	0	0
1	0	0	0	0	1	1	1	0	0	1	0	1	1	0	0	1	1	1	0
0	0	0	0	0	0	0	1	1	0	1	0	0	0	0	0	1	0	0	1
1	0	0	1	0	0	1	1	1	0	1	0	0	1	0	0	0	1	0	0
0	1	0	1	0	1	0	1	0	1	0	0	0	1	0	0	0	1	0	1
1	1	0	1	1	1	1	0	1	1	1	0	1	1	0	0	1	1	0	0
0	0	1	0	1	1	0	1	0	1	0	0	1	0	0	0	1	1	0	0
1	0	0	0	0	0	1	1	1	0	1	0	1	0	0	0	1	1	0	0
1	1	1	1	1	1	0	1	0	1	0	0	1	1	0	0	1	1	0	0
0	0	1	0	0	0	0	0	0	0	0	0	0	0	0	0	1	0	0	0
1	1	0	1	0	0	0	1	1	1	1	0	0	0	0	1	1	1	0	0
1	1	0	1	0	1	1	1	0	0	1	0	0	0	0	1	1	1	0	0
1	0	0	0	0	0	0	0	0	0	0	0	0	0	0	0	0	1	0	0
0	0	0	0	0	0	0	0	0	0	0	0	1	1	0	0	0	0	0	0
1	1	0	1	1	0	0	1	1	1	1	1	1	1	0	0	0	1	0	0
0	1	0	1	0	1	1	1	1	1	1	0	1	1	1	0	1	0	0	0
0	1	0	1	0	0	0	0	0	0	0	0	0	0	0	0	0	0	0	0
0	0	0	0	1	0	1	0	0	0	0	0	0	0	0	0	0	0	0	0
DIFF_EDGE
0 0
CHROM_NUMBER
11
EOF
