TYPE : graph_{count}
DIMENSION: 21
EDGE_DATA_FORMAT: EDGE_LIST
EDGE_WEIGHT_TYPE: EXPLICIT
EDGE_WEIGHT_FORMAT: FULL_MATRIX
EDGE_DATA_SECTION
0 1
0 2
0 3
0 7
0 12
0 13
0 17
1 2
1 3
1 4
1 6
1 8
1 10
1 12
1 15
1 17
2 3
2 4
2 6
2 8
2 9
2 10
2 12
2 17
2 20
3 6
3 7
3 9
3 10
3 11
3 12
3 17
4 5
4 16
5 6
5 7
5 8
5 11
6 8
6 9
6 12
7 8
7 9
8 9
8 12
8 16
8 17
9 10
9 17
9 18
10 12
10 14
10 17
10 19
11 17
12 17
13 19
16 17
-1
EDGE_WEIGHT_SECTION
0	1	1	1	0	0	0	1	0	0	0	0	1	1	0	0	0	1	0	0	0
1	0	1	1	1	0	1	0	1	0	1	0	1	0	0	1	0	1	0	0	0
1	1	0	1	1	0	1	0	1	1	1	0	1	0	0	0	0	1	0	0	1
1	1	1	0	0	0	1	1	0	1	1	1	1	0	0	0	0	1	0	0	0
0	1	1	0	0	1	0	0	0	0	0	0	0	0	0	0	1	0	0	0	0
0	0	0	0	1	0	1	1	1	0	0	1	0	0	0	0	0	0	0	0	0
0	1	1	1	0	1	0	0	1	1	0	0	1	0	0	0	0	0	0	0	0
1	0	0	1	0	1	0	0	1	1	0	0	0	0	0	0	0	0	0	0	0
0	1	1	0	0	1	1	1	0	1	0	0	1	0	0	0	1	1	0	0	0
0	0	1	1	0	0	1	1	1	0	1	0	0	0	0	0	0	1	1	0	0
0	1	1	1	0	0	0	0	0	1	0	0	1	0	1	0	0	1	0	1	0
0	0	0	1	0	1	0	0	0	0	0	0	0	0	0	0	0	1	0	0	0
1	1	1	1	0	0	1	0	1	0	1	0	0	0	0	0	0	1	0	0	0
1	0	0	0	0	0	0	0	0	0	0	0	0	0	0	0	0	0	0	1	0
0	0	0	0	0	0	0	0	0	0	1	0	0	0	0	0	0	0	0	0	0
0	1	0	0	0	0	0	0	0	0	0	0	0	0	0	0	0	0	0	0	0
0	0	0	0	1	0	0	0	1	0	0	0	0	0	0	0	0	1	0	0	0
1	1	1	1	0	0	0	0	1	1	1	1	1	0	0	0	1	0	0	0	0
0	0	0	0	0	0	0	0	0	1	0	0	0	0	0	0	0	0	0	0	0
0	0	0	0	0	0	0	0	0	0	1	0	0	1	0	0	0	0	0	0	0
0	0	1	0	0	0	0	0	0	0	0	0	0	0	0	0	0	0	0	0	0
DIFF_EDGE
0 0
CHROM_NUMBER
8
EOF
