TYPE : graph_{count}
DIMENSION: 19
EDGE_DATA_FORMAT: EDGE_LIST
EDGE_WEIGHT_TYPE: EXPLICIT
EDGE_WEIGHT_FORMAT: FULL_MATRIX
EDGE_DATA_SECTION
0 3
0 6
0 8
0 9
0 10
0 14
0 16
0 18
1 2
1 3
1 5
1 6
1 7
1 9
1 13
1 14
1 16
1 18
2 5
2 6
2 7
2 8
2 11
2 13
3 5
3 12
3 13
3 16
4 7
4 9
4 10
4 14
5 7
5 10
5 13
5 14
5 16
5 17
5 18
6 8
6 10
6 14
6 16
7 8
7 9
7 12
7 13
7 14
7 16
7 18
8 9
8 13
8 14
9 10
9 13
9 14
10 16
10 18
11 13
11 14
11 18
12 13
13 15
13 16
14 15
14 16
14 18
15 16
15 18
16 18
-1
EDGE_WEIGHT_SECTION
0	0	0	1	0	0	1	0	1	1	1	0	0	0	1	0	1	0	1
0	0	1	1	0	1	1	1	0	1	0	0	0	1	1	0	1	0	1
0	1	0	0	0	1	1	1	1	0	0	1	0	1	0	0	0	0	0
1	1	0	0	0	1	0	0	0	0	0	0	1	1	0	0	1	0	0
0	0	0	0	0	0	0	1	0	1	1	0	0	0	1	0	0	0	0
0	1	1	1	0	0	0	1	0	0	1	0	0	1	1	0	1	1	1
1	1	1	0	0	0	0	0	1	0	1	0	0	0	1	0	1	0	0
0	1	1	0	1	1	0	0	1	1	0	0	1	1	1	0	1	0	1
1	0	1	0	0	0	1	1	0	1	0	0	0	1	1	0	0	0	0
1	1	0	0	1	0	0	1	1	0	1	0	0	1	1	0	0	0	0
1	0	0	0	1	1	1	0	0	1	0	0	0	0	0	0	1	0	1
0	0	1	0	0	0	0	0	0	0	0	0	0	1	1	0	0	0	1
0	0	0	1	0	0	0	1	0	0	0	0	0	1	0	0	0	0	0
0	1	1	1	0	1	0	1	1	1	0	1	1	0	0	1	1	0	0
1	1	0	0	1	1	1	1	1	1	0	1	0	0	0	1	1	0	1
0	0	0	0	0	0	0	0	0	0	0	0	0	1	1	0	1	0	1
1	1	0	1	0	1	1	1	0	0	1	0	0	1	1	1	0	0	1
0	0	0	0	0	1	0	0	0	0	0	0	0	0	0	0	0	0	0
1	1	0	0	0	1	0	1	0	0	1	1	0	0	1	1	1	0	0
DIFF_EDGE
0 0
CHROM_NUMBER
10
EOF
