TYPE : graph_{count}
DIMENSION: 19
EDGE_DATA_FORMAT: EDGE_LIST
EDGE_WEIGHT_TYPE: EXPLICIT
EDGE_WEIGHT_FORMAT: FULL_MATRIX
EDGE_DATA_SECTION
0 3
0 4
0 11
0 12
1 3
1 4
1 6
1 7
1 11
1 12
1 15
1 18
2 4
2 10
2 12
2 18
3 4
3 12
3 17
3 18
4 5
4 6
4 7
4 8
4 12
4 13
4 18
5 6
5 8
5 10
5 12
5 17
5 18
6 16
6 18
8 9
8 16
9 12
10 13
11 12
11 18
12 14
12 18
14 18
-1
EDGE_WEIGHT_SECTION
0	0	0	1	1	0	0	0	0	0	0	1	1	0	0	0	0	0	0
0	0	0	1	1	0	1	1	0	0	0	1	1	0	0	1	0	0	1
0	0	0	0	1	0	0	0	0	0	1	0	1	0	0	0	0	0	1
1	1	0	0	1	0	0	0	0	0	0	0	1	0	0	0	0	1	1
1	1	1	1	0	1	1	1	1	0	0	0	1	1	0	0	0	0	1
0	0	0	0	1	0	1	0	1	0	1	0	1	0	0	0	0	1	1
0	1	0	0	1	1	0	0	0	0	0	0	0	0	0	0	1	0	1
0	1	0	0	1	0	0	0	0	0	0	0	0	0	0	0	0	0	0
0	0	0	0	1	1	0	0	0	1	0	0	0	0	0	0	1	0	0
0	0	0	0	0	0	0	0	1	0	0	0	1	0	0	0	0	0	0
0	0	1	0	0	1	0	0	0	0	0	0	0	1	0	0	0	0	0
1	1	0	0	0	0	0	0	0	0	0	0	1	0	0	0	0	0	1
1	1	1	1	1	1	0	0	0	1	0	1	1	0	1	0	0	0	1
0	0	0	0	1	0	0	0	0	0	1	0	0	0	0	0	0	0	0
0	0	0	0	0	0	0	0	0	0	0	0	1	0	0	0	0	0	1
0	1	0	0	0	0	0	0	0	0	0	0	0	0	0	0	0	0	0
0	0	0	0	0	0	1	0	1	0	0	0	0	0	0	0	0	0	0
0	0	0	1	0	1	0	0	0	0	0	0	0	0	0	0	0	0	0
0	1	1	1	1	1	1	0	0	0	0	1	1	0	1	0	0	0	0
DIFF_EDGE
0 0
CHROM_NUMBER
6
EOF
