TYPE : graph_{count}
DIMENSION: 18
EDGE_DATA_FORMAT: EDGE_LIST
EDGE_WEIGHT_TYPE: EXPLICIT
EDGE_WEIGHT_FORMAT: FULL_MATRIX
EDGE_DATA_SECTION
0 5
0 8
0 9
0 11
0 12
0 14
1 2
1 3
1 4
1 6
2 3
2 5
2 8
2 11
2 12
2 14
3 7
3 8
3 14
3 17
4 8
4 9
5 6
5 8
5 11
5 15
6 9
6 10
6 11
6 17
7 14
8 13
8 14
9 10
9 11
9 14
10 11
11 13
11 14
12 14
14 15
14 16
-1
EDGE_WEIGHT_SECTION
0	0	0	0	0	1	0	0	1	1	0	1	1	0	1	0	0	0
0	0	1	1	1	0	1	0	0	0	0	0	0	0	0	0	0	0
0	1	0	1	0	1	0	0	1	0	0	1	1	0	1	0	0	0
0	1	1	0	0	0	0	1	1	0	0	0	0	0	1	0	0	1
0	1	0	0	0	0	0	0	1	1	0	0	0	0	0	0	0	0
1	0	1	0	0	0	1	0	1	0	0	1	0	0	0	1	0	0
0	1	0	0	0	1	0	0	0	1	1	1	0	0	0	0	0	1
0	0	0	1	0	0	0	0	0	0	0	0	0	0	1	0	0	0
1	0	1	1	1	1	0	0	0	0	0	0	0	1	1	0	0	0
1	0	0	0	1	0	1	0	0	0	1	1	0	0	1	0	0	0
0	0	0	0	0	0	1	0	0	1	0	1	0	0	0	0	0	0
1	0	1	0	0	1	1	0	0	1	1	0	0	1	1	0	0	0
1	0	1	0	0	0	0	0	0	0	0	0	0	0	1	0	0	0
0	0	0	0	0	0	0	0	1	0	0	1	0	0	0	0	0	0
1	0	1	1	0	0	0	1	1	1	0	1	1	0	1	1	1	0
0	0	0	0	0	1	0	0	0	0	0	0	0	0	1	0	0	0
0	0	0	0	0	0	0	0	0	0	0	0	0	0	1	0	0	0
0	0	0	1	0	0	1	0	0	0	0	0	0	0	0	0	0	0
DIFF_EDGE
0 0
CHROM_NUMBER
7
EOF
