TYPE : graph_{count}
DIMENSION: 21
EDGE_DATA_FORMAT: EDGE_LIST
EDGE_WEIGHT_TYPE: EXPLICIT
EDGE_WEIGHT_FORMAT: FULL_MATRIX
EDGE_DATA_SECTION
0 2
0 3
0 4
0 8
0 10
0 20
1 2
1 3
1 4
1 6
1 7
1 10
1 11
1 12
1 14
1 17
2 3
2 4
2 5
2 6
2 7
2 8
2 10
2 11
2 14
2 15
2 19
3 4
3 5
3 7
3 11
3 12
3 14
3 20
4 7
4 8
4 10
4 11
4 12
4 14
4 20
5 6
5 12
5 20
6 7
6 8
6 9
6 12
6 14
7 9
7 10
7 11
7 12
7 14
7 20
8 11
8 18
10 11
10 12
10 13
10 18
11 12
11 14
11 20
12 14
12 15
12 20
13 14
13 16
14 20
15 20
16 20
17 20
18 20
-1
EDGE_WEIGHT_SECTION
0	0	1	1	1	0	0	0	1	0	1	0	0	0	0	0	0	0	0	0	1
0	0	1	1	1	0	1	1	0	0	1	1	1	0	1	0	0	1	0	0	0
1	1	0	1	1	1	1	1	1	0	1	1	0	0	1	1	0	0	0	1	0
1	1	1	0	1	1	0	1	0	0	0	1	1	0	1	0	0	0	0	0	1
1	1	1	1	0	0	0	1	1	0	1	1	1	0	1	0	0	0	0	0	1
0	0	1	1	0	0	1	0	0	0	0	0	1	0	0	0	0	0	0	0	1
0	1	1	0	0	1	0	1	1	1	0	0	1	0	1	0	0	0	0	0	0
0	1	1	1	1	0	1	0	0	1	1	1	1	0	1	0	0	0	0	0	1
1	0	1	0	1	0	1	0	0	0	0	1	0	0	0	0	0	0	1	0	0
0	0	0	0	0	0	1	1	0	0	0	0	0	0	0	0	0	0	0	0	0
1	1	1	0	1	0	0	1	0	0	0	1	1	1	0	0	0	0	1	0	0
0	1	1	1	1	0	0	1	1	0	1	0	1	0	1	0	0	0	0	0	1
0	1	0	1	1	1	1	1	0	0	1	1	0	0	1	1	0	0	0	0	1
0	0	0	0	0	0	0	0	0	0	1	0	0	0	1	0	1	0	0	0	0
0	1	1	1	1	0	1	1	0	0	0	1	1	1	0	0	0	0	0	0	1
0	0	1	0	0	0	0	0	0	0	0	0	1	0	0	0	0	0	0	0	1
0	0	0	0	0	0	0	0	0	0	0	0	0	1	0	0	0	0	0	0	1
0	1	0	0	0	0	0	0	0	0	0	0	0	0	0	0	0	0	0	0	1
0	0	0	0	0	0	0	0	1	0	1	0	0	0	0	0	0	0	0	0	1
0	0	1	0	0	0	0	0	0	0	0	0	0	0	0	0	0	0	0	0	0
1	0	0	1	1	1	0	1	0	0	0	1	1	0	1	1	1	1	1	0	0
DIFF_EDGE
0 0
CHROM_NUMBER
11
EOF
