TYPE : graph_{count}
DIMENSION: 19
EDGE_DATA_FORMAT: EDGE_LIST
EDGE_WEIGHT_TYPE: EXPLICIT
EDGE_WEIGHT_FORMAT: FULL_MATRIX
EDGE_DATA_SECTION
0 2
0 4
0 5
0 6
0 7
0 8
0 9
0 11
0 16
0 17
1 2
1 5
1 6
1 9
2 3
2 4
2 6
2 8
2 11
2 12
2 18
3 4
3 7
3 8
3 9
3 10
3 17
4 5
4 6
4 7
4 8
4 10
4 11
4 14
5 6
5 7
5 8
5 10
5 11
5 12
5 13
5 15
5 17
6 7
6 9
6 11
6 16
6 17
7 10
7 11
7 16
8 9
8 10
8 11
8 16
8 17
9 11
9 14
9 16
9 17
10 18
11 16
11 17
12 16
12 17
13 17
14 16
14 17
15 16
16 17
-1
EDGE_WEIGHT_SECTION
0	0	1	0	1	1	1	1	1	1	0	1	0	0	0	0	1	1	0
0	0	1	0	0	1	1	0	0	1	0	0	0	0	0	0	0	0	0
1	1	0	1	1	0	1	0	1	0	0	1	1	0	0	0	0	0	1
0	0	1	0	1	0	0	1	1	1	1	0	0	0	0	0	0	1	0
1	0	1	1	0	1	1	1	1	0	1	1	0	0	1	0	0	0	0
1	1	0	0	1	0	1	1	1	0	1	1	1	1	0	1	0	1	0
1	1	1	0	1	1	0	1	0	1	0	1	0	0	0	0	1	1	0
1	0	0	1	1	1	1	0	0	0	1	1	0	0	0	0	1	0	0
1	0	1	1	1	1	0	0	0	1	1	1	0	0	0	0	1	1	0
1	1	0	1	0	0	1	0	1	0	0	1	0	0	1	0	1	1	0
0	0	0	1	1	1	0	1	1	0	0	0	0	0	0	0	0	0	1
1	0	1	0	1	1	1	1	1	1	0	0	0	0	0	0	1	1	0
0	0	1	0	0	1	0	0	0	0	0	0	0	0	0	0	1	1	0
0	0	0	0	0	1	0	0	0	0	0	0	0	0	0	0	0	1	0
0	0	0	0	1	0	0	0	0	1	0	0	0	0	0	0	1	1	0
0	0	0	0	0	1	0	0	0	0	0	0	0	0	0	0	1	0	0
1	0	0	0	0	0	1	1	1	1	0	1	1	0	1	1	0	1	0
1	0	0	1	0	1	1	0	1	1	0	1	1	1	1	0	1	0	0
0	0	1	0	0	0	0	0	0	0	1	0	0	0	0	0	0	0	0
DIFF_EDGE
0 0
CHROM_NUMBER
10
EOF
