TYPE : graph_{count}
DIMENSION: 18
EDGE_DATA_FORMAT: EDGE_LIST
EDGE_WEIGHT_TYPE: EXPLICIT
EDGE_WEIGHT_FORMAT: FULL_MATRIX
EDGE_DATA_SECTION
0 4
0 5
0 6
0 8
0 13
1 2
1 4
1 5
1 13
1 16
2 3
2 5
2 8
2 9
2 14
3 5
3 6
3 8
3 9
3 13
3 14
3 16
4 5
4 6
4 8
4 9
4 10
4 13
5 8
5 9
5 13
5 14
5 16
6 7
6 8
6 13
6 14
6 16
7 16
8 9
8 12
8 13
8 14
9 11
9 13
9 14
9 15
11 13
11 14
11 16
11 17
12 13
12 16
13 14
13 16
14 16
-1
EDGE_WEIGHT_SECTION
0	0	0	0	1	1	1	0	1	0	0	0	0	1	0	0	0	0
0	0	1	0	1	1	0	0	0	0	0	0	0	1	0	0	1	0
0	1	0	1	0	1	0	0	1	1	0	0	0	0	1	0	0	0
0	0	1	0	0	1	1	0	1	1	0	0	0	1	1	0	1	0
1	1	0	0	0	1	1	0	1	1	1	0	0	1	0	0	0	0
1	1	1	1	1	0	0	0	1	1	0	0	0	1	1	0	1	0
1	0	0	1	1	0	0	1	1	0	0	0	0	1	1	0	1	0
0	0	0	0	0	0	1	0	0	0	0	0	0	0	0	0	1	0
1	0	1	1	1	1	1	0	0	1	0	0	1	1	1	0	0	0
0	0	1	1	1	1	0	0	1	0	0	1	0	1	1	1	0	0
0	0	0	0	1	0	0	0	0	0	0	0	0	0	0	0	0	0
0	0	0	0	0	0	0	0	0	1	0	0	0	1	1	0	1	1
0	0	0	0	0	0	0	0	1	0	0	0	0	1	0	0	1	0
1	1	0	1	1	1	1	0	1	1	0	1	1	0	1	0	1	0
0	0	1	1	0	1	1	0	1	1	0	1	0	1	0	0	1	0
0	0	0	0	0	0	0	0	0	1	0	0	0	0	0	0	0	0
0	1	0	1	0	1	1	1	0	0	0	1	1	1	1	0	0	0
0	0	0	0	0	0	0	0	0	0	0	1	0	0	0	0	0	0
DIFF_EDGE
0 0
CHROM_NUMBER
9
EOF
