TYPE : graph_{count}
DIMENSION: 18
EDGE_DATA_FORMAT: EDGE_LIST
EDGE_WEIGHT_TYPE: EXPLICIT
EDGE_WEIGHT_FORMAT: FULL_MATRIX
EDGE_DATA_SECTION
0 1
0 3
0 6
0 8
0 10
0 12
1 3
1 5
1 11
1 17
2 4
2 5
2 6
2 7
2 9
2 15
3 4
3 6
3 7
3 8
3 10
3 13
4 5
4 6
4 8
5 7
5 10
5 14
6 7
6 10
7 8
7 10
7 15
8 9
8 14
8 15
9 10
9 11
10 15
10 17
11 15
12 15
13 15
15 16
-1
EDGE_WEIGHT_SECTION
0	1	0	1	0	0	1	0	1	0	1	0	1	0	0	0	0	0
1	0	0	1	0	1	0	0	0	0	0	1	0	0	0	0	0	1
0	0	0	0	1	1	1	1	0	1	0	0	0	0	0	1	0	0
1	1	0	0	1	0	1	1	1	0	1	0	0	1	0	0	0	0
0	0	1	1	0	1	1	0	1	0	0	0	0	0	0	0	0	0
0	1	1	0	1	0	0	1	0	0	1	0	0	0	1	0	0	0
1	0	1	1	1	0	0	1	0	0	1	0	0	0	0	0	0	0
0	0	1	1	0	1	1	0	1	0	1	0	0	0	0	1	0	0
1	0	0	1	1	0	0	1	0	1	0	0	0	0	1	1	0	0
0	0	1	0	0	0	0	0	1	0	1	1	0	0	0	0	0	0
1	0	0	1	0	1	1	1	0	1	0	0	0	0	0	1	0	1
0	1	0	0	0	0	0	0	0	1	0	0	0	0	0	1	0	0
1	0	0	0	0	0	0	0	0	0	0	0	0	0	0	1	0	0
0	0	0	1	0	0	0	0	0	0	0	0	0	0	0	1	0	0
0	0	0	0	0	1	0	0	1	0	0	0	0	0	0	0	0	0
0	0	1	0	0	0	0	1	1	0	1	1	1	1	0	1	1	0
0	0	0	0	0	0	0	0	0	0	0	0	0	0	0	1	0	0
0	1	0	0	0	0	0	0	0	0	1	0	0	0	0	0	0	0
DIFF_EDGE
0 0
CHROM_NUMBER
8
EOF
