TYPE : graph_{count}
DIMENSION: 16
EDGE_DATA_FORMAT: EDGE_LIST
EDGE_WEIGHT_TYPE: EXPLICIT
EDGE_WEIGHT_FORMAT: FULL_MATRIX
EDGE_DATA_SECTION
0 1
0 2
0 4
0 6
0 8
0 12
0 14
1 2
1 7
1 13
1 14
2 3
2 4
2 5
2 6
2 7
2 8
2 9
2 13
2 14
2 15
3 6
3 7
3 11
4 5
4 6
4 7
4 8
4 10
4 13
4 14
5 6
5 8
5 10
5 11
5 13
6 7
6 13
6 14
7 9
7 14
8 9
8 10
8 14
10 12
12 13
12 14
13 14
-1
EDGE_WEIGHT_SECTION
0	1	1	0	1	0	1	0	1	0	0	0	1	0	1	0
1	0	1	0	0	0	0	1	0	0	0	0	0	1	1	0
1	1	0	1	1	1	1	1	1	1	0	0	0	1	1	1
0	0	1	0	0	0	1	1	0	0	0	1	0	0	0	0
1	0	1	0	0	1	1	1	1	0	1	0	0	1	1	0
0	0	1	0	1	0	1	0	1	0	1	1	0	1	0	0
1	0	1	1	1	1	0	1	0	0	0	0	0	1	1	0
0	1	1	1	1	0	1	0	0	1	0	0	0	0	1	0
1	0	1	0	1	1	0	0	0	1	1	0	0	0	1	0
0	0	1	0	0	0	0	1	1	0	0	0	0	0	0	0
0	0	0	0	1	1	0	0	1	0	0	0	1	0	0	0
0	0	0	1	0	1	0	0	0	0	0	0	0	0	0	0
1	0	0	0	0	0	0	0	0	0	1	0	0	1	1	0
0	1	1	0	1	1	1	0	0	0	0	0	1	0	1	0
1	1	1	0	1	0	1	1	1	0	0	0	1	1	0	0
0	0	1	0	0	0	0	0	0	0	0	0	0	0	0	0
DIFF_EDGE
0 0
CHROM_NUMBER
8
EOF
