TYPE : graph_{count}
DIMENSION: 19
EDGE_DATA_FORMAT: EDGE_LIST
EDGE_WEIGHT_TYPE: EXPLICIT
EDGE_WEIGHT_FORMAT: FULL_MATRIX
EDGE_DATA_SECTION
0 1
0 5
0 6
0 7
1 2
1 3
1 4
1 5
1 7
1 10
1 13
1 15
1 16
2 4
2 7
2 12
2 13
3 4
3 5
3 7
3 8
3 13
3 15
3 16
3 18
4 9
5 7
5 9
5 10
5 13
5 15
5 16
6 9
6 10
6 12
6 15
6 16
6 18
7 10
7 13
7 14
7 15
7 16
8 11
8 13
8 16
9 13
9 15
10 11
10 16
11 15
12 13
12 16
13 15
13 16
14 17
15 16
15 17
-1
EDGE_WEIGHT_SECTION
0	1	0	0	0	1	1	1	0	0	0	0	0	0	0	0	0	0	0
1	0	1	1	1	1	0	1	0	0	1	0	0	1	0	1	1	0	0
0	1	0	0	1	0	0	1	0	0	0	0	1	1	0	0	0	0	0
0	1	0	0	1	1	0	1	1	0	0	0	0	1	0	1	1	0	1
0	1	1	1	0	0	0	0	0	1	0	0	0	0	0	0	0	0	0
1	1	0	1	0	0	0	1	0	1	1	0	0	1	0	1	1	0	0
1	0	0	0	0	0	0	0	0	1	1	0	1	0	0	1	1	0	1
1	1	1	1	0	1	0	0	0	0	1	0	0	1	1	1	1	0	0
0	0	0	1	0	0	0	0	0	0	0	1	0	1	0	0	1	0	0
0	0	0	0	1	1	1	0	0	0	0	0	0	1	0	1	0	0	0
0	1	0	0	0	1	1	1	0	0	0	1	0	0	0	0	1	0	0
0	0	0	0	0	0	0	0	1	0	1	0	0	0	0	1	0	0	0
0	0	1	0	0	0	1	0	0	0	0	0	0	1	0	0	1	0	0
0	1	1	1	0	1	0	1	1	1	0	0	1	1	0	1	1	0	0
0	0	0	0	0	0	0	1	0	0	0	0	0	0	0	0	0	1	0
0	1	0	1	0	1	1	1	0	1	0	1	0	1	0	1	1	1	0
0	1	0	1	0	1	1	1	1	0	1	0	1	1	0	1	1	0	0
0	0	0	0	0	0	0	0	0	0	0	0	0	0	1	1	0	0	0
0	0	0	1	0	0	1	0	0	0	0	0	0	0	0	0	0	0	0
DIFF_EDGE
0 0
CHROM_NUMBER
9
EOF
