TYPE : graph_{count}
DIMENSION: 19
EDGE_DATA_FORMAT: EDGE_LIST
EDGE_WEIGHT_TYPE: EXPLICIT
EDGE_WEIGHT_FORMAT: FULL_MATRIX
EDGE_DATA_SECTION
0 2
0 4
0 7
0 17
0 18
1 2
1 5
1 8
1 10
2 4
2 5
2 6
2 8
3 6
3 7
3 9
3 10
3 12
4 6
4 10
4 11
5 8
5 9
5 14
5 18
6 7
6 8
6 9
6 16
6 17
6 18
7 9
7 10
7 15
7 18
8 10
10 13
10 14
10 18
11 12
12 18
13 16
13 18
-1
EDGE_WEIGHT_SECTION
0	0	1	0	1	0	0	1	0	0	0	0	0	0	0	0	0	1	1
0	0	1	0	0	1	0	0	1	0	1	0	0	0	0	0	0	0	0
1	1	0	0	1	1	1	0	1	0	0	0	0	0	0	0	0	0	0
0	0	0	0	0	0	1	1	0	1	1	0	1	0	0	0	0	0	0
1	0	1	0	0	0	1	0	0	0	1	1	0	0	0	0	0	0	0
0	1	1	0	0	0	0	0	1	1	0	0	0	0	1	0	0	0	1
0	0	1	1	1	0	0	1	1	1	0	0	0	0	0	0	1	1	1
1	0	0	1	0	0	1	0	0	1	1	0	0	0	0	1	0	0	1
0	1	1	0	0	1	1	0	0	0	1	0	0	0	0	0	0	0	0
0	0	0	1	0	1	1	1	0	0	0	0	0	0	0	0	0	0	0
0	1	0	1	1	0	0	1	1	0	0	0	0	1	1	0	0	0	1
0	0	0	0	1	0	0	0	0	0	0	0	1	0	0	0	0	0	0
0	0	0	1	0	0	0	0	0	0	0	1	0	0	0	0	0	0	1
0	0	0	0	0	0	0	0	0	0	1	0	0	0	0	0	1	0	1
0	0	0	0	0	1	0	0	0	0	1	0	0	0	0	0	0	0	0
0	0	0	0	0	0	0	1	0	0	0	0	0	0	0	0	0	0	0
0	0	0	0	0	0	1	0	0	0	0	0	0	1	0	0	0	0	0
1	0	0	0	0	0	1	0	0	0	0	0	0	0	0	0	0	0	0
1	0	0	0	0	1	1	1	0	0	1	0	1	1	0	0	0	0	0
DIFF_EDGE
0 0
CHROM_NUMBER
7
EOF
