TYPE : graph_{count}
DIMENSION: 16
EDGE_DATA_FORMAT: EDGE_LIST
EDGE_WEIGHT_TYPE: EXPLICIT
EDGE_WEIGHT_FORMAT: FULL_MATRIX
EDGE_DATA_SECTION
0 2
0 5
0 8
0 9
0 10
0 11
0 14
1 2
1 3
1 8
1 12
2 4
2 7
2 8
2 9
2 10
2 11
2 14
3 4
3 5
3 6
3 8
3 9
3 10
4 7
4 13
5 6
5 7
5 8
5 10
5 11
5 14
6 9
6 10
7 9
7 11
8 11
8 14
8 15
9 10
9 11
9 13
9 14
10 11
10 12
10 14
11 14
-1
EDGE_WEIGHT_SECTION
0	0	1	0	0	1	0	0	1	1	1	1	0	0	1	0
0	0	1	1	0	0	0	0	1	0	0	0	1	0	0	0
1	1	0	0	1	0	0	1	1	1	1	1	0	0	1	0
0	1	0	0	1	1	1	0	1	1	1	0	0	0	0	0
0	0	1	1	0	0	0	1	0	0	0	0	0	1	0	0
1	0	0	1	0	0	1	1	1	0	1	1	0	0	1	0
0	0	0	1	0	1	0	0	0	1	1	0	0	0	0	0
0	0	1	0	1	1	0	0	0	1	0	1	0	0	0	0
1	1	1	1	0	1	0	0	0	0	0	1	0	0	1	1
1	0	1	1	0	0	1	1	0	0	1	1	0	1	1	0
1	0	1	1	0	1	1	0	0	1	0	1	1	0	1	0
1	0	1	0	0	1	0	1	1	1	1	0	0	0	1	0
0	1	0	0	0	0	0	0	0	0	1	0	0	0	0	0
0	0	0	0	1	0	0	0	0	1	0	0	0	0	0	0
1	0	1	0	0	1	0	0	1	1	1	1	0	0	0	0
0	0	0	0	0	0	0	0	1	0	0	0	0	0	0	0
DIFF_EDGE
0 0
CHROM_NUMBER
8
EOF
