TYPE : graph_{count}
DIMENSION: 17
EDGE_DATA_FORMAT: EDGE_LIST
EDGE_WEIGHT_TYPE: EXPLICIT
EDGE_WEIGHT_FORMAT: FULL_MATRIX
EDGE_DATA_SECTION
0 1
0 5
0 6
0 8
0 14
0 15
1 2
1 4
1 5
1 10
1 14
1 15
2 4
2 5
2 7
2 8
2 9
2 10
2 12
2 14
3 4
3 5
3 7
3 10
3 15
4 6
4 7
4 11
4 14
5 6
5 9
5 10
5 13
5 14
5 15
6 8
6 9
6 14
7 8
7 9
7 10
7 14
8 9
8 10
8 11
8 15
10 14
10 16
11 14
12 14
12 15
13 15
14 15
15 16
-1
EDGE_WEIGHT_SECTION
0	1	0	0	0	1	1	0	1	0	0	0	0	0	1	1	0
1	0	1	0	1	1	0	0	0	0	1	0	0	0	1	1	0
0	1	0	0	1	1	0	1	1	1	1	0	1	0	1	0	0
0	0	0	0	1	1	0	1	0	0	1	0	0	0	0	1	0
0	1	1	1	0	0	1	1	0	0	0	1	0	0	1	0	0
1	1	1	1	0	0	1	0	0	1	1	0	0	1	1	1	0
1	0	0	0	1	1	0	0	1	1	0	0	0	0	1	0	0
0	0	1	1	1	0	0	0	1	1	1	0	0	0	1	0	0
1	0	1	0	0	0	1	1	0	1	1	1	0	0	0	1	0
0	0	1	0	0	1	1	1	1	0	0	0	0	0	0	0	0
0	1	1	1	0	1	0	1	1	0	0	0	0	0	1	0	1
0	0	0	0	1	0	0	0	1	0	0	0	0	0	1	0	0
0	0	1	0	0	0	0	0	0	0	0	0	0	0	1	1	0
0	0	0	0	0	1	0	0	0	0	0	0	0	0	0	1	0
1	1	1	0	1	1	1	1	0	0	1	1	1	0	0	1	0
1	1	0	1	0	1	0	0	1	0	0	0	1	1	1	0	1
0	0	0	0	0	0	0	0	0	0	1	0	0	0	0	1	0
DIFF_EDGE
0 0
CHROM_NUMBER
8
EOF
