TYPE : graph_{count}
DIMENSION: 21
EDGE_DATA_FORMAT: EDGE_LIST
EDGE_WEIGHT_TYPE: EXPLICIT
EDGE_WEIGHT_FORMAT: FULL_MATRIX
EDGE_DATA_SECTION
0 1
0 2
0 5
0 7
0 8
0 9
0 18
1 3
1 4
1 5
1 8
1 9
1 10
1 13
2 3
2 4
2 7
2 10
2 13
2 17
3 5
3 7
3 8
3 10
3 13
4 5
4 6
4 12
4 13
5 7
5 8
5 9
5 13
5 15
5 19
6 7
6 8
6 9
6 10
7 9
7 11
7 16
8 13
9 10
9 13
10 12
11 13
13 14
13 20
15 17
18 20
-1
EDGE_WEIGHT_SECTION
0	1	1	0	0	1	0	1	1	1	0	0	0	0	0	0	0	0	1	0	0
1	0	0	1	1	1	0	0	1	1	1	0	0	1	0	0	0	0	0	0	0
1	0	0	1	1	0	0	1	0	0	1	0	0	1	0	0	0	1	0	0	0
0	1	1	0	0	1	0	1	1	0	1	0	0	1	0	0	0	0	0	0	0
0	1	1	0	0	1	1	0	0	0	0	0	1	1	0	0	0	0	0	0	0
1	1	0	1	1	0	0	1	1	1	0	0	0	1	0	1	0	0	0	1	0
0	0	0	0	1	0	0	1	1	1	1	0	0	0	0	0	0	0	0	0	0
1	0	1	1	0	1	1	0	0	1	0	1	0	0	0	0	1	0	0	0	0
1	1	0	1	0	1	1	0	0	0	0	0	0	1	0	0	0	0	0	0	0
1	1	0	0	0	1	1	1	0	0	1	0	0	1	0	0	0	0	0	0	0
0	1	1	1	0	0	1	0	0	1	0	0	1	0	0	0	0	0	0	0	0
0	0	0	0	0	0	0	1	0	0	0	0	0	1	0	0	0	0	0	0	0
0	0	0	0	1	0	0	0	0	0	1	0	0	0	0	0	0	0	0	0	0
0	1	1	1	1	1	0	0	1	1	0	1	0	0	1	0	0	0	0	0	1
0	0	0	0	0	0	0	0	0	0	0	0	0	1	0	0	0	0	0	0	0
0	0	0	0	0	1	0	0	0	0	0	0	0	0	0	0	0	1	0	0	0
0	0	0	0	0	0	0	1	0	0	0	0	0	0	0	0	0	0	0	0	0
0	0	1	0	0	0	0	0	0	0	0	0	0	0	0	1	0	0	0	0	0
1	0	0	0	0	0	0	0	0	0	0	0	0	0	0	0	0	0	0	0	1
0	0	0	0	0	1	0	0	0	0	0	0	0	0	0	0	0	0	0	0	0
0	0	0	0	0	0	0	0	0	0	0	0	0	1	0	0	0	0	1	0	0
DIFF_EDGE
0 0
CHROM_NUMBER
8
EOF
