TYPE : graph_{count}
DIMENSION: 18
EDGE_DATA_FORMAT: EDGE_LIST
EDGE_WEIGHT_TYPE: EXPLICIT
EDGE_WEIGHT_FORMAT: FULL_MATRIX
EDGE_DATA_SECTION
0 3
0 4
0 5
0 10
0 12
0 13
0 16
1 5
1 6
1 9
1 10
1 12
1 14
1 15
1 16
2 6
2 7
2 9
2 15
3 4
3 6
3 7
3 8
3 9
3 12
3 14
3 15
4 6
4 8
4 12
4 14
4 15
5 7
5 8
5 9
5 14
6 7
6 8
6 9
6 11
6 12
6 14
6 15
7 12
8 12
8 14
8 15
9 10
11 12
11 14
12 14
12 15
13 14
14 15
14 17
-1
EDGE_WEIGHT_SECTION
0	0	0	1	1	1	0	0	0	0	1	0	1	1	0	0	1	0
0	0	0	0	0	1	1	0	0	1	1	0	1	0	1	1	1	0
0	0	0	0	0	0	1	1	0	1	0	0	0	0	0	1	0	0
1	0	0	0	1	0	1	1	1	1	0	0	1	0	1	1	0	0
1	0	0	1	0	0	1	0	1	0	0	0	1	0	1	1	0	0
1	1	0	0	0	0	0	1	1	1	0	0	0	0	1	0	0	0
0	1	1	1	1	0	0	1	1	1	0	1	1	0	1	1	0	0
0	0	1	1	0	1	1	0	0	0	0	0	1	0	0	0	0	0
0	0	0	1	1	1	1	0	0	0	0	0	1	0	1	1	0	0
0	1	1	1	0	1	1	0	0	0	1	0	0	0	0	0	0	0
1	1	0	0	0	0	0	0	0	1	0	0	0	0	0	0	0	0
0	0	0	0	0	0	1	0	0	0	0	0	1	0	1	0	0	0
1	1	0	1	1	0	1	1	1	0	0	1	0	0	1	1	0	0
1	0	0	0	0	0	0	0	0	0	0	0	0	0	1	0	0	0
0	1	0	1	1	1	1	0	1	0	0	1	1	1	1	1	0	1
0	1	1	1	1	0	1	0	1	0	0	0	1	0	1	0	0	0
1	1	0	0	0	0	0	0	0	0	0	0	0	0	0	0	0	0
0	0	0	0	0	0	0	0	0	0	0	0	0	0	1	0	0	0
DIFF_EDGE
0 0
CHROM_NUMBER
8
EOF
