TYPE : graph_{count}
DIMENSION: 21
EDGE_DATA_FORMAT: EDGE_LIST
EDGE_WEIGHT_TYPE: EXPLICIT
EDGE_WEIGHT_FORMAT: FULL_MATRIX
EDGE_DATA_SECTION
0 4
0 5
0 8
0 12
0 13
0 20
1 4
1 5
1 7
1 8
1 9
1 15
1 16
1 20
2 4
2 5
2 6
2 7
2 8
2 10
2 12
2 15
2 19
3 4
3 5
3 6
3 7
3 8
3 10
3 13
3 16
3 19
4 8
4 13
4 15
4 16
4 17
4 20
5 6
5 15
5 16
5 18
5 19
6 7
6 9
6 10
6 13
6 15
6 16
6 17
6 18
6 19
6 20
7 13
7 15
7 18
7 19
8 9
8 10
8 13
8 15
8 18
8 19
8 20
9 10
9 13
9 16
9 19
10 11
10 13
10 16
10 20
11 15
11 16
11 18
12 14
12 16
12 18
12 20
13 14
13 15
13 16
13 18
13 19
13 20
14 20
15 16
15 18
15 19
15 20
16 18
16 19
16 20
17 18
17 19
18 19
18 20
19 20
-1
EDGE_WEIGHT_SECTION
0	0	0	0	1	1	0	0	1	0	0	0	1	1	0	0	0	0	0	0	1
0	0	0	0	1	1	0	1	1	1	0	0	0	0	0	1	1	0	0	0	1
0	0	0	0	1	1	1	1	1	0	1	0	1	0	0	1	0	0	0	1	0
0	0	0	0	1	1	1	1	1	0	1	0	0	1	0	0	1	0	0	1	0
1	1	1	1	0	0	0	0	1	0	0	0	0	1	0	1	1	1	0	0	1
1	1	1	1	0	0	1	0	0	0	0	0	0	0	0	1	1	0	1	1	0
0	0	1	1	0	1	0	1	0	1	1	0	0	1	0	1	1	1	1	1	1
0	1	1	1	0	0	1	0	0	0	0	0	0	1	0	1	0	0	1	1	0
1	1	1	1	1	0	0	0	0	1	1	0	0	1	0	1	0	0	1	1	1
0	1	0	0	0	0	1	0	1	0	1	0	0	1	0	0	1	0	0	1	0
0	0	1	1	0	0	1	0	1	1	0	1	0	1	0	0	1	0	0	0	1
0	0	0	0	0	0	0	0	0	0	1	0	0	0	0	1	1	0	1	0	0
1	0	1	0	0	0	0	0	0	0	0	0	0	0	1	0	1	0	1	0	1
1	0	0	1	1	0	1	1	1	1	1	0	0	1	1	1	1	0	1	1	1
0	0	0	0	0	0	0	0	0	0	0	0	1	1	0	0	0	0	0	0	1
0	1	1	0	1	1	1	1	1	0	0	1	0	1	0	1	1	0	1	1	1
0	1	0	1	1	1	1	0	0	1	1	1	1	1	0	1	1	0	1	1	1
0	0	0	0	1	0	1	0	0	0	0	0	0	0	0	0	0	0	1	1	0
0	0	0	0	0	1	1	1	1	0	0	1	1	1	0	1	1	1	1	1	1
0	0	1	1	0	1	1	1	1	1	0	0	0	1	0	1	1	1	1	0	1
1	1	0	0	1	0	1	0	1	0	1	0	1	1	1	1	1	0	1	1	1
DIFF_EDGE
0 0
CHROM_NUMBER
13
EOF
