TYPE : graph_{count}
DIMENSION: 18
EDGE_DATA_FORMAT: EDGE_LIST
EDGE_WEIGHT_TYPE: EXPLICIT
EDGE_WEIGHT_FORMAT: FULL_MATRIX
EDGE_DATA_SECTION
0 1
0 3
0 5
0 6
0 8
0 9
0 10
0 14
0 16
0 17
1 6
1 8
1 10
2 3
2 7
2 8
2 10
2 11
2 17
3 4
3 9
3 10
4 5
4 9
5 6
5 9
5 12
6 7
6 8
7 10
7 14
8 9
8 10
10 15
13 16
-1
EDGE_WEIGHT_SECTION
0	1	0	1	0	1	1	0	1	1	1	0	0	0	1	0	1	1
1	0	0	0	0	0	1	0	1	0	1	0	0	0	0	0	0	0
0	0	0	1	0	0	0	1	1	0	1	1	0	0	0	0	0	1
1	0	1	0	1	0	0	0	0	1	1	0	0	0	0	0	0	0
0	0	0	1	0	1	0	0	0	1	0	0	0	0	0	0	0	0
1	0	0	0	1	0	1	0	0	1	0	0	1	0	0	0	0	0
1	1	0	0	0	1	0	1	1	0	0	0	0	0	0	0	0	0
0	0	1	0	0	0	1	0	0	0	1	0	0	0	1	0	0	0
1	1	1	0	0	0	1	0	0	1	1	0	0	0	0	0	0	0
1	0	0	1	1	1	0	0	1	0	0	0	0	0	0	0	0	0
1	1	1	1	0	0	0	1	1	0	0	0	0	0	0	1	0	0
0	0	1	0	0	0	0	0	0	0	0	0	0	0	0	0	0	0
0	0	0	0	0	1	0	0	0	0	0	0	0	0	0	0	0	0
0	0	0	0	0	0	0	0	0	0	0	0	0	0	0	0	1	0
1	0	0	0	0	0	0	1	0	0	0	0	0	0	0	0	0	0
0	0	0	0	0	0	0	0	0	0	1	0	0	0	0	0	0	0
1	0	0	0	0	0	0	0	0	0	0	0	0	1	0	0	0	0
1	0	1	0	0	0	0	0	0	0	0	0	0	0	0	0	0	0
DIFF_EDGE
0 0
CHROM_NUMBER
6
EOF
