TYPE : graph_{count}
DIMENSION: 21
EDGE_DATA_FORMAT: EDGE_LIST
EDGE_WEIGHT_TYPE: EXPLICIT
EDGE_WEIGHT_FORMAT: FULL_MATRIX
EDGE_DATA_SECTION
0 3
0 4
0 5
0 7
0 8
0 9
0 11
0 16
0 17
0 20
1 3
1 5
1 6
1 7
1 10
1 16
1 17
1 20
2 3
2 7
2 8
2 10
2 19
3 4
3 8
3 11
3 17
3 18
4 5
4 6
4 8
4 10
4 11
4 16
4 17
4 20
5 6
5 7
5 11
5 12
5 14
6 8
6 11
6 13
6 17
7 15
7 17
8 9
8 10
8 11
8 14
8 15
9 10
10 11
10 13
10 16
10 20
11 16
11 17
11 20
12 16
12 17
13 16
13 19
14 20
15 16
15 17
15 20
16 17
16 20
17 20
18 20
19 20
-1
EDGE_WEIGHT_SECTION
0	0	0	1	1	1	0	1	1	1	0	1	0	0	0	0	1	1	0	0	1
0	0	0	1	0	1	1	1	0	0	1	0	0	0	0	0	1	1	0	0	1
0	0	0	1	0	0	0	1	1	0	1	0	0	0	0	0	0	0	0	1	0
1	1	1	0	1	0	0	0	1	0	0	1	0	0	0	0	0	1	1	0	0
1	0	0	1	0	1	1	0	1	0	1	1	0	0	0	0	1	1	0	0	1
1	1	0	0	1	0	1	1	0	0	0	1	1	0	1	0	0	0	0	0	0
0	1	0	0	1	1	0	0	1	0	0	1	0	1	0	0	0	1	0	0	0
1	1	1	0	0	1	0	0	0	0	0	0	0	0	0	1	0	1	0	0	0
1	0	1	1	1	0	1	0	0	1	1	1	0	0	1	1	0	0	0	0	0
1	0	0	0	0	0	0	0	1	0	1	0	0	0	0	0	0	0	0	0	0
0	1	1	0	1	0	0	0	1	1	0	1	0	1	0	0	1	0	0	0	1
1	0	0	1	1	1	1	0	1	0	1	0	0	0	0	0	1	1	0	0	1
0	0	0	0	0	1	0	0	0	0	0	0	0	0	0	0	1	1	0	0	0
0	0	0	0	0	0	1	0	0	0	1	0	0	0	0	0	1	0	0	1	0
0	0	0	0	0	1	0	0	1	0	0	0	0	0	0	0	0	0	0	0	1
0	0	0	0	0	0	0	1	1	0	0	0	0	0	0	0	1	1	0	0	1
1	1	0	0	1	0	0	0	0	0	1	1	1	1	0	1	0	1	0	0	1
1	1	0	1	1	0	1	1	0	0	0	1	1	0	0	1	1	1	0	0	1
0	0	0	1	0	0	0	0	0	0	0	0	0	0	0	0	0	0	0	0	1
0	0	1	0	0	0	0	0	0	0	0	0	0	1	0	0	0	0	0	0	1
1	1	0	0	1	0	0	0	0	0	1	1	0	0	1	1	1	1	1	1	0
DIFF_EDGE
0 0
CHROM_NUMBER
10
EOF
