TYPE : graph_{count}
DIMENSION: 21
EDGE_DATA_FORMAT: EDGE_LIST
EDGE_WEIGHT_TYPE: EXPLICIT
EDGE_WEIGHT_FORMAT: FULL_MATRIX
EDGE_DATA_SECTION
0 1
0 3
0 6
0 10
0 14
0 20
1 2
1 4
1 6
1 9
1 10
1 14
1 20
2 4
2 5
2 6
2 8
3 7
3 8
3 10
3 14
3 20
4 6
4 7
4 10
4 14
4 20
5 6
5 8
5 14
5 16
6 8
6 9
6 11
6 20
7 8
7 9
7 11
7 14
8 10
8 13
9 17
9 19
10 14
10 16
10 17
10 20
11 14
11 20
12 18
12 20
13 14
13 18
13 20
14 20
15 19
15 20
16 20
17 20
19 20
-1
EDGE_WEIGHT_SECTION
0	1	0	1	0	0	1	0	0	0	1	0	0	0	1	0	0	0	0	0	1
1	0	1	0	1	0	1	0	0	1	1	0	0	0	1	0	0	0	0	0	1
0	1	0	0	1	1	1	0	1	0	0	0	0	0	0	0	0	0	0	0	0
1	0	0	0	0	0	0	1	1	0	1	0	0	0	1	0	0	0	0	0	1
0	1	1	0	0	0	1	1	0	0	1	0	0	0	1	0	0	0	0	0	1
0	0	1	0	0	0	1	0	1	0	0	0	0	0	1	0	1	0	0	0	0
1	1	1	0	1	1	0	0	1	1	0	1	0	0	0	0	0	0	0	0	1
0	0	0	1	1	0	0	0	1	1	0	1	0	0	1	0	0	0	0	0	0
0	0	1	1	0	1	1	1	0	0	1	0	0	1	0	0	0	0	0	0	0
0	1	0	0	0	0	1	1	0	0	0	0	0	0	0	0	0	1	0	1	0
1	1	0	1	1	0	0	0	1	0	0	0	0	0	1	0	1	1	0	0	1
0	0	0	0	0	0	1	1	0	0	0	0	0	0	1	0	0	0	0	0	1
0	0	0	0	0	0	0	0	0	0	0	0	0	0	0	0	0	0	1	0	1
0	0	0	0	0	0	0	0	1	0	0	0	0	0	1	0	0	0	1	0	1
1	1	0	1	1	1	0	1	0	0	1	1	0	1	1	0	0	0	0	0	1
0	0	0	0	0	0	0	0	0	0	0	0	0	0	0	0	0	0	0	1	1
0	0	0	0	0	1	0	0	0	0	1	0	0	0	0	0	0	0	0	0	1
0	0	0	0	0	0	0	0	0	1	1	0	0	0	0	0	0	0	0	0	1
0	0	0	0	0	0	0	0	0	0	0	0	1	1	0	0	0	0	0	0	0
0	0	0	0	0	0	0	0	0	1	0	0	0	0	0	1	0	0	0	0	1
1	1	0	1	1	0	1	0	0	0	1	1	1	1	1	1	1	1	0	1	1
DIFF_EDGE
0 0
CHROM_NUMBER
8
EOF
