TYPE : graph_{count}
DIMENSION: 16
EDGE_DATA_FORMAT: EDGE_LIST
EDGE_WEIGHT_TYPE: EXPLICIT
EDGE_WEIGHT_FORMAT: FULL_MATRIX
EDGE_DATA_SECTION
0 1
0 3
0 5
0 8
0 11
0 12
1 2
1 3
1 7
1 8
1 9
1 11
1 14
2 6
2 7
2 9
2 11
2 14
3 4
3 6
3 7
3 8
3 9
3 11
3 14
4 5
4 6
5 9
5 10
5 11
6 8
6 9
6 10
6 12
7 8
7 9
7 10
7 11
7 14
7 15
8 11
9 13
11 14
12 14
13 14
-1
EDGE_WEIGHT_SECTION
0	1	0	1	0	1	0	0	1	0	0	1	1	0	0	0
1	0	1	1	0	0	0	1	1	1	0	1	0	0	1	0
0	1	0	0	0	0	1	1	0	1	0	1	0	0	1	0
1	1	0	0	1	0	1	1	1	1	0	1	0	0	1	0
0	0	0	1	0	1	1	0	0	0	0	0	0	0	0	0
1	0	0	0	1	0	0	0	0	1	1	1	0	0	0	0
0	0	1	1	1	0	0	0	1	1	1	0	1	0	0	0
0	1	1	1	0	0	0	0	1	1	1	1	0	0	1	1
1	1	0	1	0	0	1	1	0	0	0	1	0	0	0	0
0	1	1	1	0	1	1	1	0	0	0	0	0	1	0	0
0	0	0	0	0	1	1	1	0	0	0	0	0	0	0	0
1	1	1	1	0	1	0	1	1	0	0	0	0	0	1	0
1	0	0	0	0	0	1	0	0	0	0	0	0	0	1	0
0	0	0	0	0	0	0	0	0	1	0	0	0	0	1	0
0	1	1	1	0	0	0	1	0	0	0	1	1	1	0	0
0	0	0	0	0	0	0	1	0	0	0	0	0	0	0	0
DIFF_EDGE
0 0
CHROM_NUMBER
8
EOF
