TYPE : graph_{count}
DIMENSION: 19
EDGE_DATA_FORMAT: EDGE_LIST
EDGE_WEIGHT_TYPE: EXPLICIT
EDGE_WEIGHT_FORMAT: FULL_MATRIX
EDGE_DATA_SECTION
0 1
0 2
0 5
0 7
0 10
0 15
0 16
1 3
1 7
1 8
1 10
1 12
1 16
2 6
2 7
2 8
2 9
2 11
3 4
3 10
3 11
3 16
4 5
4 6
4 7
4 8
4 13
4 15
4 16
4 18
5 8
5 10
5 12
5 16
6 9
7 8
7 9
7 10
7 16
7 18
8 9
8 16
8 17
9 16
10 16
10 17
11 16
11 18
12 16
12 18
13 14
13 16
15 16
15 18
16 18
17 18
-1
EDGE_WEIGHT_SECTION
0	1	1	0	0	1	0	1	0	0	1	0	0	0	0	1	1	0	0
1	0	0	1	0	0	0	1	1	0	1	0	1	0	0	0	1	0	0
1	0	0	0	0	0	1	1	1	1	0	1	0	0	0	0	0	0	0
0	1	0	0	1	0	0	0	0	0	1	1	0	0	0	0	1	0	0
0	0	0	1	0	1	1	1	1	0	0	0	0	1	0	1	1	0	1
1	0	0	0	1	0	0	0	1	0	1	0	1	0	0	0	1	0	0
0	0	1	0	1	0	0	0	0	1	0	0	0	0	0	0	0	0	0
1	1	1	0	1	0	0	0	1	1	1	0	0	0	0	0	1	0	1
0	1	1	0	1	1	0	1	0	1	0	0	0	0	0	0	1	1	0
0	0	1	0	0	0	1	1	1	0	0	0	0	0	0	0	1	0	0
1	1	0	1	0	1	0	1	0	0	0	0	0	0	0	0	1	1	0
0	0	1	1	0	0	0	0	0	0	0	0	0	0	0	0	1	0	1
0	1	0	0	0	1	0	0	0	0	0	0	0	0	0	0	1	0	1
0	0	0	0	1	0	0	0	0	0	0	0	0	0	1	0	1	0	0
0	0	0	0	0	0	0	0	0	0	0	0	0	1	0	0	0	0	0
1	0	0	0	1	0	0	0	0	0	0	0	0	0	0	0	1	0	1
1	1	0	1	1	1	0	1	1	1	1	1	1	1	0	1	0	0	1
0	0	0	0	0	0	0	0	1	0	1	0	0	0	0	0	0	0	1
0	0	0	0	1	0	0	1	0	0	0	1	1	0	0	1	1	1	0
DIFF_EDGE
0 0
CHROM_NUMBER
8
EOF
