TYPE : graph_{count}
DIMENSION: 15
EDGE_DATA_FORMAT: EDGE_LIST
EDGE_WEIGHT_TYPE: EXPLICIT
EDGE_WEIGHT_FORMAT: FULL_MATRIX
EDGE_DATA_SECTION
0 3
0 5
0 7
0 9
0 12
1 4
1 6
1 10
2 4
2 5
2 6
2 8
2 10
2 11
2 12
3 4
3 7
3 9
3 11
3 12
4 7
4 9
4 10
5 7
5 10
5 11
6 7
6 11
7 8
7 9
7 11
7 12
8 9
9 10
9 11
9 13
10 12
10 14
11 12
11 14
12 13
-1
EDGE_WEIGHT_SECTION
0	0	0	1	0	1	0	1	0	1	0	0	1	0	0
0	0	0	0	1	0	1	0	0	0	1	0	0	0	0
0	0	0	0	1	1	1	0	1	0	1	1	1	0	0
1	0	0	0	1	0	0	1	0	1	0	1	1	0	0
0	1	1	1	0	0	0	1	0	1	1	0	0	0	0
1	0	1	0	0	0	0	1	0	0	1	1	0	0	0
0	1	1	0	0	0	0	1	0	0	0	1	0	0	0
1	0	0	1	1	1	1	0	1	1	0	1	1	0	0
0	0	1	0	0	0	0	1	0	1	0	0	0	0	0
1	0	0	1	1	0	0	1	1	0	1	1	0	1	0
0	1	1	0	1	1	0	0	0	1	0	0	1	0	1
0	0	1	1	0	1	1	1	0	1	0	1	1	0	1
1	0	1	1	0	0	0	1	0	0	1	1	0	1	0
0	0	0	0	0	0	0	0	0	1	0	0	1	0	0
0	0	0	0	0	0	0	0	0	0	1	1	0	0	0
DIFF_EDGE
0 0
CHROM_NUMBER
8
EOF
