TYPE : graph_{count}
DIMENSION: 21
EDGE_DATA_FORMAT: EDGE_LIST
EDGE_WEIGHT_TYPE: EXPLICIT
EDGE_WEIGHT_FORMAT: FULL_MATRIX
EDGE_DATA_SECTION
0 3
0 6
0 8
0 10
0 12
0 16
0 18
0 19
0 20
1 2
1 3
1 4
1 5
1 10
1 15
1 20
2 4
2 10
2 20
3 4
3 5
3 9
3 10
3 11
3 15
3 16
3 20
4 5
4 7
4 8
4 9
4 12
4 14
4 15
4 16
4 18
4 19
4 20
5 20
6 10
7 14
8 11
8 14
8 15
8 16
8 18
8 19
8 20
9 14
9 16
10 15
11 14
11 18
11 19
12 13
12 14
12 15
13 20
14 15
14 16
14 18
14 19
14 20
15 16
15 17
15 18
15 20
16 18
16 19
16 20
17 19
17 20
18 19
18 20
19 20
-1
EDGE_WEIGHT_SECTION
0	0	0	1	0	0	1	0	1	0	1	0	1	0	0	0	1	0	1	1	1
0	0	1	1	1	1	0	0	0	0	1	0	0	0	0	1	0	0	0	0	1
0	1	0	0	1	0	0	0	0	0	1	0	0	0	0	0	0	0	0	0	1
1	1	0	0	1	1	0	0	0	1	1	1	0	0	0	1	1	0	0	0	1
0	1	1	1	0	1	0	1	1	1	0	0	1	0	1	1	1	0	1	1	1
0	1	0	1	1	0	0	0	0	0	0	0	0	0	0	0	0	0	0	0	1
1	0	0	0	0	0	0	0	0	0	1	0	0	0	0	0	0	0	0	0	0
0	0	0	0	1	0	0	0	0	0	0	0	0	0	1	0	0	0	0	0	0
1	0	0	0	1	0	0	0	0	0	0	1	0	0	1	1	1	0	1	1	1
0	0	0	1	1	0	0	0	0	0	0	0	0	0	1	0	1	0	0	0	0
1	1	1	1	0	0	1	0	0	0	0	0	0	0	0	1	0	0	0	0	0
0	0	0	1	0	0	0	0	1	0	0	0	0	0	1	0	0	0	1	1	0
1	0	0	0	1	0	0	0	0	0	0	0	0	1	1	1	0	0	0	0	0
0	0	0	0	0	0	0	0	0	0	0	0	1	0	0	0	0	0	0	0	1
0	0	0	0	1	0	0	1	1	1	0	1	1	0	1	1	1	0	1	1	1
0	1	0	1	1	0	0	0	1	0	1	0	1	0	1	0	1	1	1	0	1
1	0	0	1	1	0	0	0	1	1	0	0	0	0	1	1	0	0	1	1	1
0	0	0	0	0	0	0	0	0	0	0	0	0	0	0	1	0	0	0	1	1
1	0	0	0	1	0	0	0	1	0	0	1	0	0	1	1	1	0	0	1	1
1	0	0	0	1	0	0	0	1	0	0	1	0	0	1	0	1	1	1	0	1
1	1	1	1	1	1	0	0	1	0	0	0	0	1	1	1	1	1	1	1	0
DIFF_EDGE
0 0
CHROM_NUMBER
10
EOF
