TYPE : graph_{count}
DIMENSION: 21
EDGE_DATA_FORMAT: EDGE_LIST
EDGE_WEIGHT_TYPE: EXPLICIT
EDGE_WEIGHT_FORMAT: FULL_MATRIX
EDGE_DATA_SECTION
0 1
0 3
0 4
0 5
0 6
0 9
0 12
0 14
0 17
0 18
1 2
1 3
1 5
1 8
1 10
1 12
1 14
2 4
2 9
2 10
2 13
2 17
3 13
3 14
4 7
4 8
4 9
4 10
4 12
4 14
4 17
4 18
5 7
6 9
6 11
6 12
6 15
7 10
7 14
8 10
8 11
8 14
9 12
9 14
9 17
9 18
11 18
12 14
12 17
12 18
12 19
13 18
14 15
14 16
14 17
14 18
15 17
17 18
18 20
-1
EDGE_WEIGHT_SECTION
0	1	0	1	1	1	1	0	0	1	0	0	1	0	1	0	0	1	1	0	0
1	0	1	1	0	1	0	0	1	0	1	0	1	0	1	0	0	0	0	0	0
0	1	0	0	1	0	0	0	0	1	1	0	0	1	0	0	0	1	0	0	0
1	1	0	0	0	0	0	0	0	0	0	0	0	1	1	0	0	0	0	0	0
1	0	1	0	0	0	0	1	1	1	1	0	1	0	1	0	0	1	1	0	0
1	1	0	0	0	0	0	1	0	0	0	0	0	0	0	0	0	0	0	0	0
1	0	0	0	0	0	0	0	0	1	0	1	1	0	0	1	0	0	0	0	0
0	0	0	0	1	1	0	0	0	0	1	0	0	0	1	0	0	0	0	0	0
0	1	0	0	1	0	0	0	0	0	1	1	0	0	1	0	0	0	0	0	0
1	0	1	0	1	0	1	0	0	0	0	0	1	0	1	0	0	1	1	0	0
0	1	1	0	1	0	0	1	1	0	0	0	0	0	0	0	0	0	0	0	0
0	0	0	0	0	0	1	0	1	0	0	0	0	0	0	0	0	0	1	0	0
1	1	0	0	1	0	1	0	0	1	0	0	0	0	1	0	0	1	1	1	0
0	0	1	1	0	0	0	0	0	0	0	0	0	0	0	0	0	0	1	0	0
1	1	0	1	1	0	0	1	1	1	0	0	1	0	0	1	1	1	1	0	0
0	0	0	0	0	0	1	0	0	0	0	0	0	0	1	0	0	1	0	0	0
0	0	0	0	0	0	0	0	0	0	0	0	0	0	1	0	0	0	0	0	0
1	0	1	0	1	0	0	0	0	1	0	0	1	0	1	1	0	0	1	0	0
1	0	0	0	1	0	0	0	0	1	0	1	1	1	1	0	0	1	1	0	1
0	0	0	0	0	0	0	0	0	0	0	0	1	0	0	0	0	0	0	0	0
0	0	0	0	0	0	0	0	0	0	0	0	0	0	0	0	0	0	1	0	0
DIFF_EDGE
0 0
CHROM_NUMBER
9
EOF
