TYPE : graph_{count}
DIMENSION: 16
EDGE_DATA_FORMAT: EDGE_LIST
EDGE_WEIGHT_TYPE: EXPLICIT
EDGE_WEIGHT_FORMAT: FULL_MATRIX
EDGE_DATA_SECTION
0 1
0 2
0 3
0 5
0 6
0 7
0 8
1 8
1 13
2 4
2 5
2 8
2 10
2 11
2 14
3 9
3 10
3 14
4 5
4 7
4 8
4 9
4 10
4 11
4 12
4 14
5 6
5 10
5 11
5 14
6 8
6 9
6 10
6 12
7 8
7 10
7 11
7 13
7 14
8 10
8 11
8 14
10 11
10 14
11 14
13 14
14 15
-1
EDGE_WEIGHT_SECTION
0	1	1	1	0	1	1	1	1	0	0	0	0	0	0	0
1	0	0	0	0	0	0	0	1	0	0	0	0	1	0	0
1	0	0	0	1	1	0	0	1	0	1	1	0	0	1	0
1	0	0	0	0	0	0	0	0	1	1	0	0	0	1	0
0	0	1	0	0	1	0	1	1	1	1	1	1	0	1	0
1	0	1	0	1	0	1	0	0	0	1	1	0	0	1	0
1	0	0	0	0	1	0	0	1	1	1	0	1	0	0	0
1	0	0	0	1	0	0	0	1	0	1	1	0	1	1	0
1	1	1	0	1	0	1	1	0	0	1	1	0	0	1	0
0	0	0	1	1	0	1	0	0	0	0	0	0	0	0	0
0	0	1	1	1	1	1	1	1	0	0	1	0	0	1	0
0	0	1	0	1	1	0	1	1	0	1	0	0	0	1	0
0	0	0	0	1	0	1	0	0	0	0	0	0	0	0	0
0	1	0	0	0	0	0	1	0	0	0	0	0	0	1	0
0	0	1	1	1	1	0	1	1	0	1	1	0	1	0	1
0	0	0	0	0	0	0	0	0	0	0	0	0	0	1	0
DIFF_EDGE
0 0
CHROM_NUMBER
8
EOF
