TYPE : graph_{count}
DIMENSION: 20
EDGE_DATA_FORMAT: EDGE_LIST
EDGE_WEIGHT_TYPE: EXPLICIT
EDGE_WEIGHT_FORMAT: FULL_MATRIX
EDGE_DATA_SECTION
0 3
0 4
0 7
0 10
0 19
1 3
1 5
1 6
1 8
1 19
2 5
2 10
2 17
3 4
3 5
3 7
3 8
3 9
3 18
3 19
4 5
4 6
4 8
4 9
4 16
4 17
4 18
5 8
5 9
5 10
5 11
5 19
6 8
6 10
6 14
6 18
6 19
7 9
7 11
8 10
8 15
8 18
9 13
10 12
10 13
10 18
10 19
11 18
13 19
14 18
15 19
16 19
17 19
18 19
-1
EDGE_WEIGHT_SECTION
0	0	0	1	1	0	0	1	0	0	1	0	0	0	0	0	0	0	0	1
0	0	0	1	0	1	1	0	1	0	0	0	0	0	0	0	0	0	0	1
0	0	0	0	0	1	0	0	0	0	1	0	0	0	0	0	0	1	0	0
1	1	0	0	1	1	0	1	1	1	0	0	0	0	0	0	0	0	1	1
1	0	0	1	0	1	1	0	1	1	0	0	0	0	0	0	1	1	1	0
0	1	1	1	1	0	0	0	1	1	1	1	0	0	0	0	0	0	0	1
0	1	0	0	1	0	0	0	1	0	1	0	0	0	1	0	0	0	1	1
1	0	0	1	0	0	0	0	0	1	0	1	0	0	0	0	0	0	0	0
0	1	0	1	1	1	1	0	0	0	1	0	0	0	0	1	0	0	1	0
0	0	0	1	1	1	0	1	0	0	0	0	0	1	0	0	0	0	0	0
1	0	1	0	0	1	1	0	1	0	0	0	1	1	0	0	0	0	1	1
0	0	0	0	0	1	0	1	0	0	0	0	0	0	0	0	0	0	1	0
0	0	0	0	0	0	0	0	0	0	1	0	0	0	0	0	0	0	0	0
0	0	0	0	0	0	0	0	0	1	1	0	0	0	0	0	0	0	0	1
0	0	0	0	0	0	1	0	0	0	0	0	0	0	0	0	0	0	1	0
0	0	0	0	0	0	0	0	1	0	0	0	0	0	0	0	0	0	0	1
0	0	0	0	1	0	0	0	0	0	0	0	0	0	0	0	0	0	0	1
0	0	1	0	1	0	0	0	0	0	0	0	0	0	0	0	0	0	0	1
0	0	0	1	1	0	1	0	1	0	1	1	0	0	1	0	0	0	0	1
1	1	0	1	0	1	1	0	0	0	1	0	0	1	0	1	1	1	1	0
DIFF_EDGE
0 0
CHROM_NUMBER
8
EOF
