TYPE : graph_{count}
DIMENSION: 14
EDGE_DATA_FORMAT: EDGE_LIST
EDGE_WEIGHT_TYPE: EXPLICIT
EDGE_WEIGHT_FORMAT: FULL_MATRIX
EDGE_DATA_SECTION
0 1
0 2
0 3
0 4
0 6
0 7
0 9
0 10
0 12
0 13
1 5
1 7
1 9
1 10
1 12
2 4
2 5
2 12
3 4
3 5
3 6
3 7
3 9
3 12
3 13
4 5
4 6
4 8
4 9
4 10
4 12
4 13
5 7
5 12
5 13
6 9
6 11
6 13
7 11
7 12
8 9
8 10
8 12
9 10
9 12
9 13
12 13
-1
EDGE_WEIGHT_SECTION
0	1	1	1	1	0	1	1	0	1	1	0	1	1
1	0	0	0	0	1	0	1	0	1	1	0	1	0
1	0	0	0	1	1	0	0	0	0	0	0	1	0
1	0	0	0	1	1	1	1	0	1	0	0	1	1
1	0	1	1	0	1	1	0	1	1	1	0	1	1
0	1	1	1	1	0	0	1	0	0	0	0	1	1
1	0	0	1	1	0	0	0	0	1	0	1	0	1
1	1	0	1	0	1	0	0	0	0	0	1	1	0
0	0	0	0	1	0	0	0	0	1	1	0	1	0
1	1	0	1	1	0	1	0	1	0	1	0	1	1
1	1	0	0	1	0	0	0	1	1	0	0	0	0
0	0	0	0	0	0	1	1	0	0	0	0	0	0
1	1	1	1	1	1	0	1	1	1	0	0	0	1
1	0	0	1	1	1	1	0	0	1	0	0	1	0
DIFF_EDGE
0 0
CHROM_NUMBER
8
EOF
