TYPE : graph_{count}
DIMENSION: 16
EDGE_DATA_FORMAT: EDGE_LIST
EDGE_WEIGHT_TYPE: EXPLICIT
EDGE_WEIGHT_FORMAT: FULL_MATRIX
EDGE_DATA_SECTION
0 1
0 6
0 9
0 12
1 3
1 4
1 5
1 6
1 8
1 10
1 11
1 12
2 3
2 4
2 7
2 10
2 14
3 5
3 6
3 7
3 8
3 10
3 12
4 6
4 12
5 6
5 8
5 9
5 12
5 13
6 8
6 12
6 14
7 8
7 10
8 10
8 12
8 15
-1
EDGE_WEIGHT_SECTION
0	1	0	0	0	0	1	0	0	1	0	0	1	0	0	0
1	0	0	1	1	1	1	0	1	0	1	1	1	0	0	0
0	0	0	1	1	0	0	1	0	0	1	0	0	0	1	0
0	1	1	0	0	1	1	1	1	0	1	0	1	0	0	0
0	1	1	0	0	0	1	0	0	0	0	0	1	0	0	0
0	1	0	1	0	0	1	0	1	1	0	0	1	1	0	0
1	1	0	1	1	1	0	0	1	0	0	0	1	0	1	0
0	0	1	1	0	0	0	0	1	0	1	0	0	0	0	0
0	1	0	1	0	1	1	1	0	0	1	0	1	0	0	1
1	0	0	0	0	1	0	0	0	0	0	0	0	0	0	0
0	1	1	1	0	0	0	1	1	0	0	0	0	0	0	0
0	1	0	0	0	0	0	0	0	0	0	0	0	0	0	0
1	1	0	1	1	1	1	0	1	0	0	0	1	0	0	0
0	0	0	0	0	1	0	0	0	0	0	0	0	0	0	0
0	0	1	0	0	0	1	0	0	0	0	0	0	0	0	0
0	0	0	0	0	0	0	0	1	0	0	0	0	0	0	0
DIFF_EDGE
0 0
CHROM_NUMBER
6
EOF
