TYPE : graph_{count}
DIMENSION: 16
EDGE_DATA_FORMAT: EDGE_LIST
EDGE_WEIGHT_TYPE: EXPLICIT
EDGE_WEIGHT_FORMAT: FULL_MATRIX
EDGE_DATA_SECTION
0 1
0 3
0 5
0 7
0 8
0 9
0 11
0 13
0 14
1 2
1 3
1 4
1 5
1 7
1 9
1 10
1 13
1 14
2 4
2 7
2 9
2 10
2 13
3 4
3 6
3 12
4 6
4 8
4 15
5 6
5 8
5 12
5 13
5 14
7 8
8 10
8 14
9 13
9 14
11 13
12 13
12 14
13 14
13 15
-1
EDGE_WEIGHT_SECTION
0	1	0	1	0	1	0	1	1	1	0	1	0	1	1	0
1	0	1	1	1	1	0	1	0	1	1	0	0	1	1	0
0	1	0	0	1	0	0	1	0	1	1	0	0	1	0	0
1	1	0	0	1	0	1	0	0	0	0	0	1	0	0	0
0	1	1	1	0	0	1	0	1	0	0	0	0	0	0	1
1	1	0	0	0	0	1	0	1	0	0	0	1	1	1	0
0	0	0	1	1	1	0	0	0	0	0	0	0	0	0	0
1	1	1	0	0	0	0	0	1	0	0	0	0	0	0	0
1	0	0	0	1	1	0	1	0	0	1	0	0	0	1	0
1	1	1	0	0	0	0	0	0	0	0	0	0	1	1	0
0	1	1	0	0	0	0	0	1	0	0	0	0	0	0	0
1	0	0	0	0	0	0	0	0	0	0	0	0	1	0	0
0	0	0	1	0	1	0	0	0	0	0	0	0	1	1	0
1	1	1	0	0	1	0	0	0	1	0	1	1	0	1	1
1	1	0	0	0	1	0	0	1	1	0	0	1	1	0	0
0	0	0	0	1	0	0	0	0	0	0	0	0	1	0	0
DIFF_EDGE
0 0
CHROM_NUMBER
7
EOF
