TYPE : graph_{count}
DIMENSION: 16
EDGE_DATA_FORMAT: EDGE_LIST
EDGE_WEIGHT_TYPE: EXPLICIT
EDGE_WEIGHT_FORMAT: FULL_MATRIX
EDGE_DATA_SECTION
0 1
0 3
0 4
0 5
0 9
0 10
0 11
0 12
0 14
0 15
1 2
1 5
1 7
1 8
1 11
2 3
2 4
2 6
2 8
2 10
2 12
2 15
3 5
3 6
3 10
3 11
3 12
3 13
3 15
4 7
4 10
4 15
5 7
5 10
5 11
5 12
5 15
6 7
6 8
6 9
6 11
6 15
7 8
7 12
7 15
8 9
9 10
9 12
9 13
9 15
10 11
10 12
10 15
11 12
11 15
12 15
14 15
-1
EDGE_WEIGHT_SECTION
0	1	0	1	1	1	0	0	0	1	1	1	1	0	1	1
1	0	1	0	0	1	0	1	1	0	0	1	0	0	0	0
0	1	0	1	1	0	1	0	1	0	1	0	1	0	0	1
1	0	1	0	0	1	1	0	0	0	1	1	1	1	0	1
1	0	1	0	0	0	0	1	0	0	1	0	0	0	0	1
1	1	0	1	0	0	0	1	0	0	1	1	1	0	0	1
0	0	1	1	0	0	0	1	1	1	0	1	0	0	0	1
0	1	0	0	1	1	1	0	1	0	0	0	1	0	0	1
0	1	1	0	0	0	1	1	0	1	0	0	0	0	0	0
1	0	0	0	0	0	1	0	1	0	1	0	1	1	0	1
1	0	1	1	1	1	0	0	0	1	0	1	1	0	0	1
1	1	0	1	0	1	1	0	0	0	1	0	1	0	0	1
1	0	1	1	0	1	0	1	0	1	1	1	0	0	0	1
0	0	0	1	0	0	0	0	0	1	0	0	0	0	0	0
1	0	0	0	0	0	0	0	0	0	0	0	0	0	0	1
1	0	1	1	1	1	1	1	0	1	1	1	1	0	1	0
DIFF_EDGE
0 0
CHROM_NUMBER
9
EOF
