TYPE : graph_{count}
DIMENSION: 19
EDGE_DATA_FORMAT: EDGE_LIST
EDGE_WEIGHT_TYPE: EXPLICIT
EDGE_WEIGHT_FORMAT: FULL_MATRIX
EDGE_DATA_SECTION
0 2
0 3
0 6
0 7
0 8
0 13
0 15
1 2
1 3
1 4
1 6
1 7
1 9
1 10
1 11
1 13
1 15
1 16
2 4
2 5
2 7
2 9
2 11
2 15
2 16
3 7
3 10
3 11
3 14
3 15
3 17
4 6
4 7
4 8
4 13
4 15
5 7
5 8
5 9
5 10
6 7
6 10
6 11
6 13
6 15
6 16
6 17
7 8
7 11
7 13
7 15
7 16
8 15
9 10
9 13
10 11
10 12
11 13
11 15
11 16
11 18
12 13
12 15
12 16
13 14
13 15
13 16
14 15
14 16
15 16
-1
EDGE_WEIGHT_SECTION
0	0	1	1	0	0	1	1	1	0	0	0	0	1	0	1	0	0	0
0	0	1	1	1	0	1	1	0	1	1	1	0	1	0	1	1	0	0
1	1	0	0	1	1	0	1	0	1	0	1	0	0	0	1	1	0	0
1	1	0	0	0	0	0	1	0	0	1	1	0	0	1	1	0	1	0
0	1	1	0	0	0	1	1	1	0	0	0	0	1	0	1	0	0	0
0	0	1	0	0	0	0	1	1	1	1	0	0	0	0	0	0	0	0
1	1	0	0	1	0	0	1	0	0	1	1	0	1	0	1	1	1	0
1	1	1	1	1	1	1	0	1	0	0	1	0	1	0	1	1	0	0
1	0	0	0	1	1	0	1	0	0	0	0	0	0	0	1	0	0	0
0	1	1	0	0	1	0	0	0	0	1	0	0	1	0	0	0	0	0
0	1	0	1	0	1	1	0	0	1	0	1	1	0	0	0	0	0	0
0	1	1	1	0	0	1	1	0	0	1	0	0	1	0	1	1	0	1
0	0	0	0	0	0	0	0	0	0	1	0	0	1	0	1	1	0	0
1	1	0	0	1	0	1	1	0	1	0	1	1	0	1	1	1	0	0
0	0	0	1	0	0	0	0	0	0	0	0	0	1	0	1	1	0	0
1	1	1	1	1	0	1	1	1	0	0	1	1	1	1	0	1	0	0
0	1	1	0	0	0	1	1	0	0	0	1	1	1	1	1	0	0	0
0	0	0	1	0	0	1	0	0	0	0	0	0	0	0	0	0	0	0
0	0	0	0	0	0	0	0	0	0	0	1	0	0	0	0	0	0	0
DIFF_EDGE
0 0
CHROM_NUMBER
10
EOF
