TYPE : graph_{count}
DIMENSION: 18
EDGE_DATA_FORMAT: EDGE_LIST
EDGE_WEIGHT_TYPE: EXPLICIT
EDGE_WEIGHT_FORMAT: FULL_MATRIX
EDGE_DATA_SECTION
0 2
0 4
0 6
0 8
0 12
0 13
0 16
1 2
1 4
1 5
1 7
1 8
1 9
1 10
2 4
2 6
2 8
2 10
3 4
3 7
3 8
3 10
3 14
3 16
4 10
4 15
4 17
5 6
5 13
5 17
6 8
6 9
6 15
7 9
8 10
8 11
9 10
-1
EDGE_WEIGHT_SECTION
0	0	1	0	1	0	1	0	1	0	0	0	1	1	0	0	1	0
0	0	1	0	1	1	0	1	1	1	1	0	0	0	0	0	0	0
1	1	0	0	1	0	1	0	1	0	1	0	0	0	0	0	0	0
0	0	0	0	1	0	0	1	1	0	1	0	0	0	1	0	1	0
1	1	1	1	0	0	0	0	0	0	1	0	0	0	0	1	0	1
0	1	0	0	0	0	1	0	0	0	0	0	0	1	0	0	0	1
1	0	1	0	0	1	0	0	1	1	0	0	0	0	0	1	0	0
0	1	0	1	0	0	0	0	0	1	0	0	0	0	0	0	0	0
1	1	1	1	0	0	1	0	0	0	1	1	0	0	0	0	0	0
0	1	0	0	0	0	1	1	0	0	1	0	0	0	0	0	0	0
0	1	1	1	1	0	0	0	1	1	0	0	0	0	0	0	0	0
0	0	0	0	0	0	0	0	1	0	0	0	0	0	0	0	0	0
1	0	0	0	0	0	0	0	0	0	0	0	0	0	0	0	0	0
1	0	0	0	0	1	0	0	0	0	0	0	0	0	0	0	0	0
0	0	0	1	0	0	0	0	0	0	0	0	0	0	0	0	0	0
0	0	0	0	1	0	1	0	0	0	0	0	0	0	0	0	0	0
1	0	0	1	0	0	0	0	0	0	0	0	0	0	0	0	0	0
0	0	0	0	1	1	0	0	0	0	0	0	0	0	0	0	0	0
DIFF_EDGE
0 0
CHROM_NUMBER
6
EOF
