TYPE : graph_{count}
DIMENSION: 18
EDGE_DATA_FORMAT: EDGE_LIST
EDGE_WEIGHT_TYPE: EXPLICIT
EDGE_WEIGHT_FORMAT: FULL_MATRIX
EDGE_DATA_SECTION
0 1
0 4
0 8
0 10
0 15
1 2
1 3
1 5
1 8
1 9
1 10
1 12
1 14
2 4
2 6
2 8
2 9
2 10
2 13
2 15
3 4
3 5
3 9
3 10
4 5
4 6
4 8
4 9
4 11
4 12
4 13
4 17
5 6
5 13
6 8
6 9
6 10
6 17
7 8
7 10
8 9
8 10
8 13
8 17
9 10
9 13
9 17
10 13
10 17
12 13
13 16
13 17
14 17
15 17
-1
EDGE_WEIGHT_SECTION
0	1	0	0	1	0	0	0	1	0	1	0	0	0	0	1	0	0
1	0	1	1	0	1	0	0	1	1	1	0	1	0	1	0	0	0
0	1	0	0	1	0	1	0	1	1	1	0	0	1	0	1	0	0
0	1	0	0	1	1	0	0	0	1	1	0	0	0	0	0	0	0
1	0	1	1	0	1	1	0	1	1	0	1	1	1	0	0	0	1
0	1	0	1	1	0	1	0	0	0	0	0	0	1	0	0	0	0
0	0	1	0	1	1	0	0	1	1	1	0	0	0	0	0	0	1
0	0	0	0	0	0	0	0	1	0	1	0	0	0	0	0	0	0
1	1	1	0	1	0	1	1	0	1	1	0	0	1	0	0	0	1
0	1	1	1	1	0	1	0	1	0	1	0	0	1	0	0	0	1
1	1	1	1	0	0	1	1	1	1	0	0	0	1	0	0	0	1
0	0	0	0	1	0	0	0	0	0	0	0	0	0	0	0	0	0
0	1	0	0	1	0	0	0	0	0	0	0	0	1	0	0	0	0
0	0	1	0	1	1	0	0	1	1	1	0	1	0	0	0	1	1
0	1	0	0	0	0	0	0	0	0	0	0	0	0	0	0	0	1
1	0	1	0	0	0	0	0	0	0	0	0	0	0	0	0	0	1
0	0	0	0	0	0	0	0	0	0	0	0	0	1	0	0	0	0
0	0	0	0	1	0	1	0	1	1	1	0	0	1	1	1	0	0
DIFF_EDGE
0 0
CHROM_NUMBER
9
EOF
