TYPE : graph_{count}
DIMENSION: 20
EDGE_DATA_FORMAT: EDGE_LIST
EDGE_WEIGHT_TYPE: EXPLICIT
EDGE_WEIGHT_FORMAT: FULL_MATRIX
EDGE_DATA_SECTION
0 5
0 7
0 8
0 12
0 18
1 2
1 8
1 10
1 11
1 14
1 17
2 9
3 7
3 9
3 15
4 6
4 9
5 10
5 14
5 16
5 19
6 11
7 8
7 10
7 17
8 9
8 10
8 13
9 10
9 18
10 12
14 16
16 19
-1
EDGE_WEIGHT_SECTION
0	0	0	0	0	1	0	1	1	0	0	0	1	0	0	0	0	0	1	0
0	0	1	0	0	0	0	0	1	0	1	1	0	0	1	0	0	1	0	0
0	1	0	0	0	0	0	0	0	1	0	0	0	0	0	0	0	0	0	0
0	0	0	0	0	0	0	1	0	1	0	0	0	0	0	1	0	0	0	0
0	0	0	0	0	0	1	0	0	1	0	0	0	0	0	0	0	0	0	0
1	0	0	0	0	0	0	0	0	0	1	0	0	0	1	0	1	0	0	1
0	0	0	0	1	0	0	0	0	0	0	1	0	0	0	0	0	0	0	0
1	0	0	1	0	0	0	0	1	0	1	0	0	0	0	0	0	1	0	0
1	1	0	0	0	0	0	1	0	1	1	0	0	1	0	0	0	0	0	0
0	0	1	1	1	0	0	0	1	0	1	0	0	0	0	0	0	0	1	0
0	1	0	0	0	1	0	1	1	1	0	0	1	0	0	0	0	0	0	0
0	1	0	0	0	0	1	0	0	0	0	0	0	0	0	0	0	0	0	0
1	0	0	0	0	0	0	0	0	0	1	0	0	0	0	0	0	0	0	0
0	0	0	0	0	0	0	0	1	0	0	0	0	0	0	0	0	0	0	0
0	1	0	0	0	1	0	0	0	0	0	0	0	0	0	0	1	0	0	0
0	0	0	1	0	0	0	0	0	0	0	0	0	0	0	0	0	0	0	0
0	0	0	0	0	1	0	0	0	0	0	0	0	0	1	0	0	0	0	1
0	1	0	0	0	0	0	1	0	0	0	0	0	0	0	0	0	0	0	0
1	0	0	0	0	0	0	0	0	1	0	0	0	0	0	0	0	0	0	0
0	0	0	0	0	1	0	0	0	0	0	0	0	0	0	0	1	0	0	0
DIFF_EDGE
0 0
CHROM_NUMBER
6
EOF
