TYPE : graph_{count}
DIMENSION: 18
EDGE_DATA_FORMAT: EDGE_LIST
EDGE_WEIGHT_TYPE: EXPLICIT
EDGE_WEIGHT_FORMAT: FULL_MATRIX
EDGE_DATA_SECTION
0 1
0 2
0 8
0 9
1 2
1 3
1 5
1 6
1 7
1 8
1 16
2 3
2 4
2 5
2 6
2 8
2 9
3 6
3 7
3 10
3 12
4 10
5 6
5 7
5 9
5 14
6 7
6 13
7 8
7 9
7 10
7 15
8 10
10 16
11 13
12 14
14 17
-1
EDGE_WEIGHT_SECTION
0	1	1	0	0	0	0	0	1	1	0	0	0	0	0	0	0	0
1	0	1	1	0	1	1	1	1	0	0	0	0	0	0	0	1	0
1	1	0	1	1	1	1	0	1	1	0	0	0	0	0	0	0	0
0	1	1	0	0	0	1	1	0	0	1	0	1	0	0	0	0	0
0	0	1	0	0	0	0	0	0	0	1	0	0	0	0	0	0	0
0	1	1	0	0	0	1	1	0	1	0	0	0	0	1	0	0	0
0	1	1	1	0	1	0	1	0	0	0	0	0	1	0	0	0	0
0	1	0	1	0	1	1	0	1	1	1	0	0	0	0	1	0	0
1	1	1	0	0	0	0	1	0	0	1	0	0	0	0	0	0	0
1	0	1	0	0	1	0	1	0	0	0	0	0	0	0	0	0	0
0	0	0	1	1	0	0	1	1	0	0	0	0	0	0	0	1	0
0	0	0	0	0	0	0	0	0	0	0	0	0	1	0	0	0	0
0	0	0	1	0	0	0	0	0	0	0	0	0	0	1	0	0	0
0	0	0	0	0	0	1	0	0	0	0	1	0	0	0	0	0	0
0	0	0	0	0	1	0	0	0	0	0	0	1	0	0	0	0	1
0	0	0	0	0	0	0	1	0	0	0	0	0	0	0	0	0	0
0	1	0	0	0	0	0	0	0	0	1	0	0	0	0	0	0	0
0	0	0	0	0	0	0	0	0	0	0	0	0	0	1	0	0	0
DIFF_EDGE
0 0
CHROM_NUMBER
6
EOF
