TYPE : graph_{count}
DIMENSION: 17
EDGE_DATA_FORMAT: EDGE_LIST
EDGE_WEIGHT_TYPE: EXPLICIT
EDGE_WEIGHT_FORMAT: FULL_MATRIX
EDGE_DATA_SECTION
0 1
0 2
0 3
0 6
1 3
1 6
1 7
1 8
1 9
1 10
1 11
1 15
1 16
2 8
2 11
2 15
3 5
3 7
3 8
3 10
3 11
3 13
5 8
5 11
5 15
6 8
6 9
6 10
6 11
6 15
7 8
7 10
7 11
7 14
7 15
7 16
8 15
8 16
9 10
9 11
9 15
10 11
10 15
10 16
11 12
11 15
12 15
12 16
13 15
13 16
14 16
15 16
-1
EDGE_WEIGHT_SECTION
0	1	1	1	0	0	1	0	0	0	0	0	0	0	0	0	0
1	0	0	1	0	0	1	1	1	1	1	1	0	0	0	1	1
1	0	0	0	0	0	0	0	1	0	0	1	0	0	0	1	0
1	1	0	0	0	1	0	1	1	0	1	1	0	1	0	0	0
0	0	0	0	0	0	0	0	0	0	0	0	0	0	0	0	0
0	0	0	1	0	0	0	0	1	0	0	1	0	0	0	1	0
1	1	0	0	0	0	0	0	1	1	1	1	0	0	0	1	0
0	1	0	1	0	0	0	0	1	0	1	1	0	0	1	1	1
0	1	1	1	0	1	1	1	0	0	0	0	0	0	0	1	1
0	1	0	0	0	0	1	0	0	0	1	1	0	0	0	1	0
0	1	0	1	0	0	1	1	0	1	0	1	0	0	0	1	1
0	1	1	1	0	1	1	1	0	1	1	0	1	0	0	1	0
0	0	0	0	0	0	0	0	0	0	0	1	0	0	0	1	1
0	0	0	1	0	0	0	0	0	0	0	0	0	0	0	1	1
0	0	0	0	0	0	0	1	0	0	0	0	0	0	0	0	1
0	1	1	0	0	1	1	1	1	1	1	1	1	1	0	1	1
0	1	0	0	0	0	0	1	1	0	1	0	1	1	1	1	0
DIFF_EDGE
0 0
CHROM_NUMBER
8
EOF
