TYPE : graph_{count}
DIMENSION: 17
EDGE_DATA_FORMAT: EDGE_LIST
EDGE_WEIGHT_TYPE: EXPLICIT
EDGE_WEIGHT_FORMAT: FULL_MATRIX
EDGE_DATA_SECTION
0 4
0 5
0 10
0 13
1 3
1 4
1 10
1 13
2 3
2 6
2 7
2 9
2 14
3 4
3 7
3 8
3 9
3 12
4 5
4 7
4 11
5 7
5 8
5 10
5 12
6 8
6 9
7 10
7 12
8 12
8 15
9 10
9 16
10 11
10 12
10 14
10 15
11 12
12 16
-1
EDGE_WEIGHT_SECTION
0	0	0	0	1	1	0	0	0	0	1	0	0	1	0	0	0
0	0	0	1	1	0	0	0	0	0	1	0	0	1	0	0	0
0	0	0	1	0	0	1	1	0	1	0	0	0	0	1	0	0
0	1	1	0	1	0	0	1	1	1	0	0	1	0	0	0	0
1	1	0	1	0	1	0	1	0	0	0	1	0	0	0	0	0
1	0	0	0	1	0	0	1	1	0	1	0	1	0	0	0	0
0	0	1	0	0	0	0	0	1	1	0	0	0	0	0	0	0
0	0	1	1	1	1	0	0	0	0	1	0	1	0	0	0	0
0	0	0	1	0	1	1	0	0	0	0	0	1	0	0	1	0
0	0	1	1	0	0	1	0	0	0	1	0	0	0	0	0	1
1	1	0	0	0	1	0	1	0	1	0	1	1	0	1	1	0
0	0	0	0	1	0	0	0	0	0	1	0	1	0	0	0	0
0	0	0	1	0	1	0	1	1	0	1	1	0	0	0	0	1
1	1	0	0	0	0	0	0	0	0	0	0	0	0	0	0	0
0	0	1	0	0	0	0	0	0	0	1	0	0	0	0	0	0
0	0	0	0	0	0	0	0	1	0	1	0	0	0	0	0	0
0	0	0	0	0	0	0	0	0	1	0	0	1	0	0	0	0
DIFF_EDGE
0 0
CHROM_NUMBER
6
EOF
