TYPE : graph_{count}
DIMENSION: 15
EDGE_DATA_FORMAT: EDGE_LIST
EDGE_WEIGHT_TYPE: EXPLICIT
EDGE_WEIGHT_FORMAT: FULL_MATRIX
EDGE_DATA_SECTION
0 2
0 3
0 5
0 6
0 8
0 10
0 11
0 12
0 13
0 14
1 2
1 4
1 9
1 10
1 11
1 12
1 13
1 14
2 3
2 5
2 6
2 7
2 10
2 12
3 4
3 6
3 7
3 8
3 10
3 11
3 12
3 13
3 14
4 5
4 6
4 8
4 10
4 11
4 12
4 13
4 14
5 7
5 9
6 8
6 10
6 11
6 12
6 13
6 14
7 9
8 9
8 10
8 11
8 13
9 10
9 11
9 12
9 14
10 11
10 12
10 13
10 14
11 12
11 13
11 14
12 13
12 14
13 14
-1
EDGE_WEIGHT_SECTION
0	0	1	1	0	1	1	0	1	0	1	1	1	1	1
0	0	1	0	1	0	0	0	0	1	1	1	1	1	1
1	1	0	1	0	1	1	1	0	0	1	0	1	0	0
1	0	1	0	1	0	1	1	1	0	1	1	1	1	1
0	1	0	1	0	1	1	0	1	0	1	1	1	1	1
1	0	1	0	1	0	0	1	0	1	0	0	0	0	0
1	0	1	1	1	0	0	0	1	0	1	1	1	1	1
0	0	1	1	0	1	0	0	0	1	0	0	0	0	0
1	0	0	1	1	0	1	0	0	1	1	1	0	1	0
0	1	0	0	0	1	0	1	1	0	1	1	1	0	1
1	1	1	1	1	0	1	0	1	1	0	1	1	1	1
1	1	0	1	1	0	1	0	1	1	1	0	1	1	1
1	1	1	1	1	0	1	0	0	1	1	1	0	1	1
1	1	0	1	1	0	1	0	1	0	1	1	1	0	1
1	1	0	1	1	0	1	0	0	1	1	1	1	1	0
DIFF_EDGE
0 0
CHROM_NUMBER
11
EOF
