TYPE : graph_{count}
DIMENSION: 19
EDGE_DATA_FORMAT: EDGE_LIST
EDGE_WEIGHT_TYPE: EXPLICIT
EDGE_WEIGHT_FORMAT: FULL_MATRIX
EDGE_DATA_SECTION
0 5
0 8
0 9
0 10
0 15
1 5
1 7
1 8
1 13
2 5
2 7
2 8
2 9
2 12
2 14
2 15
2 16
2 17
2 18
3 7
3 9
3 12
4 7
5 7
5 8
5 9
5 12
5 14
5 15
5 17
6 7
6 8
6 9
6 12
6 15
6 17
7 8
7 11
7 12
7 14
7 15
8 12
8 14
8 15
8 17
9 12
9 14
9 17
11 17
12 13
12 14
12 17
13 14
13 15
13 17
14 15
14 17
15 17
-1
EDGE_WEIGHT_SECTION
0	0	0	0	0	1	0	0	1	1	1	0	0	0	0	1	0	0	0
0	0	0	0	0	1	0	1	1	0	0	0	0	1	0	0	0	0	0
0	0	0	0	0	1	0	1	1	1	0	0	1	0	1	1	1	1	1
0	0	0	0	0	0	0	1	0	1	0	0	1	0	0	0	0	0	0
0	0	0	0	0	0	0	1	0	0	0	0	0	0	0	0	0	0	0
1	1	1	0	0	0	0	1	1	1	0	0	1	0	1	1	0	1	0
0	0	0	0	0	0	0	1	1	1	0	0	1	0	0	1	0	1	0
0	1	1	1	1	1	1	0	1	0	0	1	1	0	1	1	0	0	0
1	1	1	0	0	1	1	1	0	0	0	0	1	0	1	1	0	1	0
1	0	1	1	0	1	1	0	0	0	0	0	1	0	1	0	0	1	0
1	0	0	0	0	0	0	0	0	0	0	0	0	0	0	0	0	0	0
0	0	0	0	0	0	0	1	0	0	0	0	0	0	0	0	0	1	0
0	0	1	1	0	1	1	1	1	1	0	0	0	1	1	0	0	1	0
0	1	0	0	0	0	0	0	0	0	0	0	1	0	1	1	0	1	0
0	0	1	0	0	1	0	1	1	1	0	0	1	1	0	1	0	1	0
1	0	1	0	0	1	1	1	1	0	0	0	0	1	1	1	0	1	0
0	0	1	0	0	0	0	0	0	0	0	0	0	0	0	0	0	0	0
0	0	1	0	0	1	1	0	1	1	0	1	1	1	1	1	0	0	0
0	0	1	0	0	0	0	0	0	0	0	0	0	0	0	0	0	0	0
DIFF_EDGE
0 0
CHROM_NUMBER
9
EOF
