TYPE : graph_{count}
DIMENSION: 19
EDGE_DATA_FORMAT: EDGE_LIST
EDGE_WEIGHT_TYPE: EXPLICIT
EDGE_WEIGHT_FORMAT: FULL_MATRIX
EDGE_DATA_SECTION
0 1
0 2
0 3
0 8
0 13
0 16
1 5
1 7
1 9
1 11
1 12
2 3
2 4
2 6
2 10
2 17
2 18
3 6
3 8
3 10
3 11
3 14
4 5
4 6
4 8
4 9
4 14
5 6
5 7
5 11
6 7
6 8
6 9
6 11
6 16
7 8
7 11
7 13
7 15
7 16
8 9
8 11
8 16
9 11
9 15
9 16
11 16
14 16
-1
EDGE_WEIGHT_SECTION
0	1	1	1	0	0	0	0	1	0	0	0	0	1	0	0	1	0	0
1	0	0	0	0	1	0	1	0	1	0	1	1	0	0	0	0	0	0
1	0	0	1	1	0	1	0	0	0	1	0	0	0	0	0	0	1	1
1	0	1	0	0	0	1	0	1	0	1	1	0	0	1	0	0	0	0
0	0	1	0	0	1	1	0	1	1	0	0	0	0	1	0	0	0	0
0	1	0	0	1	0	1	1	0	0	0	1	0	0	0	0	0	0	0
0	0	1	1	1	1	0	1	1	1	0	1	0	0	0	0	1	0	0
0	1	0	0	0	1	1	0	1	0	0	1	0	1	0	1	1	0	0
1	0	0	1	1	0	1	1	0	1	0	1	0	0	0	0	1	0	0
0	1	0	0	1	0	1	0	1	0	0	1	0	0	0	1	1	0	0
0	0	1	1	0	0	0	0	0	0	0	0	0	0	0	0	0	0	0
0	1	0	1	0	1	1	1	1	1	0	0	0	0	0	0	1	0	0
0	1	0	0	0	0	0	0	0	0	0	0	0	0	0	0	0	0	0
1	0	0	0	0	0	0	1	0	0	0	0	0	0	0	0	0	0	0
0	0	0	1	1	0	0	0	0	0	0	0	0	0	0	0	1	0	0
0	0	0	0	0	0	0	1	0	1	0	0	0	0	0	0	0	0	0
1	0	0	0	0	0	1	1	1	1	0	1	0	0	1	0	0	0	0
0	0	1	0	0	0	0	0	0	0	0	0	0	0	0	0	0	0	0
0	0	1	0	0	0	0	0	0	0	0	0	0	0	0	0	0	0	0
DIFF_EDGE
0 0
CHROM_NUMBER
8
EOF
