TYPE : graph_{count}
DIMENSION: 20
EDGE_DATA_FORMAT: EDGE_LIST
EDGE_WEIGHT_TYPE: EXPLICIT
EDGE_WEIGHT_FORMAT: FULL_MATRIX
EDGE_DATA_SECTION
0 2
0 3
0 6
0 7
0 8
0 12
1 3
1 10
1 12
1 14
1 19
2 3
2 7
2 8
2 10
2 11
2 12
3 4
3 5
3 6
3 7
3 10
3 12
4 5
4 7
4 9
4 10
4 12
5 8
5 9
5 10
5 11
5 12
5 13
6 7
6 9
7 8
7 12
8 9
8 17
9 15
10 12
10 18
12 15
13 16
17 19
-1
EDGE_WEIGHT_SECTION
0	0	1	1	0	0	1	1	1	0	0	0	1	0	0	0	0	0	0	0
0	0	0	1	0	0	0	0	0	0	1	0	1	0	1	0	0	0	0	1
1	0	0	1	0	0	0	1	1	0	1	1	1	0	0	0	0	0	0	0
1	1	1	0	1	1	1	1	0	0	1	0	1	0	0	0	0	0	0	0
0	0	0	1	0	1	0	1	0	1	1	0	1	0	0	0	0	0	0	0
0	0	0	1	1	0	0	0	1	1	1	1	1	1	0	0	0	0	0	0
1	0	0	1	0	0	0	1	0	1	0	0	0	0	0	0	0	0	0	0
1	0	1	1	1	0	1	0	1	0	0	0	1	0	0	0	0	0	0	0
1	0	1	0	0	1	0	1	0	1	0	0	0	0	0	0	0	1	0	0
0	0	0	0	1	1	1	0	1	0	0	0	0	0	0	1	0	0	0	0
0	1	1	1	1	1	0	0	0	0	0	0	1	0	0	0	0	0	1	0
0	0	1	0	0	1	0	0	0	0	0	0	0	0	0	0	0	0	0	0
1	1	1	1	1	1	0	1	0	0	1	0	0	0	0	1	0	0	0	0
0	0	0	0	0	1	0	0	0	0	0	0	0	0	0	0	1	0	0	0
0	1	0	0	0	0	0	0	0	0	0	0	0	0	0	0	0	0	0	0
0	0	0	0	0	0	0	0	0	1	0	0	1	0	0	0	0	0	0	0
0	0	0	0	0	0	0	0	0	0	0	0	0	1	0	0	0	0	0	0
0	0	0	0	0	0	0	0	1	0	0	0	0	0	0	0	0	0	0	1
0	0	0	0	0	0	0	0	0	0	1	0	0	0	0	0	0	0	0	0
0	1	0	0	0	0	0	0	0	0	0	0	0	0	0	0	0	1	0	0
DIFF_EDGE
0 0
CHROM_NUMBER
7
EOF
