TYPE : graph_{count}
DIMENSION: 21
EDGE_DATA_FORMAT: EDGE_LIST
EDGE_WEIGHT_TYPE: EXPLICIT
EDGE_WEIGHT_FORMAT: FULL_MATRIX
EDGE_DATA_SECTION
0 4
0 7
0 8
0 9
0 11
0 13
1 2
1 4
1 7
1 11
1 16
1 19
2 3
2 4
2 5
2 8
2 13
2 18
2 19
3 6
3 7
3 10
3 15
3 16
4 6
4 7
4 8
4 9
4 13
4 17
4 19
5 7
5 8
5 9
5 10
5 15
6 9
6 13
6 19
6 20
7 12
7 13
7 19
8 19
9 10
9 19
10 12
10 19
10 20
11 13
13 19
14 18
14 19
16 19
17 19
-1
EDGE_WEIGHT_SECTION
0	0	0	0	1	0	0	1	1	1	0	1	0	1	0	0	0	0	0	0	0
0	0	1	0	1	0	0	1	0	0	0	1	0	0	0	0	1	0	0	1	0
0	1	0	1	1	1	0	0	1	0	0	0	0	1	0	0	0	0	1	1	0
0	0	1	0	0	0	1	1	0	0	1	0	0	0	0	1	1	0	0	0	0
1	1	1	0	0	0	1	1	1	1	0	0	0	1	0	0	0	1	0	1	0
0	0	1	0	0	0	0	1	1	1	1	0	0	0	0	1	0	0	0	0	0
0	0	0	1	1	0	0	0	0	1	0	0	0	1	0	0	0	0	0	1	1
1	1	0	1	1	1	0	0	0	0	0	0	1	1	0	0	0	0	0	1	0
1	0	1	0	1	1	0	0	0	0	0	0	0	0	0	0	0	0	0	1	0
1	0	0	0	1	1	1	0	0	0	1	0	0	0	0	0	0	0	0	1	0
0	0	0	1	0	1	0	0	0	1	0	0	1	0	0	0	0	0	0	1	1
1	1	0	0	0	0	0	0	0	0	0	0	0	1	0	0	0	0	0	0	0
0	0	0	0	0	0	0	1	0	0	1	0	0	0	0	0	0	0	0	0	0
1	0	1	0	1	0	1	1	0	0	0	1	0	0	0	0	0	0	0	1	0
0	0	0	0	0	0	0	0	0	0	0	0	0	0	0	0	0	0	1	1	0
0	0	0	1	0	1	0	0	0	0	0	0	0	0	0	0	0	0	0	0	0
0	1	0	1	0	0	0	0	0	0	0	0	0	0	0	0	0	0	0	1	0
0	0	0	0	1	0	0	0	0	0	0	0	0	0	0	0	0	0	0	1	0
0	0	1	0	0	0	0	0	0	0	0	0	0	0	1	0	0	0	0	0	0
0	1	1	0	1	0	1	1	1	1	1	0	0	1	1	0	1	1	0	0	0
0	0	0	0	0	0	1	0	0	0	1	0	0	0	0	0	0	0	0	0	0
DIFF_EDGE
0 0
CHROM_NUMBER
8
EOF
