TYPE : graph_{count}
DIMENSION: 19
EDGE_DATA_FORMAT: EDGE_LIST
EDGE_WEIGHT_TYPE: EXPLICIT
EDGE_WEIGHT_FORMAT: FULL_MATRIX
EDGE_DATA_SECTION
0 1
0 2
0 3
0 7
0 8
0 10
0 12
0 14
0 15
1 3
1 5
1 7
1 9
1 10
1 12
1 14
1 15
2 4
2 7
2 8
2 9
2 10
2 15
3 4
3 5
3 6
3 14
3 17
3 18
4 5
4 7
4 9
4 10
4 12
4 15
5 6
5 8
5 9
5 14
6 7
6 9
6 10
6 12
6 15
7 14
7 15
8 17
9 12
9 13
9 14
10 11
10 12
10 14
11 14
11 15
12 14
12 15
12 16
14 15
-1
EDGE_WEIGHT_SECTION
0	1	1	1	0	0	0	1	1	0	1	0	1	0	1	1	0	0	0
1	0	0	1	0	1	0	1	0	1	1	0	1	0	1	1	0	0	0
1	0	0	0	1	0	0	1	1	1	1	0	0	0	0	1	0	0	0
1	1	0	0	1	1	1	0	0	0	0	0	0	0	1	0	0	1	1
0	0	1	1	0	1	0	1	0	1	1	0	1	0	0	1	0	0	0
0	1	0	1	1	0	1	0	1	1	0	0	0	0	1	0	0	0	0
0	0	0	1	0	1	0	1	0	1	1	0	1	0	0	1	0	0	0
1	1	1	0	1	0	1	0	0	0	0	0	0	0	1	1	0	0	0
1	0	1	0	0	1	0	0	0	0	0	0	0	0	0	0	0	1	0
0	1	1	0	1	1	1	0	0	0	0	0	1	1	1	0	0	0	0
1	1	1	0	1	0	1	0	0	0	0	1	1	0	1	0	0	0	0
0	0	0	0	0	0	0	0	0	0	1	0	0	0	1	1	0	0	0
1	1	0	0	1	0	1	0	0	1	1	0	0	0	1	1	1	0	0
0	0	0	0	0	0	0	0	0	1	0	0	0	0	0	0	0	0	0
1	1	0	1	0	1	0	1	0	1	1	1	1	0	1	1	0	0	0
1	1	1	0	1	0	1	1	0	0	0	1	1	0	1	0	0	0	0
0	0	0	0	0	0	0	0	0	0	0	0	1	0	0	0	0	0	0
0	0	0	1	0	0	0	0	1	0	0	0	0	0	0	0	0	0	0
0	0	0	1	0	0	0	0	0	0	0	0	0	0	0	0	0	0	0
DIFF_EDGE
0 0
CHROM_NUMBER
9
EOF
