TYPE : graph_{count}
DIMENSION: 20
EDGE_DATA_FORMAT: EDGE_LIST
EDGE_WEIGHT_TYPE: EXPLICIT
EDGE_WEIGHT_FORMAT: FULL_MATRIX
EDGE_DATA_SECTION
0 3
0 5
0 7
0 9
1 2
1 3
1 10
1 12
1 13
1 18
2 4
2 5
2 13
3 7
3 8
3 13
4 6
4 7
4 8
4 9
4 13
5 7
5 8
5 9
5 13
6 7
6 8
6 9
7 8
7 11
7 13
7 18
8 9
8 13
9 13
9 14
11 13
12 13
13 15
15 17
15 19
16 19
-1
EDGE_WEIGHT_SECTION
0	0	0	1	0	1	0	1	0	1	0	0	0	0	0	0	0	0	0	0
0	0	1	1	0	0	0	0	0	0	1	0	1	1	0	0	0	0	1	0
0	1	0	0	1	1	0	0	0	0	0	0	0	1	0	0	0	0	0	0
1	1	0	0	0	0	0	1	1	0	0	0	0	1	0	0	0	0	0	0
0	0	1	0	0	0	1	1	1	1	0	0	0	1	0	0	0	0	0	0
1	0	1	0	0	0	0	1	1	1	0	0	0	1	0	0	0	0	0	0
0	0	0	0	1	0	0	1	1	1	0	0	0	0	0	0	0	0	0	0
1	0	0	1	1	1	1	0	1	0	0	1	0	1	0	0	0	0	1	0
0	0	0	1	1	1	1	1	0	1	0	0	0	1	0	0	0	0	0	0
1	0	0	0	1	1	1	0	1	0	0	0	0	1	1	0	0	0	0	0
0	1	0	0	0	0	0	0	0	0	0	0	0	0	0	0	0	0	0	0
0	0	0	0	0	0	0	1	0	0	0	0	0	1	0	0	0	0	0	0
0	1	0	0	0	0	0	0	0	0	0	0	0	1	0	0	0	0	0	0
0	1	1	1	1	1	0	1	1	1	0	1	1	0	0	1	0	0	0	0
0	0	0	0	0	0	0	0	0	1	0	0	0	0	0	0	0	0	0	0
0	0	0	0	0	0	0	0	0	0	0	0	0	1	0	0	0	1	0	1
0	0	0	0	0	0	0	0	0	0	0	0	0	0	0	0	0	0	0	1
0	0	0	0	0	0	0	0	0	0	0	0	0	0	0	1	0	0	0	0
0	1	0	0	0	0	0	1	0	0	0	0	0	0	0	0	0	0	0	0
0	0	0	0	0	0	0	0	0	0	0	0	0	0	0	1	1	0	0	0
DIFF_EDGE
0 0
CHROM_NUMBER
7
EOF
