TYPE : graph_{count}
DIMENSION: 20
EDGE_DATA_FORMAT: EDGE_LIST
EDGE_WEIGHT_TYPE: EXPLICIT
EDGE_WEIGHT_FORMAT: FULL_MATRIX
EDGE_DATA_SECTION
0 1
0 5
0 8
0 15
0 16
1 3
1 7
1 8
1 15
1 18
2 5
2 6
2 7
2 10
2 15
2 18
3 6
3 7
3 8
3 10
3 11
3 15
3 18
4 5
4 8
4 17
4 18
4 19
5 8
5 9
5 10
5 12
5 15
5 18
6 7
6 8
6 9
6 12
6 16
6 18
7 8
7 15
7 16
7 18
7 19
8 15
8 16
8 18
9 15
9 16
9 17
10 15
10 18
11 13
11 18
12 16
13 14
13 15
13 16
14 15
15 16
15 18
16 18
17 18
-1
EDGE_WEIGHT_SECTION
0	1	0	0	0	1	0	0	1	0	0	0	0	0	0	1	1	0	0	0
1	0	0	1	0	0	0	1	1	0	0	0	0	0	0	1	0	0	1	0
0	0	0	0	0	1	1	1	0	0	1	0	0	0	0	1	0	0	1	0
0	1	0	0	0	0	1	1	1	0	1	1	0	0	0	1	0	0	1	0
0	0	0	0	0	1	0	0	1	0	0	0	0	0	0	0	0	1	1	1
1	0	1	0	1	0	0	0	1	1	1	0	1	0	0	1	0	0	1	0
0	0	1	1	0	0	0	1	1	1	0	0	1	0	0	0	1	0	1	0
0	1	1	1	0	0	1	0	1	0	0	0	0	0	0	1	1	0	1	1
1	1	0	1	1	1	1	1	0	0	0	0	0	0	0	1	1	0	1	0
0	0	0	0	0	1	1	0	0	0	0	0	0	0	0	1	1	1	0	0
0	0	1	1	0	1	0	0	0	0	0	0	0	0	0	1	0	0	1	0
0	0	0	1	0	0	0	0	0	0	0	0	0	1	0	0	0	0	1	0
0	0	0	0	0	1	1	0	0	0	0	0	0	0	0	0	1	0	0	0
0	0	0	0	0	0	0	0	0	0	0	1	0	0	1	1	1	0	0	0
0	0	0	0	0	0	0	0	0	0	0	0	0	1	0	1	0	0	0	0
1	1	1	1	0	1	0	1	1	1	1	0	0	1	1	0	1	0	1	0
1	0	0	0	0	0	1	1	1	1	0	0	1	1	0	1	1	0	1	0
0	0	0	0	1	0	0	0	0	1	0	0	0	0	0	0	0	0	1	0
0	1	1	1	1	1	1	1	1	0	1	1	0	0	0	1	1	1	0	0
0	0	0	0	1	0	0	1	0	0	0	0	0	0	0	0	0	0	0	0
DIFF_EDGE
0 0
CHROM_NUMBER
8
EOF
