TYPE : graph_{count}
DIMENSION: 21
EDGE_DATA_FORMAT: EDGE_LIST
EDGE_WEIGHT_TYPE: EXPLICIT
EDGE_WEIGHT_FORMAT: FULL_MATRIX
EDGE_DATA_SECTION
0 3
0 8
0 9
0 12
0 13
0 14
0 20
1 2
1 6
1 8
1 9
1 10
1 14
2 3
2 4
2 5
2 8
2 12
2 13
2 14
3 10
3 12
3 17
4 5
4 6
4 10
5 6
5 13
6 8
6 14
7 8
7 9
7 10
7 12
8 10
8 12
8 13
8 14
9 10
9 12
9 13
9 16
10 12
10 13
10 14
10 18
10 20
11 12
11 13
11 18
12 13
12 14
13 15
14 15
14 19
-1
EDGE_WEIGHT_SECTION
0	0	0	1	0	0	0	0	1	1	0	0	1	1	1	0	0	0	0	0	1
0	0	1	0	0	0	1	0	1	1	1	0	0	0	1	0	0	0	0	0	0
0	1	0	1	1	1	0	0	1	0	0	0	1	1	1	0	0	0	0	0	0
1	0	1	0	0	0	0	0	0	0	1	0	1	0	0	0	0	1	0	0	0
0	0	1	0	0	1	1	0	0	0	1	0	0	0	0	0	0	0	0	0	0
0	0	1	0	1	0	1	0	0	0	0	0	0	1	0	0	0	0	0	0	0
0	1	0	0	1	1	0	0	1	0	0	0	0	0	1	0	0	0	0	0	0
0	0	0	0	0	0	0	0	1	1	1	0	1	0	0	0	0	0	0	0	0
1	1	1	0	0	0	1	1	0	0	1	0	1	1	1	0	0	0	0	0	0
1	1	0	0	0	0	0	1	0	0	1	0	1	1	0	0	1	0	0	0	0
0	1	0	1	1	0	0	1	1	1	0	0	1	1	1	0	0	0	1	0	1
0	0	0	0	0	0	0	0	0	0	0	0	1	1	0	0	0	0	1	0	0
1	0	1	1	0	0	0	1	1	1	1	1	1	1	1	0	0	0	0	0	0
1	0	1	0	0	1	0	0	1	1	1	1	1	0	0	1	0	0	0	0	0
1	1	1	0	0	0	1	0	1	0	1	0	1	0	0	1	0	0	0	1	0
0	0	0	0	0	0	0	0	0	0	0	0	0	1	1	0	0	0	0	0	0
0	0	0	0	0	0	0	0	0	1	0	0	0	0	0	0	0	0	0	0	0
0	0	0	1	0	0	0	0	0	0	0	0	0	0	0	0	0	0	0	0	0
0	0	0	0	0	0	0	0	0	0	1	1	0	0	0	0	0	0	0	0	0
0	0	0	0	0	0	0	0	0	0	0	0	0	0	1	0	0	0	0	0	0
1	0	0	0	0	0	0	0	0	0	1	0	0	0	0	0	0	0	0	0	0
DIFF_EDGE
0 0
CHROM_NUMBER
8
EOF
