TYPE : graph_{count}
DIMENSION: 15
EDGE_DATA_FORMAT: EDGE_LIST
EDGE_WEIGHT_TYPE: EXPLICIT
EDGE_WEIGHT_FORMAT: FULL_MATRIX
EDGE_DATA_SECTION
0 2
0 4
0 6
0 9
0 10
0 11
0 13
0 14
1 2
1 4
1 8
1 14
2 3
2 4
2 5
2 6
2 8
2 11
2 12
2 13
2 14
3 4
3 6
3 7
3 8
3 9
3 11
3 12
3 13
3 14
4 8
4 9
4 12
4 14
5 6
5 8
5 9
5 11
5 12
5 13
6 7
6 10
6 11
6 12
6 13
6 14
7 8
7 13
7 14
8 9
8 11
8 12
8 13
9 10
9 12
9 14
10 11
11 12
11 13
11 14
12 13
12 14
13 14
-1
EDGE_WEIGHT_SECTION
0	0	1	0	1	0	1	0	0	1	1	1	0	1	1
0	0	1	0	1	0	0	0	1	0	0	0	0	0	1
1	1	0	1	1	1	1	0	1	0	0	1	1	1	1
0	0	1	0	1	0	1	1	1	1	0	1	1	1	1
1	1	1	1	0	0	0	0	1	1	0	0	1	0	1
0	0	1	0	0	0	1	0	1	1	0	1	1	1	0
1	0	1	1	0	1	0	1	0	0	1	1	1	1	1
0	0	0	1	0	0	1	0	1	0	0	0	0	1	1
0	1	1	1	1	1	0	1	0	1	0	1	1	1	0
1	0	0	1	1	1	0	0	1	0	1	0	1	0	1
1	0	0	0	0	0	1	0	0	1	0	1	0	0	0
1	0	1	1	0	1	1	0	1	0	1	1	1	1	1
0	0	1	1	1	1	1	0	1	1	0	1	0	1	1
1	0	1	1	0	1	1	1	1	0	0	1	1	0	1
1	1	1	1	1	0	1	1	0	1	0	1	1	1	0
DIFF_EDGE
0 0
CHROM_NUMBER
10
EOF
