TYPE : graph_{count}
DIMENSION: 19
EDGE_DATA_FORMAT: EDGE_LIST
EDGE_WEIGHT_TYPE: EXPLICIT
EDGE_WEIGHT_FORMAT: FULL_MATRIX
EDGE_DATA_SECTION
0 1
0 2
0 5
0 7
0 8
0 9
0 16
0 18
1 5
1 6
1 10
1 15
2 3
2 5
2 9
2 10
2 11
2 18
3 5
3 6
3 7
3 8
3 9
3 15
3 18
4 7
4 18
5 6
5 9
5 17
6 7
6 8
6 11
6 14
6 16
7 10
7 13
8 12
9 10
9 12
9 13
9 18
10 18
14 18
16 18
17 18
-1
EDGE_WEIGHT_SECTION
0	1	1	0	0	1	0	1	1	1	0	0	0	0	0	0	1	0	1
1	0	0	0	0	1	1	0	0	0	1	0	0	0	0	1	0	0	0
1	0	0	1	0	1	0	0	0	1	1	1	0	0	0	0	0	0	1
0	0	1	0	0	1	1	1	1	1	0	0	0	0	0	1	0	0	1
0	0	0	0	0	0	0	1	0	0	0	0	0	0	0	0	0	0	1
1	1	1	1	0	0	1	0	0	1	0	0	0	0	0	0	0	1	0
0	1	0	1	0	1	0	1	1	0	0	1	0	0	1	0	1	0	0
1	0	0	1	1	0	1	0	0	0	1	0	0	1	0	0	0	0	0
1	0	0	1	0	0	1	0	0	0	0	0	1	0	0	0	0	0	0
1	0	1	1	0	1	0	0	0	0	1	0	1	1	0	0	0	0	1
0	1	1	0	0	0	0	1	0	1	0	0	0	0	0	0	0	0	1
0	0	1	0	0	0	1	0	0	0	0	0	0	0	0	0	0	0	0
0	0	0	0	0	0	0	0	1	1	0	0	0	0	0	0	0	0	0
0	0	0	0	0	0	0	1	0	1	0	0	0	0	0	0	0	0	0
0	0	0	0	0	0	1	0	0	0	0	0	0	0	0	0	0	0	1
0	1	0	1	0	0	0	0	0	0	0	0	0	0	0	0	0	0	0
1	0	0	0	0	0	1	0	0	0	0	0	0	0	0	0	0	0	1
0	0	0	0	0	1	0	0	0	0	0	0	0	0	0	0	0	0	1
1	0	1	1	1	0	0	0	0	1	1	0	0	0	1	0	1	1	0
DIFF_EDGE
0 0
CHROM_NUMBER
8
EOF
