TYPE : graph_{count}
DIMENSION: 21
EDGE_DATA_FORMAT: EDGE_LIST
EDGE_WEIGHT_TYPE: EXPLICIT
EDGE_WEIGHT_FORMAT: FULL_MATRIX
EDGE_DATA_SECTION
0 1
0 2
0 6
0 7
0 8
0 9
0 10
0 11
1 5
1 6
1 9
1 11
1 18
2 6
2 7
2 10
3 5
3 7
3 8
3 9
3 10
3 11
3 18
4 5
4 8
4 10
4 12
4 14
5 6
5 8
6 7
6 8
6 9
6 10
6 11
6 14
6 15
7 10
7 11
7 19
8 11
8 16
10 11
10 20
11 13
11 17
16 19
-1
EDGE_WEIGHT_SECTION
0	1	1	0	0	0	1	1	1	1	1	1	0	0	0	0	0	0	0	0	0
1	0	0	0	0	1	1	0	0	1	0	1	0	0	0	0	0	0	1	0	0
1	0	0	0	0	0	1	1	0	0	1	0	0	0	0	0	0	0	0	0	0
0	0	0	0	0	1	0	1	1	1	1	1	0	0	0	0	0	0	1	0	0
0	0	0	0	0	1	0	0	1	0	1	0	1	0	1	0	0	0	0	0	0
0	1	0	1	1	0	1	0	1	0	0	0	0	0	0	0	0	0	0	0	0
1	1	1	0	0	1	0	1	1	1	1	1	0	0	1	1	0	0	0	0	0
1	0	1	1	0	0	1	0	0	0	1	1	0	0	0	0	0	0	0	1	0
1	0	0	1	1	1	1	0	0	0	0	1	0	0	0	0	1	0	0	0	0
1	1	0	1	0	0	1	0	0	0	0	0	0	0	0	0	0	0	0	0	0
1	0	1	1	1	0	1	1	0	0	0	1	0	0	0	0	0	0	0	0	1
1	1	0	1	0	0	1	1	1	0	1	0	0	1	0	0	0	1	0	0	0
0	0	0	0	1	0	0	0	0	0	0	0	0	0	0	0	0	0	0	0	0
0	0	0	0	0	0	0	0	0	0	0	1	0	0	0	0	0	0	0	0	0
0	0	0	0	1	0	1	0	0	0	0	0	0	0	0	0	0	0	0	0	0
0	0	0	0	0	0	1	0	0	0	0	0	0	0	0	0	0	0	0	0	0
0	0	0	0	0	0	0	0	1	0	0	0	0	0	0	0	0	0	0	1	0
0	0	0	0	0	0	0	0	0	0	0	1	0	0	0	0	0	0	0	0	0
0	1	0	1	0	0	0	0	0	0	0	0	0	0	0	0	0	0	0	0	0
0	0	0	0	0	0	0	1	0	0	0	0	0	0	0	0	1	0	0	0	0
0	0	0	0	0	0	0	0	0	0	1	0	0	0	0	0	0	0	0	0	0
DIFF_EDGE
0 0
CHROM_NUMBER
7
EOF
