TYPE : graph_{count}
DIMENSION: 17
EDGE_DATA_FORMAT: EDGE_LIST
EDGE_WEIGHT_TYPE: EXPLICIT
EDGE_WEIGHT_FORMAT: FULL_MATRIX
EDGE_DATA_SECTION
0 3
0 4
0 5
0 9
0 11
0 12
0 14
0 15
1 3
1 4
1 5
1 6
1 8
1 9
1 10
1 11
1 12
1 13
1 14
1 15
2 4
2 6
2 10
3 4
3 7
3 14
4 5
4 6
4 7
4 14
4 16
5 6
5 9
5 11
5 12
5 14
5 15
6 9
6 10
6 11
6 12
6 14
6 15
7 8
8 10
9 11
9 12
9 14
9 15
10 12
10 15
11 12
11 14
11 15
12 14
12 15
14 15
-1
EDGE_WEIGHT_SECTION
0	0	0	1	1	1	0	0	0	1	0	1	1	0	1	1	0
0	0	0	1	1	1	1	0	1	1	1	1	1	1	1	1	0
0	0	0	0	1	0	1	0	0	0	1	0	0	0	0	0	0
1	1	0	0	1	0	0	1	0	0	0	0	0	0	1	0	0
1	1	1	1	0	1	1	1	0	0	0	0	0	0	1	0	1
1	1	0	0	1	0	1	0	0	1	0	1	1	0	1	1	0
0	1	1	0	1	1	0	0	0	1	1	1	1	0	1	1	0
0	0	0	1	1	0	0	0	1	0	0	0	0	0	0	0	0
0	1	0	0	0	0	0	1	0	0	1	0	0	0	0	0	0
1	1	0	0	0	1	1	0	0	0	0	1	1	0	1	1	0
0	1	1	0	0	0	1	0	1	0	0	0	1	0	0	1	0
1	1	0	0	0	1	1	0	0	1	0	0	1	0	1	1	0
1	1	0	0	0	1	1	0	0	1	1	1	1	0	1	1	0
0	1	0	0	0	0	0	0	0	0	0	0	0	0	0	0	0
1	1	0	1	1	1	1	0	0	1	0	1	1	0	0	1	0
1	1	0	0	0	1	1	0	0	1	1	1	1	0	1	0	0
0	0	0	0	1	0	0	0	0	0	0	0	0	0	0	0	0
DIFF_EDGE
0 0
CHROM_NUMBER
9
EOF
