TYPE : graph_{count}
DIMENSION: 19
EDGE_DATA_FORMAT: EDGE_LIST
EDGE_WEIGHT_TYPE: EXPLICIT
EDGE_WEIGHT_FORMAT: FULL_MATRIX
EDGE_DATA_SECTION
0 1
0 2
0 3
0 4
0 5
0 6
0 9
0 15
1 2
1 3
1 6
1 8
1 9
1 11
1 13
2 7
2 8
2 10
2 15
3 5
3 8
3 9
3 10
3 15
4 5
4 6
4 7
4 9
4 10
4 12
4 14
5 8
5 9
6 7
6 8
7 9
7 13
7 15
7 17
8 10
8 14
8 15
9 10
9 15
9 16
9 18
10 11
11 15
12 15
13 15
14 15
-1
EDGE_WEIGHT_SECTION
0	1	1	1	1	1	1	0	0	1	0	0	0	0	0	1	0	0	0
1	0	1	1	0	0	1	0	1	1	0	1	0	1	0	0	0	0	0
1	1	0	0	0	0	0	1	1	0	1	0	0	0	0	1	0	0	0
1	1	0	0	0	1	0	0	1	1	1	0	0	0	0	1	0	0	0
1	0	0	0	0	1	1	1	0	1	1	0	1	0	1	0	0	0	0
1	0	0	1	1	0	0	0	1	1	0	0	0	0	0	0	0	0	0
1	1	0	0	1	0	0	1	1	0	0	0	0	0	0	0	0	0	0
0	0	1	0	1	0	1	0	0	1	0	0	0	1	0	1	0	1	0
0	1	1	1	0	1	1	0	0	0	1	0	0	0	1	1	0	0	0
1	1	0	1	1	1	0	1	0	0	1	0	0	0	0	1	1	0	1
0	0	1	1	1	0	0	0	1	1	0	1	0	0	0	0	0	0	0
0	1	0	0	0	0	0	0	0	0	1	0	0	0	0	1	0	0	0
0	0	0	0	1	0	0	0	0	0	0	0	0	0	0	1	0	0	0
0	1	0	0	0	0	0	1	0	0	0	0	0	0	0	1	0	0	0
0	0	0	0	1	0	0	0	1	0	0	0	0	0	0	1	0	0	0
1	0	1	1	0	0	0	1	1	1	0	1	1	1	1	0	0	0	0
0	0	0	0	0	0	0	0	0	1	0	0	0	0	0	0	0	0	0
0	0	0	0	0	0	0	1	0	0	0	0	0	0	0	0	0	0	0
0	0	0	0	0	0	0	0	0	1	0	0	0	0	0	0	0	0	0
DIFF_EDGE
0 0
CHROM_NUMBER
8
EOF
