TYPE : graph_{count}
DIMENSION: 21
EDGE_DATA_FORMAT: EDGE_LIST
EDGE_WEIGHT_TYPE: EXPLICIT
EDGE_WEIGHT_FORMAT: FULL_MATRIX
EDGE_DATA_SECTION
0 1
0 5
0 12
0 13
0 19
1 4
1 7
1 9
1 20
2 3
2 7
2 8
2 12
2 15
3 6
3 9
3 11
3 20
4 6
4 10
4 18
4 20
5 12
6 8
6 9
6 12
6 20
7 10
7 11
7 13
7 14
7 20
8 12
8 17
8 19
8 20
9 12
9 20
10 12
11 12
11 20
12 16
12 20
13 20
14 17
15 20
16 18
18 20
-1
EDGE_WEIGHT_SECTION
0	1	0	0	0	1	0	0	0	0	0	0	1	1	0	0	0	0	0	1	0
1	0	0	0	1	0	0	1	0	1	0	0	0	0	0	0	0	0	0	0	1
0	0	0	1	0	0	0	1	1	0	0	0	1	0	0	1	0	0	0	0	0
0	0	1	0	0	0	1	0	0	1	0	1	0	0	0	0	0	0	0	0	1
0	1	0	0	0	0	1	0	0	0	1	0	0	0	0	0	0	0	1	0	1
1	0	0	0	0	0	0	0	0	0	0	0	1	0	0	0	0	0	0	0	0
0	0	0	1	1	0	0	0	1	1	0	0	1	0	0	0	0	0	0	0	1
0	1	1	0	0	0	0	0	0	0	1	1	0	1	1	0	0	0	0	0	1
0	0	1	0	0	0	1	0	0	0	0	0	1	0	0	0	0	1	0	1	1
0	1	0	1	0	0	1	0	0	0	0	0	1	0	0	0	0	0	0	0	1
0	0	0	0	1	0	0	1	0	0	0	0	1	0	0	0	0	0	0	0	0
0	0	0	1	0	0	0	1	0	0	0	0	1	0	0	0	0	0	0	0	1
1	0	1	0	0	1	1	0	1	1	1	1	1	0	0	0	1	0	0	0	1
1	0	0	0	0	0	0	1	0	0	0	0	0	0	0	0	0	0	0	0	1
0	0	0	0	0	0	0	1	0	0	0	0	0	0	0	0	0	1	0	0	0
0	0	1	0	0	0	0	0	0	0	0	0	0	0	0	0	0	0	0	0	1
0	0	0	0	0	0	0	0	0	0	0	0	1	0	0	0	0	0	1	0	0
0	0	0	0	0	0	0	0	1	0	0	0	0	0	1	0	0	0	0	0	0
0	0	0	0	1	0	0	0	0	0	0	0	0	0	0	0	1	0	0	0	1
1	0	0	0	0	0	0	0	1	0	0	0	0	0	0	0	0	0	0	0	0
0	1	0	1	1	0	1	1	1	1	0	1	1	1	0	1	0	0	1	0	1
DIFF_EDGE
0 0
CHROM_NUMBER
7
EOF
