TYPE : graph_{count}
DIMENSION: 16
EDGE_DATA_FORMAT: EDGE_LIST
EDGE_WEIGHT_TYPE: EXPLICIT
EDGE_WEIGHT_FORMAT: FULL_MATRIX
EDGE_DATA_SECTION
0 3
0 4
0 5
0 6
0 14
1 2
1 5
1 6
1 7
1 12
1 13
1 14
2 7
2 8
2 10
2 11
3 5
3 14
4 10
5 6
5 8
5 13
5 14
6 7
6 8
6 9
6 13
6 14
7 9
7 14
8 13
8 14
9 11
9 13
11 13
11 14
12 13
13 14
13 15
-1
EDGE_WEIGHT_SECTION
0	0	0	1	1	1	1	0	0	0	0	0	0	0	1	0
0	0	1	0	0	1	1	1	0	0	0	0	1	1	1	0
0	1	0	0	0	0	0	1	1	0	1	1	0	0	0	0
1	0	0	0	0	1	0	0	0	0	0	0	0	0	1	0
1	0	0	0	0	0	0	0	0	0	1	0	0	0	0	0
1	1	0	1	0	0	1	0	1	0	0	0	0	1	1	0
1	1	0	0	0	1	0	1	1	1	0	0	0	1	1	0
0	1	1	0	0	0	1	0	0	1	0	0	0	0	1	0
0	0	1	0	0	1	1	0	0	0	0	0	0	1	1	0
0	0	0	0	0	0	1	1	0	0	0	1	0	1	0	0
0	0	1	0	1	0	0	0	0	0	0	0	0	0	0	0
0	0	1	0	0	0	0	0	0	1	0	0	0	1	1	0
0	1	0	0	0	0	0	0	0	0	0	0	0	1	0	0
0	1	0	0	0	1	1	0	1	1	0	1	1	0	1	1
1	1	0	1	0	1	1	1	1	0	0	1	0	1	0	0
0	0	0	0	0	0	0	0	0	0	0	0	0	1	0	0
DIFF_EDGE
0 0
CHROM_NUMBER
6
EOF
