TYPE : graph_{count}
DIMENSION: 17
EDGE_DATA_FORMAT: EDGE_LIST
EDGE_WEIGHT_TYPE: EXPLICIT
EDGE_WEIGHT_FORMAT: FULL_MATRIX
EDGE_DATA_SECTION
0 1
0 2
0 4
0 6
0 9
0 11
0 14
0 16
1 2
1 5
1 6
1 8
1 9
1 11
1 13
1 14
1 15
2 3
2 4
2 5
2 6
2 7
2 8
2 9
2 11
2 14
2 15
2 16
3 4
3 5
4 9
4 11
4 13
5 9
5 10
5 11
6 7
6 11
6 12
7 8
7 9
7 16
8 9
8 10
8 11
8 14
8 15
8 16
9 11
9 14
9 15
9 16
10 11
10 12
10 14
10 15
10 16
11 14
11 15
11 16
12 14
12 15
13 16
14 15
14 16
15 16
-1
EDGE_WEIGHT_SECTION
0	1	1	0	1	0	1	0	0	1	0	1	0	0	1	0	1
1	0	1	0	0	1	1	0	1	1	0	1	0	1	1	1	0
1	1	0	1	1	1	1	1	1	1	0	1	0	0	1	1	1
0	0	1	0	1	1	0	0	0	0	0	0	0	0	0	0	0
1	0	1	1	0	0	0	0	0	1	0	1	0	1	0	0	0
0	1	1	1	0	0	0	0	0	1	1	1	0	0	0	0	0
1	1	1	0	0	0	0	1	0	0	0	1	1	0	0	0	0
0	0	1	0	0	0	1	0	1	1	0	0	0	0	0	0	1
0	1	1	0	0	0	0	1	0	1	1	1	0	0	1	1	1
1	1	1	0	1	1	0	1	1	0	0	1	0	0	1	1	1
0	0	0	0	0	1	0	0	1	0	0	1	1	0	1	1	1
1	1	1	0	1	1	1	0	1	1	1	0	0	0	1	1	1
0	0	0	0	0	0	1	0	0	0	1	0	0	0	1	1	0
0	1	0	0	1	0	0	0	0	0	0	0	0	0	0	0	1
1	1	1	0	0	0	0	0	1	1	1	1	1	0	1	1	1
0	1	1	0	0	0	0	0	1	1	1	1	1	0	1	0	1
1	0	1	0	0	0	0	1	1	1	1	1	0	1	1	1	0
DIFF_EDGE
0 0
CHROM_NUMBER
10
EOF
