TYPE : graph_{count}
DIMENSION: 14
EDGE_DATA_FORMAT: EDGE_LIST
EDGE_WEIGHT_TYPE: EXPLICIT
EDGE_WEIGHT_FORMAT: FULL_MATRIX
EDGE_DATA_SECTION
0 1
0 2
0 5
0 6
0 9
0 11
0 12
0 13
1 2
1 8
1 9
1 12
2 5
2 6
2 8
2 11
2 13
3 8
3 9
3 10
4 6
4 10
5 6
5 9
5 10
5 11
5 12
5 13
6 7
6 8
6 9
6 10
6 11
6 12
6 13
7 8
7 10
8 9
8 10
9 11
9 12
9 13
11 12
11 13
12 13
-1
EDGE_WEIGHT_SECTION
0	1	1	0	0	1	1	0	0	1	0	1	1	1
1	0	1	0	0	0	0	0	1	1	0	0	1	0
1	1	0	0	0	1	1	0	1	0	0	1	0	1
0	0	0	0	0	0	0	0	1	1	1	0	0	0
0	0	0	0	0	0	1	0	0	0	1	0	0	0
1	0	1	0	0	0	1	0	0	1	1	1	1	1
1	0	1	0	1	1	0	1	1	1	1	1	1	1
0	0	0	0	0	0	1	0	1	0	1	0	0	0
0	1	1	1	0	0	1	1	0	1	1	0	0	0
1	1	0	1	0	1	1	0	1	0	0	1	1	1
0	0	0	1	1	1	1	1	1	0	0	0	0	0
1	0	1	0	0	1	1	0	0	1	0	0	1	1
1	1	0	0	0	1	1	0	0	1	0	1	0	1
1	0	1	0	0	1	1	0	0	1	0	1	1	0
DIFF_EDGE
0 0
CHROM_NUMBER
8
EOF
