TYPE : graph_{count}
DIMENSION: 20
EDGE_DATA_FORMAT: EDGE_LIST
EDGE_WEIGHT_TYPE: EXPLICIT
EDGE_WEIGHT_FORMAT: FULL_MATRIX
EDGE_DATA_SECTION
0 4
0 9
1 3
1 5
1 7
1 9
2 5
2 15
3 6
3 8
3 17
4 6
4 7
4 8
4 10
4 12
5 8
5 10
5 19
6 15
7 8
7 10
7 17
8 10
9 12
10 11
11 18
12 13
13 14
14 16
-1
EDGE_WEIGHT_SECTION
0	0	0	0	1	0	0	0	0	1	0	0	0	0	0	0	0	0	0	0
0	0	0	1	0	1	0	1	0	1	0	0	0	0	0	0	0	0	0	0
0	0	0	0	0	1	0	0	0	0	0	0	0	0	0	1	0	0	0	0
0	1	0	0	0	0	1	0	1	0	0	0	0	0	0	0	0	1	0	0
1	0	0	0	0	0	1	1	1	0	1	0	1	0	0	0	0	0	0	0
0	1	1	0	0	0	0	0	1	0	1	0	0	0	0	0	0	0	0	1
0	0	0	1	1	0	0	0	0	0	0	0	0	0	0	1	0	0	0	0
0	1	0	0	1	0	0	0	1	0	1	0	0	0	0	0	0	1	0	0
0	0	0	1	1	1	0	1	0	0	1	0	0	0	0	0	0	0	0	0
1	1	0	0	0	0	0	0	0	0	0	0	1	0	0	0	0	0	0	0
0	0	0	0	1	1	0	1	1	0	0	1	0	0	0	0	0	0	0	0
0	0	0	0	0	0	0	0	0	0	1	0	0	0	0	0	0	0	1	0
0	0	0	0	1	0	0	0	0	1	0	0	0	1	0	0	0	0	0	0
0	0	0	0	0	0	0	0	0	0	0	0	1	0	1	0	0	0	0	0
0	0	0	0	0	0	0	0	0	0	0	0	0	1	0	0	1	0	0	0
0	0	1	0	0	0	1	0	0	0	0	0	0	0	0	0	0	0	0	0
0	0	0	0	0	0	0	0	0	0	0	0	0	0	1	0	0	0	0	0
0	0	0	1	0	0	0	1	0	0	0	0	0	0	0	0	0	0	0	0
0	0	0	0	0	0	0	0	0	0	0	1	0	0	0	0	0	0	0	0
0	0	0	0	0	1	0	0	0	0	0	0	0	0	0	0	0	0	0	0
DIFF_EDGE
0 0
CHROM_NUMBER
5
EOF
