TYPE : graph_{count}
DIMENSION: 18
EDGE_DATA_FORMAT: EDGE_LIST
EDGE_WEIGHT_TYPE: EXPLICIT
EDGE_WEIGHT_FORMAT: FULL_MATRIX
EDGE_DATA_SECTION
0 1
0 2
0 3
0 10
0 12
0 14
0 17
1 3
1 4
1 5
1 7
1 8
1 10
1 12
1 13
2 3
2 4
2 6
2 7
2 9
2 12
3 4
3 7
3 9
3 12
4 5
4 6
4 7
4 9
4 12
5 7
5 8
5 9
5 10
5 12
8 9
9 10
9 11
9 13
11 12
11 15
13 16
-1
EDGE_WEIGHT_SECTION
0	1	1	1	0	0	0	0	0	0	1	0	1	0	1	0	0	1
1	0	0	1	1	1	0	1	1	0	1	0	1	1	0	0	0	0
1	0	0	1	1	0	1	1	0	1	0	0	1	0	0	0	0	0
1	1	1	0	1	0	0	1	0	1	0	0	1	0	0	0	0	0
0	1	1	1	0	1	1	1	0	1	0	0	1	0	0	0	0	0
0	1	0	0	1	0	0	1	1	1	1	0	1	0	0	0	0	0
0	0	1	0	1	0	0	0	0	0	0	0	0	0	0	0	0	0
0	1	1	1	1	1	0	0	0	0	0	0	0	0	0	0	0	0
0	1	0	0	0	1	0	0	0	1	0	0	0	0	0	0	0	0
0	0	1	1	1	1	0	0	1	0	1	1	0	1	0	0	0	0
1	1	0	0	0	1	0	0	0	1	0	0	0	0	0	0	0	0
0	0	0	0	0	0	0	0	0	1	0	0	1	0	0	1	0	0
1	1	1	1	1	1	0	0	0	0	0	1	1	0	0	0	0	0
0	1	0	0	0	0	0	0	0	1	0	0	0	0	0	0	1	0
1	0	0	0	0	0	0	0	0	0	0	0	0	0	0	0	0	0
0	0	0	0	0	0	0	0	0	0	0	1	0	0	0	0	0	0
0	0	0	0	0	0	0	0	0	0	0	0	0	1	0	0	0	0
1	0	0	0	0	0	0	0	0	0	0	0	0	0	0	0	0	0
DIFF_EDGE
0 0
CHROM_NUMBER
7
EOF
