TYPE : graph_{count}
DIMENSION: 15
EDGE_DATA_FORMAT: EDGE_LIST
EDGE_WEIGHT_TYPE: EXPLICIT
EDGE_WEIGHT_FORMAT: FULL_MATRIX
EDGE_DATA_SECTION
0 1
0 2
0 4
0 5
0 6
0 7
0 8
0 10
0 12
1 4
1 7
1 9
1 11
1 13
2 4
2 6
2 13
3 5
3 7
3 9
3 13
4 5
4 6
4 8
4 9
4 13
5 6
5 9
6 7
6 9
6 10
6 13
7 9
7 10
7 13
7 14
8 9
8 11
8 13
9 13
12 13
-1
EDGE_WEIGHT_SECTION
0	1	1	0	1	1	1	1	1	0	1	0	1	0	0
1	0	0	0	1	0	0	1	0	1	0	1	0	1	0
1	0	0	0	1	0	1	0	0	0	0	0	0	1	0
0	0	0	0	0	1	0	1	0	1	0	0	0	1	0
1	1	1	0	0	1	1	0	1	1	0	0	0	1	0
1	0	0	1	1	0	1	0	0	1	0	0	0	0	0
1	0	1	0	1	1	0	1	0	1	1	0	0	1	0
1	1	0	1	0	0	1	0	0	1	1	0	0	1	1
1	0	0	0	1	0	0	0	0	1	0	1	0	1	0
0	1	0	1	1	1	1	1	1	0	0	0	0	1	0
1	0	0	0	0	0	1	1	0	0	0	0	0	0	0
0	1	0	0	0	0	0	0	1	0	0	0	0	0	0
1	0	0	0	0	0	0	0	0	0	0	0	0	1	0
0	1	1	1	1	0	1	1	1	1	0	0	1	0	0
0	0	0	0	0	0	0	1	0	0	0	0	0	0	0
DIFF_EDGE
0 0
CHROM_NUMBER
7
EOF
