TYPE : graph_{count}
DIMENSION: 20
EDGE_DATA_FORMAT: EDGE_LIST
EDGE_WEIGHT_TYPE: EXPLICIT
EDGE_WEIGHT_FORMAT: FULL_MATRIX
EDGE_DATA_SECTION
0 1
0 4
0 6
0 8
0 10
0 11
0 16
1 3
1 4
1 5
1 6
1 8
1 10
1 11
1 16
2 4
2 5
2 6
2 9
2 10
2 11
3 5
3 7
3 8
3 9
4 8
4 11
4 16
4 18
5 6
5 8
5 9
6 7
6 8
6 9
6 10
6 11
6 14
7 9
7 16
8 10
8 11
8 12
10 11
10 13
10 16
11 16
12 15
13 16
14 16
15 16
15 17
16 19
-1
EDGE_WEIGHT_SECTION
0	1	0	0	1	0	1	0	1	0	1	1	0	0	0	0	1	0	0	0
1	0	0	1	1	1	1	0	1	0	1	1	0	0	0	0	1	0	0	0
0	0	0	0	1	1	1	0	0	1	1	1	0	0	0	0	0	0	0	0
0	1	0	0	0	1	0	1	1	1	0	0	0	0	0	0	0	0	0	0
1	1	1	0	0	0	0	0	1	0	0	1	0	0	0	0	1	0	1	0
0	1	1	1	0	0	1	0	1	1	0	0	0	0	0	0	0	0	0	0
1	1	1	0	0	1	0	1	1	1	1	1	0	0	1	0	0	0	0	0
0	0	0	1	0	0	1	0	0	1	0	0	0	0	0	0	1	0	0	0
1	1	0	1	1	1	1	0	0	0	1	1	1	0	0	0	0	0	0	0
0	0	1	1	0	1	1	1	0	0	0	0	0	0	0	0	0	0	0	0
1	1	1	0	0	0	1	0	1	0	0	1	0	1	0	0	1	0	0	0
1	1	1	0	1	0	1	0	1	0	1	0	0	0	0	0	1	0	0	0
0	0	0	0	0	0	0	0	1	0	0	0	0	0	0	1	0	0	0	0
0	0	0	0	0	0	0	0	0	0	1	0	0	0	0	0	1	0	0	0
0	0	0	0	0	0	1	0	0	0	0	0	0	0	0	0	1	0	0	0
0	0	0	0	0	0	0	0	0	0	0	0	1	0	0	0	1	1	0	0
1	1	0	0	1	0	0	1	0	0	1	1	0	1	1	1	0	0	0	1
0	0	0	0	0	0	0	0	0	0	0	0	0	0	0	1	0	0	0	0
0	0	0	0	1	0	0	0	0	0	0	0	0	0	0	0	0	0	0	0
0	0	0	0	0	0	0	0	0	0	0	0	0	0	0	0	1	0	0	0
DIFF_EDGE
0 0
CHROM_NUMBER
8
EOF
