TYPE : graph_{count}
DIMENSION: 17
EDGE_DATA_FORMAT: EDGE_LIST
EDGE_WEIGHT_TYPE: EXPLICIT
EDGE_WEIGHT_FORMAT: FULL_MATRIX
EDGE_DATA_SECTION
0 1
0 2
0 3
0 5
0 8
0 12
0 15
0 16
1 2
1 3
1 4
1 5
1 9
1 10
1 12
1 14
1 15
2 3
2 4
2 6
2 7
2 8
2 9
2 10
2 11
2 12
3 4
3 6
3 8
3 12
3 14
3 15
4 5
4 7
4 8
4 13
4 14
5 8
5 11
5 14
5 15
6 8
6 9
6 10
7 8
7 10
7 15
8 10
8 12
8 15
9 12
9 14
10 14
11 14
11 15
12 13
12 14
12 15
13 14
14 15
14 16
-1
EDGE_WEIGHT_SECTION
0	1	1	1	0	1	0	0	1	0	0	0	1	0	0	1	1
1	0	1	1	1	1	0	0	0	1	1	0	1	0	1	1	0
1	1	0	1	1	0	1	1	1	1	1	1	1	0	0	0	0
1	1	1	0	1	0	1	0	1	0	0	0	1	0	1	1	0
0	1	1	1	0	1	0	1	1	0	0	0	0	1	1	0	0
1	1	0	0	1	0	0	0	1	0	0	1	0	0	1	1	0
0	0	1	1	0	0	0	0	1	1	1	0	0	0	0	0	0
0	0	1	0	1	0	0	0	1	0	1	0	0	0	0	1	0
1	0	1	1	1	1	1	1	0	0	1	0	1	0	0	1	0
0	1	1	0	0	0	1	0	0	0	0	0	1	0	1	0	0
0	1	1	0	0	0	1	1	1	0	0	0	0	0	1	0	0
0	0	1	0	0	1	0	0	0	0	0	0	0	0	1	1	0
1	1	1	1	0	0	0	0	1	1	0	0	1	1	1	1	0
0	0	0	0	1	0	0	0	0	0	0	0	1	0	1	0	0
0	1	0	1	1	1	0	0	0	1	1	1	1	1	0	1	1
1	1	0	1	0	1	0	1	1	0	0	1	1	0	1	0	0
1	0	0	0	0	0	0	0	0	0	0	0	0	0	1	0	0
DIFF_EDGE
0 0
CHROM_NUMBER
9
EOF
