TYPE : graph_{count}
DIMENSION: 20
EDGE_DATA_FORMAT: EDGE_LIST
EDGE_WEIGHT_TYPE: EXPLICIT
EDGE_WEIGHT_FORMAT: FULL_MATRIX
EDGE_DATA_SECTION
0 2
0 3
0 6
0 7
0 8
0 9
0 10
0 11
0 15
0 19
1 4
1 5
1 7
1 8
1 11
2 3
2 4
2 6
2 10
2 11
2 12
2 15
2 19
3 6
3 7
3 8
3 9
3 11
3 15
3 19
4 5
4 6
4 10
4 11
4 17
4 19
5 9
5 14
5 16
5 18
5 19
6 8
6 9
6 11
6 15
6 19
7 9
7 19
8 11
8 15
8 19
9 11
9 13
11 15
11 19
12 19
13 15
14 16
14 19
15 19
16 19
17 19
18 19
-1
EDGE_WEIGHT_SECTION
0	0	1	1	0	0	1	1	1	1	1	1	0	0	0	1	0	0	0	1
0	0	0	0	1	1	0	1	1	0	0	1	0	0	0	0	0	0	0	0
1	0	0	1	1	0	1	0	0	0	1	1	1	0	0	1	0	0	0	1
1	0	1	0	0	0	1	1	1	1	0	1	0	0	0	1	0	0	0	1
0	1	1	0	0	1	1	0	0	0	1	1	0	0	0	0	0	1	0	1
0	1	0	0	1	0	0	0	0	1	0	0	0	0	1	0	1	0	1	1
1	0	1	1	1	0	0	0	1	1	0	1	0	0	0	1	0	0	0	1
1	1	0	1	0	0	0	0	0	1	0	0	0	0	0	0	0	0	0	1
1	1	0	1	0	0	1	0	0	0	0	1	0	0	0	1	0	0	0	1
1	0	0	1	0	1	1	1	0	0	0	1	0	1	0	0	0	0	0	0
1	0	1	0	1	0	0	0	0	0	0	0	0	0	0	0	0	0	0	0
1	1	1	1	1	0	1	0	1	1	0	0	0	0	0	1	0	0	0	1
0	0	1	0	0	0	0	0	0	0	0	0	0	0	0	0	0	0	0	1
0	0	0	0	0	0	0	0	0	1	0	0	0	0	0	1	0	0	0	0
0	0	0	0	0	1	0	0	0	0	0	0	0	0	0	0	1	0	0	1
1	0	1	1	0	0	1	0	1	0	0	1	0	1	0	0	0	0	0	1
0	0	0	0	0	1	0	0	0	0	0	0	0	0	1	0	0	0	0	1
0	0	0	0	1	0	0	0	0	0	0	0	0	0	0	0	0	0	0	1
0	0	0	0	0	1	0	0	0	0	0	0	0	0	0	0	0	0	0	1
1	0	1	1	1	1	1	1	1	0	0	1	1	0	1	1	1	1	1	0
DIFF_EDGE
0 0
CHROM_NUMBER
9
EOF
