TYPE : graph_{count}
DIMENSION: 16
EDGE_DATA_FORMAT: EDGE_LIST
EDGE_WEIGHT_TYPE: EXPLICIT
EDGE_WEIGHT_FORMAT: FULL_MATRIX
EDGE_DATA_SECTION
0 1
0 3
0 4
0 8
0 10
0 14
1 3
1 10
1 13
2 3
2 5
2 6
2 9
2 10
2 12
2 13
2 14
2 15
3 10
3 13
4 5
4 8
4 9
4 10
4 12
4 15
5 6
5 9
5 11
5 12
5 14
5 15
6 7
6 8
6 9
6 12
6 13
6 14
6 15
7 10
7 12
8 15
9 12
9 13
9 14
9 15
10 13
10 14
11 13
11 15
12 13
12 14
12 15
13 14
13 15
14 15
-1
EDGE_WEIGHT_SECTION
0	1	0	1	1	0	0	0	1	0	1	0	0	0	1	0
1	0	0	1	0	0	0	0	0	0	1	0	0	1	0	0
0	0	0	1	0	1	1	0	0	1	1	0	1	1	1	1
1	1	1	0	0	0	0	0	0	0	1	0	0	1	0	0
1	0	0	0	0	1	0	0	1	1	1	0	1	0	0	1
0	0	1	0	1	0	1	0	0	1	0	1	1	0	1	1
0	0	1	0	0	1	0	1	1	1	0	0	1	1	1	1
0	0	0	0	0	0	1	0	0	0	1	0	1	0	0	0
1	0	0	0	1	0	1	0	0	0	0	0	0	0	0	1
0	0	1	0	1	1	1	0	0	0	0	0	1	1	1	1
1	1	1	1	1	0	0	1	0	0	0	0	0	1	1	0
0	0	0	0	0	1	0	0	0	0	0	0	0	1	0	1
0	0	1	0	1	1	1	1	0	1	0	0	0	1	1	1
0	1	1	1	0	0	1	0	0	1	1	1	1	1	1	1
1	0	1	0	0	1	1	0	0	1	1	0	1	1	0	1
0	0	1	0	1	1	1	0	1	1	0	1	1	1	1	0
DIFF_EDGE
0 0
CHROM_NUMBER
9
EOF
