TYPE : graph_{count}
DIMENSION: 19
EDGE_DATA_FORMAT: EDGE_LIST
EDGE_WEIGHT_TYPE: EXPLICIT
EDGE_WEIGHT_FORMAT: FULL_MATRIX
EDGE_DATA_SECTION
0 1
0 2
0 3
0 4
0 5
0 7
0 9
0 10
0 11
0 13
0 15
1 3
1 5
1 6
1 8
1 10
1 11
1 13
1 15
2 3
2 4
2 7
2 9
2 10
2 14
3 5
3 7
3 9
3 10
3 11
3 13
3 15
4 6
4 15
4 17
4 18
5 8
5 9
5 10
5 11
5 13
5 14
5 15
5 17
5 18
6 7
6 8
6 10
6 11
6 13
6 15
7 8
7 11
7 15
8 11
8 12
9 11
9 12
9 13
9 15
10 11
10 13
10 15
11 13
11 15
12 15
13 15
13 16
-1
EDGE_WEIGHT_SECTION
0	1	1	1	1	1	0	1	0	1	1	1	0	1	0	1	0	0	0
1	0	0	1	0	1	1	0	1	0	1	1	0	1	0	1	0	0	0
1	0	0	1	1	0	0	1	0	1	1	0	0	0	1	0	0	0	0
1	1	1	0	0	1	0	1	0	1	1	1	0	1	0	1	0	0	0
1	0	1	0	0	0	1	0	0	0	0	0	0	0	0	1	0	1	1
1	1	0	1	0	0	0	0	1	1	1	1	0	1	1	1	0	1	1
0	1	0	0	1	0	0	1	1	0	1	1	0	1	0	1	0	0	0
1	0	1	1	0	0	1	0	1	0	0	1	0	0	0	1	0	0	0
0	1	0	0	0	1	1	1	0	0	0	1	1	0	0	0	0	0	0
1	0	1	1	0	1	0	0	0	0	0	1	1	1	0	1	0	0	0
1	1	1	1	0	1	1	0	0	0	0	1	0	1	0	1	0	0	0
1	1	0	1	0	1	1	1	1	1	1	0	0	1	0	1	0	0	0
0	0	0	0	0	0	0	0	1	1	0	0	0	0	0	1	0	0	0
1	1	0	1	0	1	1	0	0	1	1	1	0	0	0	1	1	0	0
0	0	1	0	0	1	0	0	0	0	0	0	0	0	0	0	0	0	0
1	1	0	1	1	1	1	1	0	1	1	1	1	1	0	1	0	0	0
0	0	0	0	0	0	0	0	0	0	0	0	0	1	0	0	0	0	0
0	0	0	0	1	1	0	0	0	0	0	0	0	0	0	0	0	0	0
0	0	0	0	1	1	0	0	0	0	0	0	0	0	0	0	0	0	0
DIFF_EDGE
0 0
CHROM_NUMBER
10
EOF
