TYPE : graph_{count}
DIMENSION: 18
EDGE_DATA_FORMAT: EDGE_LIST
EDGE_WEIGHT_TYPE: EXPLICIT
EDGE_WEIGHT_FORMAT: FULL_MATRIX
EDGE_DATA_SECTION
0 2
0 4
0 6
0 17
1 2
1 3
1 4
1 8
1 10
1 16
1 17
2 4
2 7
3 11
3 13
3 17
4 5
4 10
4 11
4 12
4 14
4 17
5 8
5 15
5 17
6 8
6 12
6 15
7 10
7 16
8 9
8 10
8 14
8 17
9 10
9 17
10 13
11 17
12 17
13 17
14 17
15 17
-1
EDGE_WEIGHT_SECTION
0	0	1	0	1	0	1	0	0	0	0	0	0	0	0	0	0	1
0	0	1	1	1	0	0	0	1	0	1	0	0	0	0	0	1	1
1	1	0	0	1	0	0	1	0	0	0	0	0	0	0	0	0	0
0	1	0	0	0	0	0	0	0	0	0	1	0	1	0	0	0	1
1	1	1	0	0	1	0	0	0	0	1	1	1	0	1	0	0	1
0	0	0	0	1	0	0	0	1	0	0	0	0	0	0	1	0	1
1	0	0	0	0	0	0	0	1	0	0	0	1	0	0	1	0	0
0	0	1	0	0	0	0	0	0	0	1	0	0	0	0	0	1	0
0	1	0	0	0	1	1	0	0	1	1	0	0	0	1	0	0	1
0	0	0	0	0	0	0	0	1	0	1	0	0	0	0	0	0	1
0	1	0	0	1	0	0	1	1	1	0	0	0	1	0	0	0	0
0	0	0	1	1	0	0	0	0	0	0	0	0	0	0	0	0	1
0	0	0	0	1	0	1	0	0	0	0	0	0	0	0	0	0	1
0	0	0	1	0	0	0	0	0	0	1	0	0	0	0	0	0	1
0	0	0	0	1	0	0	0	1	0	0	0	0	0	0	0	0	1
0	0	0	0	0	1	1	0	0	0	0	0	0	0	0	0	0	1
0	1	0	0	0	0	0	1	0	0	0	0	0	0	0	0	0	0
1	1	0	1	1	1	0	0	1	1	0	1	1	1	1	1	0	1
DIFF_EDGE
0 0
CHROM_NUMBER
6
EOF
