TYPE : graph_{count}
DIMENSION: 21
EDGE_DATA_FORMAT: EDGE_LIST
EDGE_WEIGHT_TYPE: EXPLICIT
EDGE_WEIGHT_FORMAT: FULL_MATRIX
EDGE_DATA_SECTION
0 3
0 4
0 5
0 7
0 8
0 10
0 13
0 14
0 16
0 19
1 2
1 3
1 6
1 8
1 14
2 4
2 5
2 7
2 10
2 11
2 14
3 4
3 5
3 7
3 10
3 14
3 15
3 17
3 19
4 6
4 9
4 15
4 19
5 8
5 9
5 12
5 14
5 15
5 17
5 19
6 17
6 19
7 9
7 12
7 14
7 15
7 17
7 19
8 9
8 10
9 10
9 14
9 15
9 17
10 14
10 17
10 19
11 17
12 14
12 19
13 15
13 17
14 15
14 17
14 19
14 20
15 17
15 18
17 19
18 19
-1
EDGE_WEIGHT_SECTION
0	0	0	1	1	1	0	1	1	0	1	0	0	1	1	0	1	0	0	1	0
0	0	1	1	0	0	1	0	1	0	0	0	0	0	1	0	0	0	0	0	0
0	1	0	0	1	1	0	1	0	0	1	1	0	0	1	0	0	0	0	0	0
1	1	0	0	1	1	0	1	0	0	1	0	0	0	1	1	0	1	0	1	0
1	0	1	1	0	0	1	0	0	1	0	0	0	0	0	1	0	0	0	1	0
1	0	1	1	0	0	0	0	1	1	0	0	1	0	1	1	0	1	0	1	0
0	1	0	0	1	0	0	0	0	0	0	0	0	0	0	0	0	1	0	1	0
1	0	1	1	0	0	0	0	0	1	0	0	1	0	1	1	0	1	0	1	0
1	1	0	0	0	1	0	0	0	1	1	0	0	0	0	0	0	0	0	0	0
0	0	0	0	1	1	0	1	1	0	1	0	0	0	1	1	0	1	0	0	0
1	0	1	1	0	0	0	0	1	1	0	0	0	0	1	0	0	1	0	1	0
0	0	1	0	0	0	0	0	0	0	0	0	0	0	0	0	0	1	0	0	0
0	0	0	0	0	1	0	1	0	0	0	0	0	0	1	0	0	0	0	1	0
1	0	0	0	0	0	0	0	0	0	0	0	0	0	0	1	0	1	0	0	0
1	1	1	1	0	1	0	1	0	1	1	0	1	0	0	1	0	1	0	1	1
0	0	0	1	1	1	0	1	0	1	0	0	0	1	1	0	0	1	1	0	0
1	0	0	0	0	0	0	0	0	0	0	0	0	0	0	0	0	0	0	0	0
0	0	0	1	0	1	1	1	0	1	1	1	0	1	1	1	0	0	0	1	0
0	0	0	0	0	0	0	0	0	0	0	0	0	0	0	1	0	0	0	1	0
1	0	0	1	1	1	1	1	0	0	1	0	1	0	1	0	0	1	1	0	0
0	0	0	0	0	0	0	0	0	0	0	0	0	0	1	0	0	0	0	0	0
DIFF_EDGE
0 0
CHROM_NUMBER
10
EOF
