TYPE : graph_{count}
DIMENSION: 21
EDGE_DATA_FORMAT: EDGE_LIST
EDGE_WEIGHT_TYPE: EXPLICIT
EDGE_WEIGHT_FORMAT: FULL_MATRIX
EDGE_DATA_SECTION
0 1
0 4
0 5
0 12
0 14
0 16
1 2
1 3
1 4
1 5
1 7
1 8
1 9
1 13
1 16
1 19
2 5
2 6
2 8
2 10
2 13
2 19
3 6
3 7
3 8
3 13
3 16
4 5
4 6
4 13
4 15
4 16
5 10
5 13
5 16
5 19
6 7
6 11
6 19
7 8
7 10
7 20
8 11
9 13
9 16
9 19
9 20
10 13
10 14
10 15
10 16
10 19
11 16
12 13
13 16
13 19
14 19
15 19
16 17
16 18
16 19
-1
EDGE_WEIGHT_SECTION
0	1	0	0	1	1	0	0	0	0	0	0	1	0	1	0	1	0	0	0	0
1	0	1	1	1	1	0	1	1	1	0	0	0	1	0	0	1	0	0	1	0
0	1	0	0	0	1	1	0	1	0	1	0	0	1	0	0	0	0	0	1	0
0	1	0	0	0	0	1	1	1	0	0	0	0	1	0	0	1	0	0	0	0
1	1	0	0	0	1	1	0	0	0	0	0	0	1	0	1	1	0	0	0	0
1	1	1	0	1	0	0	0	0	0	1	0	0	1	0	0	1	0	0	1	0
0	0	1	1	1	0	0	1	0	0	0	1	0	0	0	0	0	0	0	1	0
0	1	0	1	0	0	1	0	1	0	1	0	0	0	0	0	0	0	0	0	1
0	1	1	1	0	0	0	1	0	0	0	1	0	0	0	0	0	0	0	0	0
0	1	0	0	0	0	0	0	0	0	0	0	0	1	0	0	1	0	0	1	1
0	0	1	0	0	1	0	1	0	0	0	0	0	1	1	1	1	0	0	1	0
0	0	0	0	0	0	1	0	1	0	0	0	0	0	0	0	1	0	0	0	0
1	0	0	0	0	0	0	0	0	0	0	0	0	1	0	0	0	0	0	0	0
0	1	1	1	1	1	0	0	0	1	1	0	1	0	0	0	1	0	0	1	0
1	0	0	0	0	0	0	0	0	0	1	0	0	0	0	0	0	0	0	1	0
0	0	0	0	1	0	0	0	0	0	1	0	0	0	0	0	0	0	0	1	0
1	1	0	1	1	1	0	0	0	1	1	1	0	1	0	0	0	1	1	1	0
0	0	0	0	0	0	0	0	0	0	0	0	0	0	0	0	1	0	0	0	0
0	0	0	0	0	0	0	0	0	0	0	0	0	0	0	0	1	0	0	0	0
0	1	1	0	0	1	1	0	0	1	1	0	0	1	1	1	1	0	0	1	0
0	0	0	0	0	0	0	1	0	1	0	0	0	0	0	0	0	0	0	0	0
DIFF_EDGE
0 0
CHROM_NUMBER
8
EOF
