TYPE : graph_{count}
DIMENSION: 17
EDGE_DATA_FORMAT: EDGE_LIST
EDGE_WEIGHT_TYPE: EXPLICIT
EDGE_WEIGHT_FORMAT: FULL_MATRIX
EDGE_DATA_SECTION
0 3
0 4
0 7
0 13
1 2
1 4
1 5
1 8
2 3
2 4
2 5
2 6
2 8
2 11
2 12
2 14
3 4
3 5
3 6
3 13
3 14
4 5
4 6
4 8
4 9
4 13
4 14
5 6
5 7
5 9
5 10
5 13
5 14
6 7
6 13
6 14
6 15
7 12
7 14
7 16
8 9
8 10
9 10
10 15
11 13
12 13
13 14
-1
EDGE_WEIGHT_SECTION
0	0	0	1	1	0	0	1	0	0	0	0	0	1	0	0	0
0	0	1	0	1	1	0	0	1	0	0	0	0	0	0	0	0
0	1	0	1	1	1	1	0	1	0	0	1	1	0	1	0	0
1	0	1	0	1	1	1	0	0	0	0	0	0	1	1	0	0
1	1	1	1	0	1	1	0	1	1	0	0	0	1	1	0	0
0	1	1	1	1	0	1	1	0	1	1	0	0	1	1	0	0
0	0	1	1	1	1	0	1	0	0	0	0	0	1	1	1	0
1	0	0	0	0	1	1	0	0	0	0	0	1	0	1	0	1
0	1	1	0	1	0	0	0	0	1	1	0	0	0	0	0	0
0	0	0	0	1	1	0	0	1	0	1	0	0	0	0	0	0
0	0	0	0	0	1	0	0	1	1	0	0	0	0	0	1	0
0	0	1	0	0	0	0	0	0	0	0	0	0	1	0	0	0
0	0	1	0	0	0	0	1	0	0	0	0	0	1	0	0	0
1	0	0	1	1	1	1	0	0	0	0	1	1	0	1	0	0
0	0	1	1	1	1	1	1	0	0	0	0	0	1	0	0	0
0	0	0	0	0	0	1	0	0	0	1	0	0	0	0	0	0
0	0	0	0	0	0	0	1	0	0	0	0	0	0	0	0	0
DIFF_EDGE
0 0
CHROM_NUMBER
8
EOF
