TYPE : graph_{count}
DIMENSION: 17
EDGE_DATA_FORMAT: EDGE_LIST
EDGE_WEIGHT_TYPE: EXPLICIT
EDGE_WEIGHT_FORMAT: FULL_MATRIX
EDGE_DATA_SECTION
0 6
0 7
0 8
0 10
1 3
1 7
1 9
1 11
1 14
2 4
2 6
2 7
2 8
2 9
2 10
2 11
2 12
2 16
3 6
3 7
3 8
3 12
4 5
4 7
4 8
4 10
4 12
4 14
4 15
5 7
5 9
5 10
5 12
5 16
6 10
7 10
7 11
7 12
7 13
8 9
8 11
8 12
9 10
9 11
10 11
10 12
11 12
11 15
-1
EDGE_WEIGHT_SECTION
0	0	0	0	0	0	1	1	1	0	1	0	0	0	0	0	0
0	0	0	1	0	0	0	1	0	1	0	1	0	0	1	0	0
0	0	0	0	1	0	1	1	1	1	1	1	1	0	0	0	1
0	1	0	0	0	0	1	1	1	0	0	0	1	0	0	0	0
0	0	1	0	0	1	0	1	1	0	1	0	1	0	1	1	0
0	0	0	0	1	0	0	1	0	1	1	0	1	0	0	0	1
1	0	1	1	0	0	0	0	0	0	1	0	0	0	0	0	0
1	1	1	1	1	1	0	0	0	0	1	1	1	1	0	0	0
1	0	1	1	1	0	0	0	0	1	0	1	1	0	0	0	0
0	1	1	0	0	1	0	0	1	0	1	1	0	0	0	0	0
1	0	1	0	1	1	1	1	0	1	0	1	1	0	0	0	0
0	1	1	0	0	0	0	1	1	1	1	0	1	0	0	1	0
0	0	1	1	1	1	0	1	1	0	1	1	0	0	0	0	0
0	0	0	0	0	0	0	1	0	0	0	0	0	0	0	0	0
0	1	0	0	1	0	0	0	0	0	0	0	0	0	0	0	0
0	0	0	0	1	0	0	0	0	0	0	1	0	0	0	0	0
0	0	1	0	0	1	0	0	0	0	0	0	0	0	0	0	0
DIFF_EDGE
0 0
CHROM_NUMBER
9
EOF
