TYPE : graph_{count}
DIMENSION: 19
EDGE_DATA_FORMAT: EDGE_LIST
EDGE_WEIGHT_TYPE: EXPLICIT
EDGE_WEIGHT_FORMAT: FULL_MATRIX
EDGE_DATA_SECTION
0 1
0 2
0 3
0 6
0 7
0 8
0 14
0 18
1 5
1 8
1 10
1 12
1 16
1 17
1 18
2 3
2 5
2 7
2 9
2 15
2 16
2 17
2 18
3 4
3 5
3 10
3 12
3 13
4 5
4 6
4 10
4 12
4 13
4 16
4 18
5 6
5 7
5 8
5 10
5 12
5 13
5 16
5 17
5 18
6 7
6 8
6 10
6 13
6 17
6 18
7 9
7 10
7 12
7 13
7 16
7 17
7 18
8 12
9 10
9 13
9 18
10 12
10 13
10 16
10 17
10 18
11 13
11 15
11 16
11 18
12 13
12 16
12 17
12 18
13 14
13 16
13 17
13 18
14 17
15 16
16 17
16 18
17 18
-1
EDGE_WEIGHT_SECTION
0	1	1	1	0	0	1	1	1	0	0	0	0	0	1	0	0	0	1
1	0	0	0	0	1	0	0	1	0	1	0	1	0	0	0	1	1	1
1	0	0	1	0	1	0	1	0	1	0	0	0	0	0	1	1	1	1
1	0	1	0	1	1	0	0	0	0	1	0	1	1	0	0	0	0	0
0	0	0	1	0	1	1	0	0	0	1	0	1	1	0	0	1	0	1
0	1	1	1	1	0	1	1	1	0	1	0	1	1	0	0	1	1	1
1	0	0	0	1	1	0	1	1	0	1	0	0	1	0	0	0	1	1
1	0	1	0	0	1	1	0	0	1	1	0	1	1	0	0	1	1	1
1	1	0	0	0	1	1	0	0	0	0	0	1	0	0	0	0	0	0
0	0	1	0	0	0	0	1	0	0	1	0	0	1	0	0	0	0	1
0	1	0	1	1	1	1	1	0	1	0	0	1	1	0	0	1	1	1
0	0	0	0	0	0	0	0	0	0	0	0	0	1	0	1	1	0	1
0	1	0	1	1	1	0	1	1	0	1	0	0	1	0	0	1	1	1
0	0	0	1	1	1	1	1	0	1	1	1	1	1	1	0	1	1	1
1	0	0	0	0	0	0	0	0	0	0	0	0	1	0	0	0	1	0
0	0	1	0	0	0	0	0	0	0	0	1	0	0	0	0	1	0	0
0	1	1	0	1	1	0	1	0	0	1	1	1	1	0	1	0	1	1
0	1	1	0	0	1	1	1	0	0	1	0	1	1	1	0	1	0	1
1	1	1	0	1	1	1	1	0	1	1	1	1	1	0	0	1	1	0
DIFF_EDGE
0 0
CHROM_NUMBER
11
EOF
