TYPE : graph_{count}
DIMENSION: 16
EDGE_DATA_FORMAT: EDGE_LIST
EDGE_WEIGHT_TYPE: EXPLICIT
EDGE_WEIGHT_FORMAT: FULL_MATRIX
EDGE_DATA_SECTION
0 1
0 4
0 8
0 9
1 2
1 3
1 6
1 7
1 8
1 11
1 12
1 13
2 3
2 5
2 8
2 9
2 10
2 11
2 12
3 6
3 7
3 10
3 15
4 5
4 6
4 7
4 9
4 11
4 12
5 7
5 9
5 12
5 13
5 14
6 7
6 9
6 11
6 12
6 13
7 9
7 11
7 12
7 13
8 12
9 11
9 12
9 13
10 12
11 12
11 13
12 13
13 15
-1
EDGE_WEIGHT_SECTION
0	1	0	0	1	0	0	0	1	1	0	0	0	0	0	0
1	0	1	1	0	0	1	1	1	0	0	1	1	1	0	0
0	1	0	1	0	1	0	0	1	1	1	1	1	0	0	0
0	1	1	0	0	0	1	1	0	0	1	0	0	0	0	1
1	0	0	0	0	1	1	1	0	1	0	1	1	0	0	0
0	0	1	0	1	0	0	1	0	1	0	0	1	1	1	0
0	1	0	1	1	0	0	1	0	1	0	1	1	1	0	0
0	1	0	1	1	1	1	0	0	1	0	1	1	1	0	0
1	1	1	0	0	0	0	0	0	0	0	0	1	0	0	0
1	0	1	0	1	1	1	1	0	0	0	1	1	1	0	0
0	0	1	1	0	0	0	0	0	0	0	0	1	0	0	0
0	1	1	0	1	0	1	1	0	1	0	1	1	1	0	0
0	1	1	0	1	1	1	1	1	1	1	1	0	1	0	0
0	1	0	0	0	1	1	1	0	1	0	1	1	0	0	1
0	0	0	0	0	1	0	0	0	0	0	0	0	0	0	0
0	0	0	1	0	0	0	0	0	0	0	0	0	1	0	0
DIFF_EDGE
0 0
CHROM_NUMBER
9
EOF
