TYPE : graph_{count}
DIMENSION: 19
EDGE_DATA_FORMAT: EDGE_LIST
EDGE_WEIGHT_TYPE: EXPLICIT
EDGE_WEIGHT_FORMAT: FULL_MATRIX
EDGE_DATA_SECTION
0 2
0 5
0 6
0 7
0 9
0 14
0 15
0 16
0 18
1 2
1 5
1 9
1 13
2 4
2 5
2 6
3 7
4 5
4 8
4 15
5 6
5 7
5 12
5 15
6 11
7 8
7 9
7 15
8 9
8 14
8 15
9 10
9 12
9 15
10 11
13 16
13 18
15 17
-1
EDGE_WEIGHT_SECTION
0	0	1	0	0	1	1	1	0	1	0	0	0	0	1	1	1	0	1
0	0	1	0	0	1	0	0	0	1	0	0	0	1	0	0	0	0	0
1	1	0	0	1	1	1	0	0	0	0	0	0	0	0	0	0	0	0
0	0	0	0	0	0	0	1	0	0	0	0	0	0	0	0	0	0	0
0	0	1	0	0	1	0	0	1	0	0	0	0	0	0	1	0	0	0
1	1	1	0	1	0	1	1	0	0	0	0	1	0	0	1	0	0	0
1	0	1	0	0	1	0	0	0	0	0	1	0	0	0	0	0	0	0
1	0	0	1	0	1	0	0	1	1	0	0	0	0	0	1	0	0	0
0	0	0	0	1	0	0	1	0	1	0	0	0	0	1	1	0	0	0
1	1	0	0	0	0	0	1	1	0	1	0	1	0	0	1	0	0	0
0	0	0	0	0	0	0	0	0	1	0	1	0	0	0	0	0	0	0
0	0	0	0	0	0	1	0	0	0	1	0	0	0	0	0	0	0	0
0	0	0	0	0	1	0	0	0	1	0	0	0	0	0	0	0	0	0
0	1	0	0	0	0	0	0	0	0	0	0	0	0	0	0	1	0	1
1	0	0	0	0	0	0	0	1	0	0	0	0	0	0	0	0	0	0
1	0	0	0	1	1	0	1	1	1	0	0	0	0	0	0	0	1	0
1	0	0	0	0	0	0	0	0	0	0	0	0	1	0	0	0	0	0
0	0	0	0	0	0	0	0	0	0	0	0	0	0	0	1	0	0	0
1	0	0	0	0	0	0	0	0	0	0	0	0	1	0	0	0	0	0
DIFF_EDGE
0 0
CHROM_NUMBER
6
EOF
