TYPE : graph_{count}
DIMENSION: 21
EDGE_DATA_FORMAT: EDGE_LIST
EDGE_WEIGHT_TYPE: EXPLICIT
EDGE_WEIGHT_FORMAT: FULL_MATRIX
EDGE_DATA_SECTION
0 3
0 4
0 6
0 7
0 11
0 12
0 13
0 15
0 17
0 20
1 5
1 9
1 12
1 13
1 16
1 20
2 4
2 6
2 7
2 13
2 15
2 20
3 4
3 5
3 7
3 9
3 11
3 12
3 13
3 15
3 17
3 20
4 7
4 11
4 15
4 16
5 8
5 9
5 10
5 12
5 13
6 7
6 8
6 10
6 11
6 12
6 15
6 17
7 11
7 12
7 15
7 17
7 18
7 19
7 20
8 13
8 15
8 17
8 20
9 12
9 15
10 13
10 15
10 20
11 12
11 13
11 15
11 17
11 20
12 13
12 14
12 17
13 15
13 17
13 19
13 20
14 15
14 20
15 17
15 20
16 17
17 20
19 20
-1
EDGE_WEIGHT_SECTION
0	0	0	1	1	0	1	1	0	0	0	1	1	1	0	1	0	1	0	0	1
0	0	0	0	0	1	0	0	0	1	0	0	1	1	0	0	1	0	0	0	1
0	0	0	0	1	0	1	1	0	0	0	0	0	1	0	1	0	0	0	0	1
1	0	0	0	1	1	0	1	0	1	0	1	1	1	0	1	0	1	0	0	1
1	0	1	1	0	0	0	1	0	0	0	1	0	0	0	1	1	0	0	0	0
0	1	0	1	0	0	0	0	1	1	1	0	1	1	0	0	0	0	0	0	0
1	0	1	0	0	0	0	1	1	0	1	1	1	0	0	1	0	1	0	0	0
1	0	1	1	1	0	1	0	0	0	0	1	1	0	0	1	0	1	1	1	1
0	0	0	0	0	1	1	0	0	0	0	0	0	1	0	1	0	1	0	0	1
0	1	0	1	0	1	0	0	0	0	0	0	1	0	0	1	0	0	0	0	0
0	0	0	0	0	1	1	0	0	0	0	0	0	1	0	1	0	0	0	0	1
1	0	0	1	1	0	1	1	0	0	0	0	1	1	0	1	0	1	0	0	1
1	1	0	1	0	1	1	1	0	1	0	1	0	1	1	0	0	1	0	0	0
1	1	1	1	0	1	0	0	1	0	1	1	1	0	0	1	0	1	0	1	1
0	0	0	0	0	0	0	0	0	0	0	0	1	0	0	1	0	0	0	0	1
1	0	1	1	1	0	1	1	1	1	1	1	0	1	1	0	0	1	0	0	1
0	1	0	0	1	0	0	0	0	0	0	0	0	0	0	0	0	1	0	0	0
1	0	0	1	0	0	1	1	1	0	0	1	1	1	0	1	1	0	0	0	1
0	0	0	0	0	0	0	1	0	0	0	0	0	0	0	0	0	0	0	0	0
0	0	0	0	0	0	0	1	0	0	0	0	0	1	0	0	0	0	0	0	1
1	1	1	1	0	0	0	1	1	0	1	1	0	1	1	1	0	1	0	1	1
DIFF_EDGE
0 0
CHROM_NUMBER
11
EOF
