TYPE : graph_{count}
DIMENSION: 18
EDGE_DATA_FORMAT: EDGE_LIST
EDGE_WEIGHT_TYPE: EXPLICIT
EDGE_WEIGHT_FORMAT: FULL_MATRIX
EDGE_DATA_SECTION
0 1
0 7
0 8
0 9
0 12
1 3
1 4
1 5
1 6
1 8
1 9
1 14
1 16
1 17
2 3
2 4
2 5
2 9
3 4
3 5
3 9
3 12
3 13
3 17
4 7
4 8
4 10
5 6
5 10
5 16
6 7
6 13
6 16
7 9
7 10
7 14
7 16
7 17
8 9
8 11
8 16
8 17
9 15
9 17
10 16
10 17
12 16
12 17
13 16
13 17
14 17
15 16
16 17
-1
EDGE_WEIGHT_SECTION
0	1	0	0	0	0	0	1	1	1	0	0	1	0	0	0	0	0
1	0	0	1	1	1	1	0	1	1	0	0	0	0	1	0	1	1
0	0	0	1	1	1	0	0	0	1	0	0	0	0	0	0	0	0
0	1	1	0	1	1	0	0	0	1	0	0	1	1	0	0	0	1
0	1	1	1	0	0	0	1	1	0	1	0	0	0	0	0	0	0
0	1	1	1	0	0	1	0	0	0	1	0	0	0	0	0	1	0
0	1	0	0	0	1	0	1	0	0	0	0	0	1	0	0	1	0
1	0	0	0	1	0	1	0	0	1	1	0	0	0	1	0	1	1
1	1	0	0	1	0	0	0	0	1	0	1	0	0	0	0	1	1
1	1	1	1	0	0	0	1	1	0	0	0	0	0	0	1	0	1
0	0	0	0	1	1	0	1	0	0	0	0	0	0	0	0	1	1
0	0	0	0	0	0	0	0	1	0	0	0	0	0	0	0	0	0
1	0	0	1	0	0	0	0	0	0	0	0	0	0	0	0	1	1
0	0	0	1	0	0	1	0	0	0	0	0	0	0	0	0	1	1
0	1	0	0	0	0	0	1	0	0	0	0	0	0	0	0	0	1
0	0	0	0	0	0	0	0	0	1	0	0	0	0	0	0	1	0
0	1	0	0	0	1	1	1	1	0	1	0	1	1	0	1	1	1
0	1	0	1	0	0	0	1	1	1	1	0	1	1	1	0	1	0
DIFF_EDGE
0 0
CHROM_NUMBER
8
EOF
