TYPE : graph_{count}
DIMENSION: 21
EDGE_DATA_FORMAT: EDGE_LIST
EDGE_WEIGHT_TYPE: EXPLICIT
EDGE_WEIGHT_FORMAT: FULL_MATRIX
EDGE_DATA_SECTION
0 3
0 8
0 13
1 2
1 3
1 4
1 5
1 6
1 9
1 15
1 18
2 3
2 4
2 7
2 8
2 14
2 18
2 20
3 6
3 10
3 14
3 18
4 6
4 7
4 8
4 12
4 14
4 18
4 20
5 6
5 8
5 9
5 14
5 16
6 8
6 10
6 13
6 19
6 20
7 9
7 18
7 20
8 9
8 11
8 18
8 20
9 14
9 17
9 18
9 19
9 20
12 20
13 14
14 15
14 18
14 20
15 20
18 20
-1
EDGE_WEIGHT_SECTION
0	0	0	1	0	0	0	0	1	0	0	0	0	1	0	0	0	0	0	0	0
0	0	1	1	1	1	1	0	0	1	0	0	0	0	0	1	0	0	1	0	0
0	1	0	1	1	0	0	1	1	0	0	0	0	0	1	0	0	0	1	0	1
1	1	1	0	0	0	1	0	0	0	1	0	0	0	1	0	0	0	1	0	0
0	1	1	0	0	0	1	1	1	0	0	0	1	0	1	0	0	0	1	0	1
0	1	0	0	0	0	1	0	1	1	0	0	0	0	1	0	1	0	0	0	0
0	1	0	1	1	1	0	0	1	0	1	0	0	1	0	0	0	0	0	1	1
0	0	1	0	1	0	0	0	0	1	0	0	0	0	0	0	0	0	1	0	1
1	0	1	0	1	1	1	0	0	1	0	1	0	0	0	0	0	0	1	0	1
0	1	0	0	0	1	0	1	1	0	0	0	0	0	1	0	0	1	1	1	1
0	0	0	1	0	0	1	0	0	0	0	0	0	0	0	0	0	0	0	0	0
0	0	0	0	0	0	0	0	1	0	0	0	0	0	0	0	0	0	0	0	0
0	0	0	0	1	0	0	0	0	0	0	0	0	0	0	0	0	0	0	0	1
1	0	0	0	0	0	1	0	0	0	0	0	0	0	1	0	0	0	0	0	0
0	0	1	1	1	1	0	0	0	1	0	0	0	1	1	1	0	0	1	0	1
0	1	0	0	0	0	0	0	0	0	0	0	0	0	1	0	0	0	0	0	1
0	0	0	0	0	1	0	0	0	0	0	0	0	0	0	0	0	0	0	0	0
0	0	0	0	0	0	0	0	0	1	0	0	0	0	0	0	0	0	0	0	0
0	1	1	1	1	0	0	1	1	1	0	0	0	0	1	0	0	0	0	0	1
0	0	0	0	0	0	1	0	0	1	0	0	0	0	0	0	0	0	0	0	0
0	0	1	0	1	0	1	1	1	1	0	0	1	0	1	1	0	0	1	0	0
DIFF_EDGE
0 0
CHROM_NUMBER
9
EOF
