TYPE : graph_{count}
DIMENSION: 19
EDGE_DATA_FORMAT: EDGE_LIST
EDGE_WEIGHT_TYPE: EXPLICIT
EDGE_WEIGHT_FORMAT: FULL_MATRIX
EDGE_DATA_SECTION
0 2
0 3
0 9
0 13
0 16
0 17
1 2
1 3
1 4
1 5
1 6
1 7
1 8
1 10
1 13
1 17
2 5
2 8
2 12
2 17
3 4
3 11
3 13
3 15
4 8
4 9
4 10
4 17
5 7
5 13
6 10
6 16
6 17
7 9
7 13
7 15
8 9
8 10
8 13
8 14
9 10
9 11
9 13
9 17
10 13
11 13
11 17
12 13
12 17
13 17
13 18
14 17
-1
EDGE_WEIGHT_SECTION
0	0	1	1	0	0	0	0	0	1	0	0	0	1	0	0	1	1	0
0	0	1	1	1	1	1	1	1	0	1	0	0	1	0	0	0	1	0
1	1	0	0	0	1	0	0	1	0	0	0	1	0	0	0	0	1	0
1	1	0	0	1	0	0	0	0	0	0	1	0	1	0	1	0	0	0
0	1	0	1	0	0	0	0	1	1	1	0	0	0	0	0	0	1	0
0	1	1	0	0	0	0	1	0	0	0	0	0	1	0	0	0	0	0
0	1	0	0	0	0	0	0	0	0	1	0	0	0	0	0	1	1	0
0	1	0	0	0	1	0	0	0	1	0	0	0	1	0	1	0	0	0
0	1	1	0	1	0	0	0	0	1	1	0	0	1	1	0	0	0	0
1	0	0	0	1	0	0	1	1	0	1	1	0	1	0	0	0	1	0
0	1	0	0	1	0	1	0	1	1	0	0	0	1	0	0	0	0	0
0	0	0	1	0	0	0	0	0	1	0	0	0	1	0	0	0	1	0
0	0	1	0	0	0	0	0	0	0	0	0	0	1	0	0	0	1	0
1	1	0	1	0	1	0	1	1	1	1	1	1	0	0	0	0	1	1
0	0	0	0	0	0	0	0	1	0	0	0	0	0	0	0	0	1	0
0	0	0	1	0	0	0	1	0	0	0	0	0	0	0	0	0	0	0
1	0	0	0	0	0	1	0	0	0	0	0	0	0	0	0	0	0	0
1	1	1	0	1	0	1	0	0	1	0	1	1	1	1	0	0	0	0
0	0	0	0	0	0	0	0	0	0	0	0	0	1	0	0	0	0	0
DIFF_EDGE
0 0
CHROM_NUMBER
8
EOF
