TYPE : graph_{count}
DIMENSION: 16
EDGE_DATA_FORMAT: EDGE_LIST
EDGE_WEIGHT_TYPE: EXPLICIT
EDGE_WEIGHT_FORMAT: FULL_MATRIX
EDGE_DATA_SECTION
0 2
0 5
0 6
0 9
0 12
0 15
1 2
1 11
2 3
2 5
2 6
2 7
2 8
2 9
2 11
2 14
3 4
3 5
3 6
3 9
3 11
4 8
4 10
5 6
5 10
6 7
6 8
6 9
6 10
6 13
7 8
7 10
8 10
9 11
11 13
11 15
-1
EDGE_WEIGHT_SECTION
0	0	1	0	0	1	1	0	0	1	0	0	1	0	0	1
0	0	1	0	0	0	0	0	0	0	0	1	0	0	0	0
1	1	0	1	0	1	1	1	1	1	0	1	0	0	1	0
0	0	1	0	1	1	1	0	0	1	0	1	0	0	0	0
0	0	0	1	0	0	0	0	1	0	1	0	0	0	0	0
1	0	1	1	0	0	1	0	0	0	1	0	0	0	0	0
1	0	1	1	0	1	0	1	1	1	1	0	0	1	0	0
0	0	1	0	0	0	1	0	1	0	1	0	0	0	0	0
0	0	1	0	1	0	1	1	0	0	1	0	0	0	0	0
1	0	1	1	0	0	1	0	0	0	0	1	0	0	0	0
0	0	0	0	1	1	1	1	1	0	0	0	0	0	0	0
0	1	1	1	0	0	0	0	0	1	0	0	0	1	0	1
1	0	0	0	0	0	0	0	0	0	0	0	0	0	0	0
0	0	0	0	0	0	1	0	0	0	0	1	0	0	0	0
0	0	1	0	0	0	0	0	0	0	0	0	0	0	0	0
1	0	0	0	0	0	0	0	0	0	0	1	0	0	0	0
DIFF_EDGE
0 0
CHROM_NUMBER
6
EOF
