TYPE : graph_{count}
DIMENSION: 17
EDGE_DATA_FORMAT: EDGE_LIST
EDGE_WEIGHT_TYPE: EXPLICIT
EDGE_WEIGHT_FORMAT: FULL_MATRIX
EDGE_DATA_SECTION
0 3
0 4
0 5
0 6
0 8
0 10
0 11
0 15
0 16
1 5
1 10
1 11
1 15
1 16
2 5
2 6
2 8
2 11
2 15
3 7
3 10
3 11
3 15
3 16
4 8
4 9
4 11
4 14
4 15
4 16
5 6
5 7
5 8
5 12
5 15
6 7
6 9
6 11
6 16
7 8
7 10
8 11
9 10
9 11
9 16
10 11
10 15
11 13
11 16
13 15
13 16
15 16
-1
EDGE_WEIGHT_SECTION
0	0	0	1	1	1	1	0	1	0	1	1	0	0	0	1	1
0	0	0	0	0	1	0	0	0	0	1	1	0	0	0	1	1
0	0	0	0	0	1	1	0	1	0	0	1	0	0	0	1	0
1	0	0	0	0	0	0	1	0	0	1	1	0	0	0	1	1
1	0	0	0	0	0	0	0	1	1	0	1	0	0	1	1	1
1	1	1	0	0	0	1	1	1	0	0	0	1	0	0	1	0
1	0	1	0	0	1	0	1	0	1	0	1	0	0	0	0	1
0	0	0	1	0	1	1	0	1	0	1	0	0	0	0	0	0
1	0	1	0	1	1	0	1	0	0	0	1	0	0	0	0	0
0	0	0	0	1	0	1	0	0	0	1	1	0	0	0	0	1
1	1	0	1	0	0	0	1	0	1	0	1	0	0	0	1	0
1	1	1	1	1	0	1	0	1	1	1	1	0	1	0	0	1
0	0	0	0	0	1	0	0	0	0	0	0	0	0	0	0	0
0	0	0	0	0	0	0	0	0	0	0	1	0	0	0	1	1
0	0	0	0	1	0	0	0	0	0	0	0	0	0	0	0	0
1	1	1	1	1	1	0	0	0	0	1	0	0	1	0	1	1
1	1	0	1	1	0	1	0	0	1	0	1	0	1	0	1	0
DIFF_EDGE
0 0
CHROM_NUMBER
9
EOF
