TYPE : graph_{count}
DIMENSION: 19
EDGE_DATA_FORMAT: EDGE_LIST
EDGE_WEIGHT_TYPE: EXPLICIT
EDGE_WEIGHT_FORMAT: FULL_MATRIX
EDGE_DATA_SECTION
0 1
0 2
0 3
0 5
0 7
0 8
0 9
0 10
0 14
0 17
1 2
1 3
1 4
1 5
1 8
1 9
1 10
1 13
1 17
2 4
2 5
2 6
2 7
2 9
2 17
3 4
3 6
3 10
3 12
3 14
3 16
3 17
4 5
4 6
4 11
4 14
5 6
5 7
5 8
5 10
5 14
5 16
5 17
6 13
6 14
6 17
6 18
7 8
7 9
7 10
7 17
8 9
8 14
9 14
9 17
11 14
11 17
12 17
13 14
14 15
14 17
15 17
-1
EDGE_WEIGHT_SECTION
0	1	1	1	0	1	0	1	1	1	1	0	0	0	1	0	0	1	0
1	0	1	1	1	1	0	0	1	1	1	0	0	1	0	0	0	1	0
1	1	0	0	1	1	1	1	0	1	0	0	0	0	0	0	0	1	0
1	1	0	0	1	0	1	0	0	0	1	0	1	0	1	0	1	1	0
0	1	1	1	0	1	1	0	0	0	0	1	0	0	1	0	0	0	0
1	1	1	0	1	0	1	1	1	0	1	0	0	0	1	0	1	1	0
0	0	1	1	1	1	0	0	0	0	0	0	0	1	1	0	0	1	1
1	0	1	0	0	1	0	0	1	1	1	0	0	0	0	0	0	1	0
1	1	0	0	0	1	0	1	0	1	0	0	0	0	1	0	0	0	0
1	1	1	0	0	0	0	1	1	0	0	0	0	0	1	0	0	1	0
1	1	0	1	0	1	0	1	0	0	0	0	0	0	0	0	0	0	0
0	0	0	0	1	0	0	0	0	0	0	0	0	0	1	0	0	1	0
0	0	0	1	0	0	0	0	0	0	0	0	0	0	0	0	0	1	0
0	1	0	0	0	0	1	0	0	0	0	0	0	0	1	0	0	0	0
1	0	0	1	1	1	1	0	1	1	0	1	0	1	1	1	0	1	0
0	0	0	0	0	0	0	0	0	0	0	0	0	0	1	0	0	1	0
0	0	0	1	0	1	0	0	0	0	0	0	0	0	0	0	0	0	0
1	1	1	1	0	1	1	1	0	1	0	1	1	0	1	1	0	1	0
0	0	0	0	0	0	1	0	0	0	0	0	0	0	0	0	0	0	0
DIFF_EDGE
0 0
CHROM_NUMBER
8
EOF
