TYPE : graph_{count}
DIMENSION: 21
EDGE_DATA_FORMAT: EDGE_LIST
EDGE_WEIGHT_TYPE: EXPLICIT
EDGE_WEIGHT_FORMAT: FULL_MATRIX
EDGE_DATA_SECTION
0 2
0 3
0 4
0 7
0 18
1 4
1 5
1 6
1 8
1 9
1 10
1 13
1 17
2 5
2 7
3 4
3 5
3 10
3 14
4 8
4 10
4 17
5 8
5 18
6 8
6 10
6 16
6 20
7 14
8 9
9 15
9 16
10 12
10 17
11 13
12 15
12 17
15 19
16 17
17 20
-1
EDGE_WEIGHT_SECTION
0	0	1	1	1	0	0	1	0	0	0	0	0	0	0	0	0	0	1	0	0
0	0	0	0	1	1	1	0	1	1	1	0	0	1	0	0	0	1	0	0	0
1	0	0	0	0	1	0	1	0	0	0	0	0	0	0	0	0	0	0	0	0
1	0	0	0	1	1	0	0	0	0	1	0	0	0	1	0	0	0	0	0	0
1	1	0	1	0	0	0	0	1	0	1	0	0	0	0	0	0	1	0	0	0
0	1	1	1	0	0	0	0	1	0	0	0	0	0	0	0	0	0	1	0	0
0	1	0	0	0	0	0	0	1	0	1	0	0	0	0	0	1	0	0	0	1
1	0	1	0	0	0	0	0	0	0	0	0	0	0	1	0	0	0	0	0	0
0	1	0	0	1	1	1	0	0	1	0	0	0	0	0	0	0	0	0	0	0
0	1	0	0	0	0	0	0	1	0	0	0	0	0	0	1	1	0	0	0	0
0	1	0	1	1	0	1	0	0	0	0	0	1	0	0	0	0	1	0	0	0
0	0	0	0	0	0	0	0	0	0	0	0	0	1	0	0	0	0	0	0	0
0	0	0	0	0	0	0	0	0	0	1	0	0	0	0	1	0	1	0	0	0
0	1	0	0	0	0	0	0	0	0	0	1	0	0	0	0	0	0	0	0	0
0	0	0	1	0	0	0	1	0	0	0	0	0	0	0	0	0	0	0	0	0
0	0	0	0	0	0	0	0	0	1	0	0	1	0	0	0	0	0	0	1	0
0	0	0	0	0	0	1	0	0	1	0	0	0	0	0	0	0	1	0	0	0
0	1	0	0	1	0	0	0	0	0	1	0	1	0	0	0	1	0	0	0	1
1	0	0	0	0	1	0	0	0	0	0	0	0	0	0	0	0	0	0	0	0
0	0	0	0	0	0	0	0	0	0	0	0	0	0	0	1	0	0	0	0	0
0	0	0	0	0	0	1	0	0	0	0	0	0	0	0	0	0	1	0	0	0
DIFF_EDGE
0 0
CHROM_NUMBER
6
EOF
