TYPE : graph_{count}
DIMENSION: 17
EDGE_DATA_FORMAT: EDGE_LIST
EDGE_WEIGHT_TYPE: EXPLICIT
EDGE_WEIGHT_FORMAT: FULL_MATRIX
EDGE_DATA_SECTION
0 2
0 3
0 9
1 5
1 6
1 7
1 8
1 9
1 12
1 13
1 14
1 15
2 3
2 7
2 9
2 10
2 12
3 4
3 8
3 9
3 13
3 15
4 6
4 8
4 9
4 10
4 13
4 14
5 8
5 10
5 12
5 13
5 14
5 15
6 7
6 8
6 10
6 12
6 13
6 14
6 15
6 16
7 9
7 10
7 13
7 14
8 10
8 11
8 12
8 13
8 15
9 11
9 12
9 14
9 15
10 15
11 13
11 14
12 13
12 14
12 15
13 14
13 15
14 15
-1
EDGE_WEIGHT_SECTION
0	0	1	1	0	0	0	0	0	1	0	0	0	0	0	0	0
0	0	0	0	0	1	1	1	1	1	0	0	1	1	1	1	0
1	0	0	1	0	0	0	1	0	1	1	0	1	0	0	0	0
1	0	1	0	1	0	0	0	1	1	0	0	0	1	0	1	0
0	0	0	1	0	0	1	0	1	1	1	0	0	1	1	0	0
0	1	0	0	0	0	0	0	1	0	1	0	1	1	1	1	0
0	1	0	0	1	0	0	1	1	0	1	0	1	1	1	1	1
0	1	1	0	0	0	1	0	0	1	1	0	0	1	1	0	0
0	1	0	1	1	1	1	0	0	0	1	1	1	1	0	1	0
1	1	1	1	1	0	0	1	0	0	0	1	1	0	1	1	0
0	0	1	0	1	1	1	1	1	0	0	0	0	0	0	1	0
0	0	0	0	0	0	0	0	1	1	0	0	0	1	1	0	0
0	1	1	0	0	1	1	0	1	1	0	0	0	1	1	1	0
0	1	0	1	1	1	1	1	1	0	0	1	1	0	1	1	0
0	1	0	0	1	1	1	1	0	1	0	1	1	1	0	1	0
0	1	0	1	0	1	1	0	1	1	1	0	1	1	1	0	0
0	0	0	0	0	0	1	0	0	0	0	0	0	0	0	0	0
DIFF_EDGE
0 0
CHROM_NUMBER
10
EOF
