TYPE : graph_{count}
DIMENSION: 17
EDGE_DATA_FORMAT: EDGE_LIST
EDGE_WEIGHT_TYPE: EXPLICIT
EDGE_WEIGHT_FORMAT: FULL_MATRIX
EDGE_DATA_SECTION
0 4
0 10
0 14
0 15
0 16
1 3
1 9
1 10
1 14
1 15
2 3
2 4
2 5
2 6
2 8
2 9
2 15
2 16
3 5
3 6
3 7
3 8
3 9
3 11
3 15
4 5
4 6
4 8
4 9
4 10
4 15
5 6
5 8
5 9
5 10
5 12
6 9
6 13
6 15
7 8
7 10
8 15
9 15
10 11
10 15
11 15
12 15
-1
EDGE_WEIGHT_SECTION
0	0	0	0	1	0	0	0	0	0	1	0	0	0	1	1	1
0	0	0	1	0	0	0	0	0	1	1	0	0	0	1	1	0
0	0	0	1	1	1	1	0	1	1	0	0	0	0	0	1	1
0	1	1	0	0	1	1	1	1	1	0	1	0	0	0	1	0
1	0	1	0	0	1	1	0	1	1	1	0	0	0	0	1	0
0	0	1	1	1	0	1	0	1	1	1	0	1	0	0	0	0
0	0	1	1	1	1	0	0	0	1	0	0	0	1	0	1	0
0	0	0	1	0	0	0	0	1	0	1	0	0	0	0	0	0
0	0	1	1	1	1	0	1	0	0	0	0	0	0	0	1	0
0	1	1	1	1	1	1	0	0	0	0	0	0	0	0	1	0
1	1	0	0	1	1	0	1	0	0	0	1	0	0	0	1	0
0	0	0	1	0	0	0	0	0	0	1	0	0	0	0	1	0
0	0	0	0	0	1	0	0	0	0	0	0	0	0	0	1	0
0	0	0	0	0	0	1	0	0	0	0	0	0	0	0	0	0
1	1	0	0	0	0	0	0	0	0	0	0	0	0	0	0	0
1	1	1	1	1	0	1	0	1	1	1	1	1	0	0	0	0
1	0	1	0	0	0	0	0	0	0	0	0	0	0	0	0	0
DIFF_EDGE
0 0
CHROM_NUMBER
7
EOF
