TYPE : graph_{count}
DIMENSION: 21
EDGE_DATA_FORMAT: EDGE_LIST
EDGE_WEIGHT_TYPE: EXPLICIT
EDGE_WEIGHT_FORMAT: FULL_MATRIX
EDGE_DATA_SECTION
0 3
0 4
0 6
0 7
0 15
0 16
0 17
1 12
1 14
1 15
2 4
2 9
3 4
3 6
3 11
3 15
3 16
4 9
4 10
4 13
4 18
5 7
5 10
5 14
6 7
6 10
6 16
7 8
7 9
7 10
7 12
7 16
8 9
8 16
9 15
10 15
10 16
11 16
11 19
12 16
13 15
13 16
13 20
14 16
15 16
-1
EDGE_WEIGHT_SECTION
0	0	0	1	1	0	1	1	0	0	0	0	0	0	0	1	1	1	0	0	0
0	0	0	0	0	0	0	0	0	0	0	0	1	0	1	1	0	0	0	0	0
0	0	0	0	1	0	0	0	0	1	0	0	0	0	0	0	0	0	0	0	0
1	0	0	0	1	0	1	0	0	0	0	1	0	0	0	1	1	0	0	0	0
1	0	1	1	0	0	0	0	0	1	1	0	0	1	0	0	0	0	1	0	0
0	0	0	0	0	0	0	1	0	0	1	0	0	0	1	0	0	0	0	0	0
1	0	0	1	0	0	0	1	0	0	1	0	0	0	0	0	1	0	0	0	0
1	0	0	0	0	1	1	0	1	1	1	0	1	0	0	0	1	0	0	0	0
0	0	0	0	0	0	0	1	0	1	0	0	0	0	0	0	1	0	0	0	0
0	0	1	0	1	0	0	1	1	0	0	0	0	0	0	1	0	0	0	0	0
0	0	0	0	1	1	1	1	0	0	0	0	0	0	0	1	1	0	0	0	0
0	0	0	1	0	0	0	0	0	0	0	0	0	0	0	0	1	0	0	1	0
0	1	0	0	0	0	0	1	0	0	0	0	0	0	0	0	1	0	0	0	0
0	0	0	0	1	0	0	0	0	0	0	0	0	0	0	1	1	0	0	0	1
0	1	0	0	0	1	0	0	0	0	0	0	0	0	0	0	1	0	0	0	0
1	1	0	1	0	0	0	0	0	1	1	0	0	1	0	0	1	0	0	0	0
1	0	0	1	0	0	1	1	1	0	1	1	1	1	1	1	0	0	0	0	0
1	0	0	0	0	0	0	0	0	0	0	0	0	0	0	0	0	0	0	0	0
0	0	0	0	1	0	0	0	0	0	0	0	0	0	0	0	0	0	0	0	0
0	0	0	0	0	0	0	0	0	0	0	1	0	0	0	0	0	0	0	0	0
0	0	0	0	0	0	0	0	0	0	0	0	0	1	0	0	0	0	0	0	0
DIFF_EDGE
0 0
CHROM_NUMBER
6
EOF
