TYPE : graph_{count}
DIMENSION: 16
EDGE_DATA_FORMAT: EDGE_LIST
EDGE_WEIGHT_TYPE: EXPLICIT
EDGE_WEIGHT_FORMAT: FULL_MATRIX
EDGE_DATA_SECTION
0 1
0 3
0 4
0 5
0 6
0 9
0 10
0 13
0 15
1 6
1 8
1 10
2 4
2 8
2 9
2 10
2 13
3 6
3 7
3 9
3 10
3 15
4 6
4 9
4 10
4 11
4 15
5 9
6 8
6 10
6 12
6 13
6 15
8 13
8 14
8 15
9 13
10 13
10 15
11 13
11 15
12 13
13 15
-1
EDGE_WEIGHT_SECTION
0	1	0	1	1	1	1	0	0	1	1	0	0	1	0	1
1	0	0	0	0	0	1	0	1	0	1	0	0	0	0	0
0	0	0	0	1	0	0	0	1	1	1	0	0	1	0	0
1	0	0	0	0	0	1	1	0	1	1	0	0	0	0	1
1	0	1	0	0	0	1	0	0	1	1	1	0	0	0	1
1	0	0	0	0	0	0	0	0	1	0	0	0	0	0	0
1	1	0	1	1	0	0	0	1	0	1	0	1	1	0	1
0	0	0	1	0	0	0	0	0	0	0	0	0	0	0	0
0	1	1	0	0	0	1	0	0	0	0	0	0	1	1	1
1	0	1	1	1	1	0	0	0	0	0	0	0	1	0	0
1	1	1	1	1	0	1	0	0	0	0	0	0	1	0	1
0	0	0	0	1	0	0	0	0	0	0	0	0	1	0	1
0	0	0	0	0	0	1	0	0	0	0	0	0	1	0	0
1	0	1	0	0	0	1	0	1	1	1	1	1	0	0	1
0	0	0	0	0	0	0	0	1	0	0	0	0	0	0	0
1	0	0	1	1	0	1	0	1	0	1	1	0	1	0	0
DIFF_EDGE
0 0
CHROM_NUMBER
8
EOF
