TYPE : graph_{count}
DIMENSION: 16
EDGE_DATA_FORMAT: EDGE_LIST
EDGE_WEIGHT_TYPE: EXPLICIT
EDGE_WEIGHT_FORMAT: FULL_MATRIX
EDGE_DATA_SECTION
0 2
0 4
0 8
0 10
0 15
1 2
1 3
1 4
1 5
1 6
1 15
2 3
2 5
2 10
2 11
2 12
2 15
3 4
3 6
3 8
3 10
3 15
4 5
4 6
4 9
4 15
5 10
5 15
6 8
6 9
6 11
6 13
7 9
7 10
7 15
8 12
10 14
11 15
12 15
13 15
-1
EDGE_WEIGHT_SECTION
0	0	1	0	1	0	0	0	1	0	1	0	0	0	0	1
0	0	1	1	1	1	1	0	0	0	0	0	0	0	0	1
1	1	0	1	0	1	0	0	0	0	1	1	1	0	0	1
0	1	1	0	1	0	1	0	1	0	1	0	0	0	0	1
1	1	0	1	0	1	1	0	0	1	0	0	0	0	0	1
0	1	1	0	1	0	0	0	0	0	1	0	0	0	0	1
0	1	0	1	1	0	0	0	1	1	0	1	0	1	0	0
0	0	0	0	0	0	0	0	0	1	1	0	0	0	0	1
1	0	0	1	0	0	1	0	0	0	0	0	1	0	0	0
0	0	0	0	1	0	1	1	0	0	0	0	0	0	0	0
1	0	1	1	0	1	0	1	0	0	0	0	0	0	1	0
0	0	1	0	0	0	1	0	0	0	0	0	0	0	0	1
0	0	1	0	0	0	0	0	1	0	0	0	0	0	0	1
0	0	0	0	0	0	1	0	0	0	0	0	0	0	0	1
0	0	0	0	0	0	0	0	0	0	1	0	0	0	0	0
1	1	1	1	1	1	0	1	0	0	0	1	1	1	0	1
DIFF_EDGE
0 0
CHROM_NUMBER
7
EOF
