TYPE : graph_{count}
DIMENSION: 17
EDGE_DATA_FORMAT: EDGE_LIST
EDGE_WEIGHT_TYPE: EXPLICIT
EDGE_WEIGHT_FORMAT: FULL_MATRIX
EDGE_DATA_SECTION
0 2
0 3
0 10
1 2
1 5
1 6
1 7
1 11
1 13
1 16
2 3
2 4
2 11
3 4
3 5
3 9
3 10
3 11
3 13
4 5
4 6
4 8
4 14
5 6
5 8
5 9
5 11
5 12
5 13
6 7
6 10
6 11
6 13
7 12
9 10
10 11
10 16
11 13
11 15
13 14
-1
EDGE_WEIGHT_SECTION
0	0	1	1	0	0	0	0	0	0	1	0	0	0	0	0	0
0	0	1	0	0	1	1	1	0	0	0	1	0	1	0	0	1
1	1	0	1	1	0	0	0	0	0	0	1	0	0	0	0	0
1	0	1	0	1	1	0	0	0	1	1	1	0	1	0	0	0
0	0	1	1	0	1	1	0	1	0	0	0	0	0	1	0	0
0	1	0	1	1	0	1	0	1	1	0	1	1	1	0	0	0
0	1	0	0	1	1	0	1	0	0	1	1	0	1	0	0	0
0	1	0	0	0	0	1	0	0	0	0	0	1	0	0	0	0
0	0	0	0	1	1	0	0	0	0	0	0	0	0	0	0	0
0	0	0	1	0	1	0	0	0	0	1	0	0	0	0	0	0
1	0	0	1	0	0	1	0	0	1	0	1	0	0	0	0	1
0	1	1	1	0	1	1	0	0	0	1	0	0	1	0	1	0
0	0	0	0	0	1	0	1	0	0	0	0	0	0	0	0	0
0	1	0	1	0	1	1	0	0	0	0	1	0	0	1	0	0
0	0	0	0	1	0	0	0	0	0	0	0	0	1	0	0	0
0	0	0	0	0	0	0	0	0	0	0	1	0	0	0	0	0
0	1	0	0	0	0	0	0	0	0	1	0	0	0	0	0	0
DIFF_EDGE
0 0
CHROM_NUMBER
7
EOF
