TYPE : graph_{count}
DIMENSION: 20
EDGE_DATA_FORMAT: EDGE_LIST
EDGE_WEIGHT_TYPE: EXPLICIT
EDGE_WEIGHT_FORMAT: FULL_MATRIX
EDGE_DATA_SECTION
0 3
0 5
0 6
0 7
0 8
0 9
0 10
0 11
0 14
0 19
1 2
1 3
1 5
1 7
1 8
1 9
1 10
1 19
2 3
2 7
2 9
3 5
3 6
3 8
3 9
3 10
3 14
3 16
3 19
4 6
4 9
4 10
4 16
4 19
5 13
6 9
6 14
6 15
6 18
7 8
7 10
7 14
7 15
7 19
8 9
8 12
8 18
9 10
9 14
9 19
10 14
10 17
12 14
12 19
13 17
14 19
15 19
17 19
-1
EDGE_WEIGHT_SECTION
0	0	0	1	0	1	1	1	1	1	1	1	0	0	1	0	0	0	0	1
0	0	1	1	0	1	0	1	1	1	1	0	0	0	0	0	0	0	0	1
0	1	0	1	0	0	0	1	0	1	0	0	0	0	0	0	0	0	0	0
1	1	1	0	0	1	1	0	1	1	1	0	0	0	1	0	1	0	0	1
0	0	0	0	0	0	1	0	0	1	1	0	0	0	0	0	1	0	0	1
1	1	0	1	0	0	0	0	0	0	0	0	0	1	0	0	0	0	0	0
1	0	0	1	1	0	0	0	0	1	0	0	0	0	1	1	0	0	1	0
1	1	1	0	0	0	0	0	1	0	1	0	0	0	1	1	0	0	0	1
1	1	0	1	0	0	0	1	0	1	0	0	1	0	0	0	0	0	1	0
1	1	1	1	1	0	1	0	1	0	1	0	0	0	1	0	0	0	0	1
1	1	0	1	1	0	0	1	0	1	0	0	0	0	1	0	0	1	0	0
1	0	0	0	0	0	0	0	0	0	0	0	0	0	0	0	0	0	0	0
0	0	0	0	0	0	0	0	1	0	0	0	0	0	1	0	0	0	0	1
0	0	0	0	0	1	0	0	0	0	0	0	0	0	0	0	0	1	0	0
1	0	0	1	0	0	1	1	0	1	1	0	1	0	0	0	0	0	0	1
0	0	0	0	0	0	1	1	0	0	0	0	0	0	0	0	0	0	0	1
0	0	0	1	1	0	0	0	0	0	0	0	0	0	0	0	0	0	0	0
0	0	0	0	0	0	0	0	0	0	1	0	0	1	0	0	0	0	0	1
0	0	0	0	0	0	1	0	1	0	0	0	0	0	0	0	0	0	0	0
1	1	0	1	1	0	0	1	0	1	0	0	1	0	1	1	0	1	0	0
DIFF_EDGE
0 0
CHROM_NUMBER
9
EOF
