TYPE : graph_{count}
DIMENSION: 18
EDGE_DATA_FORMAT: EDGE_LIST
EDGE_WEIGHT_TYPE: EXPLICIT
EDGE_WEIGHT_FORMAT: FULL_MATRIX
EDGE_DATA_SECTION
0 1
0 7
0 10
0 11
0 14
1 5
1 6
1 9
1 10
1 12
2 3
2 4
2 6
2 7
2 10
2 12
2 14
2 17
3 5
3 8
3 10
3 14
4 8
4 12
4 13
4 14
5 9
5 11
5 12
5 14
5 17
6 7
6 9
6 12
6 14
7 8
7 9
7 12
7 13
7 14
9 14
9 15
11 14
12 14
12 15
12 16
-1
EDGE_WEIGHT_SECTION
0	1	0	0	0	0	0	1	0	0	1	1	0	0	1	0	0	0
1	0	0	0	0	1	1	0	0	1	1	0	1	0	0	0	0	0
0	0	0	1	1	0	1	1	0	0	1	0	1	0	1	0	0	1
0	0	1	0	0	1	0	0	1	0	1	0	0	0	1	0	0	0
0	0	1	0	0	0	0	0	1	0	0	0	1	1	1	0	0	0
0	1	0	1	0	0	0	0	0	1	0	1	1	0	1	0	0	1
0	1	1	0	0	0	0	1	0	1	0	0	1	0	1	0	0	0
1	0	1	0	0	0	1	0	1	1	0	0	1	1	1	0	0	0
0	0	0	1	1	0	0	1	0	0	0	0	0	0	0	0	0	0
0	1	0	0	0	1	1	1	0	0	0	0	0	0	1	1	0	0
1	1	1	1	0	0	0	0	0	0	0	0	0	0	0	0	0	0
1	0	0	0	0	1	0	0	0	0	0	0	0	0	1	0	0	0
0	1	1	0	1	1	1	1	0	0	0	0	0	0	1	1	1	0
0	0	0	0	1	0	0	1	0	0	0	0	0	0	0	0	0	0
1	0	1	1	1	1	1	1	0	1	0	1	1	0	1	0	0	0
0	0	0	0	0	0	0	0	0	1	0	0	1	0	0	0	0	0
0	0	0	0	0	0	0	0	0	0	0	0	1	0	0	0	0	0
0	0	1	0	0	1	0	0	0	0	0	0	0	0	0	0	0	0
DIFF_EDGE
0 0
CHROM_NUMBER
7
EOF
