TYPE : graph_{count}
DIMENSION: 16
EDGE_DATA_FORMAT: EDGE_LIST
EDGE_WEIGHT_TYPE: EXPLICIT
EDGE_WEIGHT_FORMAT: FULL_MATRIX
EDGE_DATA_SECTION
0 2
0 4
0 6
0 10
0 12
1 3
1 4
1 9
1 10
2 3
2 9
3 6
3 9
3 13
3 14
4 5
4 6
4 10
4 13
4 15
6 7
6 10
8 9
8 10
8 14
10 11
-1
EDGE_WEIGHT_SECTION
0	0	1	0	1	0	1	0	0	0	1	0	1	0	0	0
0	0	0	1	1	0	0	0	0	1	1	0	0	0	0	0
1	0	0	1	0	0	0	0	0	1	0	0	0	0	0	0
0	1	1	0	0	0	1	0	0	1	0	0	0	1	1	0
1	1	0	0	0	1	1	0	0	0	1	0	0	1	0	1
0	0	0	0	1	0	0	0	0	0	0	0	0	0	0	0
1	0	0	1	1	0	0	1	0	0	1	0	0	0	0	0
0	0	0	0	0	0	1	0	0	0	0	0	0	0	0	0
0	0	0	0	0	0	0	0	0	1	1	0	0	0	1	0
0	1	1	1	0	0	0	0	1	0	0	0	0	0	0	0
1	1	0	0	1	0	1	0	1	0	0	1	0	0	0	0
0	0	0	0	0	0	0	0	0	0	1	0	0	0	0	0
1	0	0	0	0	0	0	0	0	0	0	0	0	0	0	0
0	0	0	1	1	0	0	0	0	0	0	0	0	0	0	0
0	0	0	1	0	0	0	0	1	0	0	0	0	0	0	0
0	0	0	0	1	0	0	0	0	0	0	0	0	0	0	0
DIFF_EDGE
0 0
CHROM_NUMBER
5
EOF
