TYPE : graph_{count}
DIMENSION: 15
EDGE_DATA_FORMAT: EDGE_LIST
EDGE_WEIGHT_TYPE: EXPLICIT
EDGE_WEIGHT_FORMAT: FULL_MATRIX
EDGE_DATA_SECTION
0 3
0 6
0 8
0 10
0 14
1 2
1 3
1 4
1 8
1 10
1 11
1 12
1 13
1 14
2 6
2 9
2 11
2 12
2 13
2 14
3 6
3 7
3 8
3 9
3 10
3 11
3 12
3 13
3 14
4 7
4 8
4 9
5 11
6 7
6 8
6 9
6 10
6 12
6 14
7 8
7 12
8 10
8 11
8 12
8 13
8 14
9 10
9 11
9 12
9 13
9 14
10 11
10 12
10 13
10 14
11 12
11 13
11 14
12 13
12 14
13 14
-1
EDGE_WEIGHT_SECTION
0	0	0	1	0	0	1	0	1	0	1	0	0	0	1
0	0	1	1	1	0	0	0	1	0	1	1	1	1	1
0	1	0	0	0	0	1	0	0	1	0	1	1	1	1
1	1	0	0	0	0	1	1	1	1	1	1	1	1	1
0	1	0	0	0	0	0	1	1	1	0	0	0	0	0
0	0	0	0	0	0	0	0	0	0	0	1	0	0	0
1	0	1	1	0	0	0	1	1	1	1	0	1	0	1
0	0	0	1	1	0	1	0	1	0	0	0	1	0	0
1	1	0	1	1	0	1	1	0	0	1	1	1	1	1
0	0	1	1	1	0	1	0	0	0	1	1	1	1	1
1	1	0	1	0	0	1	0	1	1	0	1	1	1	1
0	1	1	1	0	1	0	0	1	1	1	0	1	1	1
0	1	1	1	0	0	1	1	1	1	1	1	0	1	1
0	1	1	1	0	0	0	0	1	1	1	1	1	0	1
1	1	1	1	0	0	1	0	1	1	1	1	1	1	0
DIFF_EDGE
0 0
CHROM_NUMBER
10
EOF
