TYPE : graph_{count}
DIMENSION: 15
EDGE_DATA_FORMAT: EDGE_LIST
EDGE_WEIGHT_TYPE: EXPLICIT
EDGE_WEIGHT_FORMAT: FULL_MATRIX
EDGE_DATA_SECTION
0 4
0 5
0 10
0 11
1 2
1 3
1 4
1 8
1 10
1 11
2 3
2 4
2 5
2 8
2 9
2 10
2 11
3 6
3 10
3 11
3 12
4 5
4 11
4 12
4 13
5 6
5 9
5 10
6 7
6 8
6 10
7 8
7 9
7 10
7 11
8 9
8 11
9 10
10 11
12 14
-1
EDGE_WEIGHT_SECTION
0	0	0	0	1	1	0	0	0	0	1	1	0	0	0
0	0	1	1	1	0	0	0	1	0	1	1	0	0	0
0	1	0	1	1	1	0	0	1	1	1	1	0	0	0
0	1	1	0	0	0	1	0	0	0	1	1	1	0	0
1	1	1	0	0	1	0	0	0	0	0	1	1	1	0
1	0	1	0	1	0	1	0	0	1	1	0	0	0	0
0	0	0	1	0	1	0	1	1	0	1	0	0	0	0
0	0	0	0	0	0	1	0	1	1	1	1	0	0	0
0	1	1	0	0	0	1	1	0	1	0	1	0	0	0
0	0	1	0	0	1	0	1	1	0	1	0	0	0	0
1	1	1	1	0	1	1	1	0	1	0	1	0	0	0
1	1	1	1	1	0	0	1	1	0	1	0	0	0	0
0	0	0	1	1	0	0	0	0	0	0	0	0	0	1
0	0	0	0	1	0	0	0	0	0	0	0	0	0	0
0	0	0	0	0	0	0	0	0	0	0	0	1	0	0
DIFF_EDGE
0 0
CHROM_NUMBER
7
EOF
