TYPE : graph_{count}
DIMENSION: 15
EDGE_DATA_FORMAT: EDGE_LIST
EDGE_WEIGHT_TYPE: EXPLICIT
EDGE_WEIGHT_FORMAT: FULL_MATRIX
EDGE_DATA_SECTION
0 2
0 4
0 10
0 12
0 13
0 14
1 3
1 5
1 6
1 9
1 11
1 12
2 8
2 12
3 4
3 5
3 8
3 12
4 6
4 9
4 12
4 14
5 7
5 9
5 10
5 12
5 13
5 14
6 7
6 10
6 14
7 10
9 10
9 12
9 14
10 12
10 14
12 14
-1
EDGE_WEIGHT_SECTION
0	0	1	0	1	0	0	0	0	0	1	0	1	1	1
0	0	0	1	0	1	1	0	0	1	0	1	1	0	0
1	0	0	0	0	0	0	0	1	0	0	0	1	0	0
0	1	0	0	1	1	0	0	1	0	0	0	1	0	0
1	0	0	1	0	0	1	0	0	1	0	0	1	0	1
0	1	0	1	0	0	0	1	0	1	1	0	1	1	1
0	1	0	0	1	0	0	1	0	0	1	0	0	0	1
0	0	0	0	0	1	1	0	0	0	1	0	0	0	0
0	0	1	1	0	0	0	0	0	0	0	0	0	0	0
0	1	0	0	1	1	0	0	0	0	1	0	1	0	1
1	0	0	0	0	1	1	1	0	1	0	0	1	0	1
0	1	0	0	0	0	0	0	0	0	0	0	0	0	0
1	1	1	1	1	1	0	0	0	1	1	0	0	0	1
1	0	0	0	0	1	0	0	0	0	0	0	0	0	0
1	0	0	0	1	1	1	0	0	1	1	0	1	0	0
DIFF_EDGE
0 0
CHROM_NUMBER
7
EOF
