TYPE : graph_{count}
DIMENSION: 21
EDGE_DATA_FORMAT: EDGE_LIST
EDGE_WEIGHT_TYPE: EXPLICIT
EDGE_WEIGHT_FORMAT: FULL_MATRIX
EDGE_DATA_SECTION
0 3
0 5
1 4
1 18
2 6
2 8
2 9
2 14
2 19
2 20
3 4
3 6
3 7
3 8
3 9
3 10
3 15
3 17
3 19
4 5
4 7
4 11
4 13
5 8
5 13
5 19
6 7
6 10
6 11
6 13
6 18
6 19
6 20
7 8
7 10
7 13
7 19
8 9
8 12
8 19
10 13
10 19
11 19
12 13
12 19
13 16
13 17
15 19
16 19
18 19
-1
EDGE_WEIGHT_SECTION
0	0	0	1	0	1	0	0	0	0	0	0	0	0	0	0	0	0	0	0	0
0	0	0	0	1	0	0	0	0	0	0	0	0	0	0	0	0	0	1	0	0
0	0	0	0	0	0	1	0	1	1	0	0	0	0	1	0	0	0	0	1	1
1	0	0	0	1	0	1	1	1	1	1	0	0	0	0	1	0	1	0	1	0
0	1	0	1	0	1	0	1	0	0	0	1	0	1	0	0	0	0	0	0	0
1	0	0	0	1	0	0	0	1	0	0	0	0	1	0	0	0	0	0	1	0
0	0	1	1	0	0	0	1	0	0	1	1	0	1	0	0	0	0	1	1	1
0	0	0	1	1	0	1	0	1	0	1	0	0	1	0	0	0	0	0	1	0
0	0	1	1	0	1	0	1	0	1	0	0	1	0	0	0	0	0	0	1	0
0	0	1	1	0	0	0	0	1	0	0	0	0	0	0	0	0	0	0	0	0
0	0	0	1	0	0	1	1	0	0	0	0	0	1	0	0	0	0	0	1	0
0	0	0	0	1	0	1	0	0	0	0	0	0	0	0	0	0	0	0	1	0
0	0	0	0	0	0	0	0	1	0	0	0	0	1	0	0	0	0	0	1	0
0	0	0	0	1	1	1	1	0	0	1	0	1	0	0	0	1	1	0	0	0
0	0	1	0	0	0	0	0	0	0	0	0	0	0	0	0	0	0	0	0	0
0	0	0	1	0	0	0	0	0	0	0	0	0	0	0	0	0	0	0	1	0
0	0	0	0	0	0	0	0	0	0	0	0	0	1	0	0	0	0	0	1	0
0	0	0	1	0	0	0	0	0	0	0	0	0	1	0	0	0	0	0	0	0
0	1	0	0	0	0	1	0	0	0	0	0	0	0	0	0	0	0	0	1	0
0	0	1	1	0	1	1	1	1	0	1	1	1	0	0	1	1	0	1	0	0
0	0	1	0	0	0	1	0	0	0	0	0	0	0	0	0	0	0	0	0	0
DIFF_EDGE
0 0
CHROM_NUMBER
7
EOF
