TYPE : graph_{count}
DIMENSION: 17
EDGE_DATA_FORMAT: EDGE_LIST
EDGE_WEIGHT_TYPE: EXPLICIT
EDGE_WEIGHT_FORMAT: FULL_MATRIX
EDGE_DATA_SECTION
0 1
0 3
0 4
0 7
0 8
0 9
0 13
1 2
1 4
1 5
1 7
1 10
1 13
2 6
2 8
2 9
2 10
2 11
2 13
3 4
3 7
3 10
3 13
4 6
4 7
4 9
4 10
4 12
4 13
4 15
4 16
5 9
5 12
5 13
6 10
6 14
7 8
7 13
8 9
8 13
8 14
8 16
9 10
12 13
-1
EDGE_WEIGHT_SECTION
0	1	0	1	1	0	0	1	1	1	0	0	0	1	0	0	0
1	0	1	0	1	1	0	1	0	0	1	0	0	1	0	0	0
0	1	0	0	0	0	1	0	1	1	1	1	0	1	0	0	0
1	0	0	0	1	0	0	1	0	0	1	0	0	1	0	0	0
1	1	0	1	0	0	1	1	0	1	1	0	1	1	0	1	1
0	1	0	0	0	0	0	0	0	1	0	0	1	1	0	0	0
0	0	1	0	1	0	0	0	0	0	1	0	0	0	1	0	0
1	1	0	1	1	0	0	0	1	0	0	0	0	1	0	0	0
1	0	1	0	0	0	0	1	0	1	0	0	0	1	1	0	1
1	0	1	0	1	1	0	0	1	0	1	0	0	0	0	0	0
0	1	1	1	1	0	1	0	0	1	0	0	0	0	0	0	0
0	0	1	0	0	0	0	0	0	0	0	0	0	0	0	0	0
0	0	0	0	1	1	0	0	0	0	0	0	0	1	0	0	0
1	1	1	1	1	1	0	1	1	0	0	0	1	1	0	0	0
0	0	0	0	0	0	1	0	1	0	0	0	0	0	0	0	0
0	0	0	0	1	0	0	0	0	0	0	0	0	0	0	0	0
0	0	0	0	1	0	0	0	1	0	0	0	0	0	0	0	0
DIFF_EDGE
0 0
CHROM_NUMBER
7
EOF
