TYPE : graph_{count}
DIMENSION: 18
EDGE_DATA_FORMAT: EDGE_LIST
EDGE_WEIGHT_TYPE: EXPLICIT
EDGE_WEIGHT_FORMAT: FULL_MATRIX
EDGE_DATA_SECTION
0 2
0 5
0 9
1 3
1 6
1 9
1 13
2 3
2 6
2 7
2 8
2 12
2 16
3 4
3 10
4 5
4 6
4 7
4 14
4 17
5 6
5 7
5 8
5 16
6 16
7 15
8 9
8 10
8 11
8 14
8 15
8 16
9 10
9 16
11 13
14 16
-1
EDGE_WEIGHT_SECTION
0	0	1	0	0	1	0	0	0	1	0	0	0	0	0	0	0	0
0	0	0	1	0	0	1	0	0	1	0	0	0	1	0	0	0	0
1	0	0	1	0	0	1	1	1	0	0	0	1	0	0	0	1	0
0	1	1	0	1	0	0	0	0	0	1	0	0	0	0	0	0	0
0	0	0	1	0	1	1	1	0	0	0	0	0	0	1	0	0	1
1	0	0	0	1	0	1	1	1	0	0	0	0	0	0	0	1	0
0	1	1	0	1	1	0	0	0	0	0	0	0	0	0	0	1	0
0	0	1	0	1	1	0	0	0	0	0	0	0	0	0	1	0	0
0	0	1	0	0	1	0	0	0	1	1	1	0	0	1	1	1	0
1	1	0	0	0	0	0	0	1	0	1	0	0	0	0	0	1	0
0	0	0	1	0	0	0	0	1	1	0	0	0	0	0	0	0	0
0	0	0	0	0	0	0	0	1	0	0	0	0	1	0	0	0	0
0	0	1	0	0	0	0	0	0	0	0	0	0	0	0	0	0	0
0	1	0	0	0	0	0	0	0	0	0	1	0	0	0	0	0	0
0	0	0	0	1	0	0	0	1	0	0	0	0	0	0	0	1	0
0	0	0	0	0	0	0	1	1	0	0	0	0	0	0	0	0	0
0	0	1	0	0	1	1	0	1	1	0	0	0	0	1	0	0	0
0	0	0	0	1	0	0	0	0	0	0	0	0	0	0	0	0	0
DIFF_EDGE
0 0
CHROM_NUMBER
7
EOF
