TYPE : graph_{count}
DIMENSION: 19
EDGE_DATA_FORMAT: EDGE_LIST
EDGE_WEIGHT_TYPE: EXPLICIT
EDGE_WEIGHT_FORMAT: FULL_MATRIX
EDGE_DATA_SECTION
0 1
0 2
0 7
0 8
0 9
0 13
0 16
0 17
0 18
1 6
1 8
1 9
1 10
2 3
2 4
2 9
2 13
2 18
3 4
3 5
3 9
3 12
4 7
4 9
4 10
4 13
4 14
4 18
5 7
5 9
5 18
6 8
6 9
6 14
7 8
7 9
7 13
9 10
9 11
9 13
10 13
11 18
12 13
12 18
13 15
13 18
-1
EDGE_WEIGHT_SECTION
0	1	1	0	0	0	0	1	1	1	0	0	0	1	0	0	1	1	1
1	0	0	0	0	0	1	0	1	1	1	0	0	0	0	0	0	0	0
1	0	0	1	1	0	0	0	0	1	0	0	0	1	0	0	0	0	1
0	0	1	0	1	1	0	0	0	1	0	0	1	0	0	0	0	0	0
0	0	1	1	0	0	0	1	0	1	1	0	0	1	1	0	0	0	1
0	0	0	1	0	0	0	1	0	1	0	0	0	0	0	0	0	0	1
0	1	0	0	0	0	0	0	1	1	0	0	0	0	1	0	0	0	0
1	0	0	0	1	1	0	0	1	1	0	0	0	1	0	0	0	0	0
1	1	0	0	0	0	1	1	0	0	0	0	0	0	0	0	0	0	0
1	1	1	1	1	1	1	1	0	0	1	1	0	1	0	0	0	0	0
0	1	0	0	1	0	0	0	0	1	0	0	0	1	0	0	0	0	0
0	0	0	0	0	0	0	0	0	1	0	0	0	0	0	0	0	0	1
0	0	0	1	0	0	0	0	0	0	0	0	0	1	0	0	0	0	1
1	0	1	0	1	0	0	1	0	1	1	0	1	0	0	1	0	0	1
0	0	0	0	1	0	1	0	0	0	0	0	0	0	0	0	0	0	0
0	0	0	0	0	0	0	0	0	0	0	0	0	1	0	0	0	0	0
1	0	0	0	0	0	0	0	0	0	0	0	0	0	0	0	0	0	0
1	0	0	0	0	0	0	0	0	0	0	0	0	0	0	0	0	0	0
1	0	1	0	1	1	0	0	0	0	0	1	1	1	0	0	0	0	1
DIFF_EDGE
0 0
CHROM_NUMBER
7
EOF
