TYPE : graph_{count}
DIMENSION: 16
EDGE_DATA_FORMAT: EDGE_LIST
EDGE_WEIGHT_TYPE: EXPLICIT
EDGE_WEIGHT_FORMAT: FULL_MATRIX
EDGE_DATA_SECTION
0 2
0 5
0 11
0 13
0 15
1 4
1 8
1 10
1 12
2 7
2 10
2 13
2 15
3 5
3 6
3 7
3 9
3 10
3 12
3 13
3 15
4 6
4 7
4 10
4 13
4 15
5 6
6 8
7 13
8 9
8 10
8 11
10 13
10 15
11 13
11 15
12 13
12 15
13 14
13 15
14 15
-1
EDGE_WEIGHT_SECTION
0	0	1	0	0	1	0	0	0	0	0	1	0	1	0	1
0	0	0	0	1	0	0	0	1	0	1	0	1	0	0	0
1	0	0	0	0	0	0	1	0	0	1	0	0	1	0	1
0	0	0	0	0	1	1	1	0	1	1	0	1	1	0	1
0	1	0	0	0	0	1	1	0	0	1	0	0	1	0	1
1	0	0	1	0	0	1	0	0	0	0	0	0	0	0	0
0	0	0	1	1	1	0	0	1	0	0	0	0	0	0	0
0	0	1	1	1	0	0	0	0	0	0	0	0	1	0	0
0	1	0	0	0	0	1	0	0	1	1	1	0	0	0	0
0	0	0	1	0	0	0	0	1	0	0	0	0	0	0	0
0	1	1	1	1	0	0	0	1	0	0	0	0	1	0	1
1	0	0	0	0	0	0	0	1	0	0	0	0	1	0	1
0	1	0	1	0	0	0	0	0	0	0	0	0	1	0	1
1	0	1	1	1	0	0	1	0	0	1	1	1	0	1	1
0	0	0	0	0	0	0	0	0	0	0	0	0	1	0	1
1	0	1	1	1	0	0	0	0	0	1	1	1	1	1	0
DIFF_EDGE
0 0
CHROM_NUMBER
7
EOF
