TYPE : graph_{count}
DIMENSION: 18
EDGE_DATA_FORMAT: EDGE_LIST
EDGE_WEIGHT_TYPE: EXPLICIT
EDGE_WEIGHT_FORMAT: FULL_MATRIX
EDGE_DATA_SECTION
0 4
0 6
0 7
0 9
0 13
0 17
1 2
1 4
1 9
1 14
1 17
2 3
2 4
2 5
2 6
2 8
2 10
3 4
3 5
3 6
3 8
3 10
3 13
3 17
4 7
4 10
4 11
4 12
4 16
5 7
5 10
6 9
6 10
6 15
6 16
6 17
7 8
7 17
8 17
9 10
9 12
9 17
10 14
10 17
11 17
12 17
16 17
-1
EDGE_WEIGHT_SECTION
0	0	0	0	1	0	1	1	0	1	0	0	0	1	0	0	0	1
0	0	1	0	1	0	0	0	0	1	0	0	0	0	1	0	0	1
0	1	0	1	1	1	1	0	1	0	1	0	0	0	0	0	0	0
0	0	1	0	1	1	1	0	1	0	1	0	0	1	0	0	0	1
1	1	1	1	0	0	0	1	0	0	1	1	1	0	0	0	1	0
0	0	1	1	0	0	0	1	0	0	1	0	0	0	0	0	0	0
1	0	1	1	0	0	0	0	0	1	1	0	0	0	0	1	1	1
1	0	0	0	1	1	0	0	1	0	0	0	0	0	0	0	0	1
0	0	1	1	0	0	0	1	0	0	0	0	0	0	0	0	0	1
1	1	0	0	0	0	1	0	0	0	1	0	1	0	0	0	0	1
0	0	1	1	1	1	1	0	0	1	0	0	0	0	1	0	0	1
0	0	0	0	1	0	0	0	0	0	0	0	0	0	0	0	0	1
0	0	0	0	1	0	0	0	0	1	0	0	0	0	0	0	0	1
1	0	0	1	0	0	0	0	0	0	0	0	0	0	0	0	0	0
0	1	0	0	0	0	0	0	0	0	1	0	0	0	0	0	0	0
0	0	0	0	0	0	1	0	0	0	0	0	0	0	0	0	0	0
0	0	0	0	1	0	1	0	0	0	0	0	0	0	0	0	0	1
1	1	0	1	0	0	1	1	1	1	1	1	1	0	0	0	1	1
DIFF_EDGE
0 0
CHROM_NUMBER
7
EOF
