TYPE : graph_{count}
DIMENSION: 15
EDGE_DATA_FORMAT: EDGE_LIST
EDGE_WEIGHT_TYPE: EXPLICIT
EDGE_WEIGHT_FORMAT: FULL_MATRIX
EDGE_DATA_SECTION
0 1
0 2
0 5
0 8
0 10
0 13
1 6
1 7
1 9
1 14
2 3
2 5
2 6
2 7
2 8
2 9
2 13
2 14
3 6
3 8
3 9
3 14
4 5
4 6
4 8
4 13
4 14
5 6
5 7
5 8
5 9
5 11
5 13
6 7
6 8
6 10
6 13
7 9
7 13
7 14
8 9
8 10
8 13
8 14
9 10
9 12
10 13
10 14
11 13
11 14
12 13
12 14
13 14
-1
EDGE_WEIGHT_SECTION
0	1	1	0	0	1	0	0	1	0	1	0	0	1	0
1	0	0	0	0	0	1	1	0	1	0	0	0	0	1
1	0	0	1	0	1	1	1	1	1	0	0	0	1	1
0	0	1	0	0	0	1	0	1	1	0	0	0	0	1
0	0	0	0	0	1	1	0	1	0	0	0	0	1	1
1	0	1	0	1	0	1	1	1	1	0	1	0	1	0
0	1	1	1	1	1	0	1	1	0	1	0	0	1	0
0	1	1	0	0	1	1	0	0	1	0	0	0	1	1
1	0	1	1	1	1	1	0	0	1	1	0	0	1	1
0	1	1	1	0	1	0	1	1	0	1	0	1	0	0
1	0	0	0	0	0	1	0	1	1	0	0	0	1	1
0	0	0	0	0	1	0	0	0	0	0	0	0	1	1
0	0	0	0	0	0	0	0	0	1	0	0	0	1	1
1	0	1	0	1	1	1	1	1	0	1	1	1	1	1
0	1	1	1	1	0	0	1	1	0	1	1	1	1	0
DIFF_EDGE
0 0
CHROM_NUMBER
8
EOF
