TYPE : graph_{count}
DIMENSION: 19
EDGE_DATA_FORMAT: EDGE_LIST
EDGE_WEIGHT_TYPE: EXPLICIT
EDGE_WEIGHT_FORMAT: FULL_MATRIX
EDGE_DATA_SECTION
0 1
0 3
0 9
0 16
1 2
1 3
1 6
1 8
1 9
1 10
1 12
1 16
1 17
2 4
2 6
2 9
2 10
2 12
2 16
2 17
2 18
3 4
3 5
3 6
3 7
3 9
3 16
4 5
4 9
4 12
4 17
5 18
6 7
6 9
6 12
6 14
6 16
7 8
7 11
7 16
8 10
8 12
8 14
9 11
9 16
10 15
10 16
10 17
11 12
11 16
11 17
12 13
12 15
12 17
13 16
13 17
14 16
14 17
16 17
-1
EDGE_WEIGHT_SECTION
0	1	0	1	0	0	0	0	0	1	0	0	0	0	0	0	1	0	0
1	0	1	1	0	0	1	0	1	1	1	0	1	0	0	0	1	1	0
0	1	0	0	1	0	1	0	0	1	1	0	1	0	0	0	1	1	1
1	1	0	0	1	1	1	1	0	1	0	0	0	0	0	0	1	0	0
0	0	1	1	0	1	0	0	0	1	0	0	1	0	0	0	0	1	0
0	0	0	1	1	0	0	0	0	0	0	0	0	0	0	0	0	0	1
0	1	1	1	0	0	0	1	0	1	0	0	1	0	1	0	1	0	0
0	0	0	1	0	0	1	0	1	0	0	1	0	0	0	0	1	0	0
0	1	0	0	0	0	0	1	0	0	1	0	1	0	1	0	0	0	0
1	1	1	1	1	0	1	0	0	0	0	1	0	0	0	0	1	0	0
0	1	1	0	0	0	0	0	1	0	0	0	0	0	0	1	1	1	0
0	0	0	0	0	0	0	1	0	1	0	0	1	0	0	0	1	1	0
0	1	1	0	1	0	1	0	1	0	0	1	0	1	0	1	0	1	0
0	0	0	0	0	0	0	0	0	0	0	0	1	0	0	0	1	1	0
0	0	0	0	0	0	1	0	1	0	0	0	0	0	0	0	1	1	0
0	0	0	0	0	0	0	0	0	0	1	0	1	0	0	0	0	0	0
1	1	1	1	0	0	1	1	0	1	1	1	0	1	1	0	0	1	0
0	1	1	0	1	0	0	0	0	0	1	1	1	1	1	0	1	0	0
0	0	1	0	0	1	0	0	0	0	0	0	0	0	0	0	0	0	0
DIFF_EDGE
0 0
CHROM_NUMBER
9
EOF
