TYPE : graph_{count}
DIMENSION: 19
EDGE_DATA_FORMAT: EDGE_LIST
EDGE_WEIGHT_TYPE: EXPLICIT
EDGE_WEIGHT_FORMAT: FULL_MATRIX
EDGE_DATA_SECTION
0 3
0 5
0 8
0 11
0 16
0 18
1 2
1 3
1 4
1 5
1 6
1 11
1 15
1 17
2 4
2 9
2 13
2 14
2 16
3 4
3 7
3 10
3 13
3 14
4 5
4 6
4 9
4 10
4 11
4 13
4 14
4 16
5 6
5 9
5 13
5 14
6 7
6 8
6 9
6 10
6 11
6 13
6 14
6 16
7 8
7 9
7 10
7 11
7 12
7 16
8 13
9 11
9 13
10 16
11 13
11 14
11 16
12 13
12 16
13 14
13 16
13 17
14 15
14 16
15 16
-1
EDGE_WEIGHT_SECTION
0	0	0	1	0	1	0	0	1	0	0	1	0	0	0	0	1	0	1
0	0	1	1	1	1	1	0	0	0	0	1	0	0	0	1	0	1	0
0	1	0	0	1	0	0	0	0	1	0	0	0	1	1	0	1	0	0
1	1	0	0	1	0	0	1	0	0	1	0	0	1	1	0	0	0	0
0	1	1	1	0	1	1	0	0	1	1	1	0	1	1	0	1	0	0
1	1	0	0	1	0	1	0	0	1	0	0	0	1	1	0	0	0	0
0	1	0	0	1	1	0	1	1	1	1	1	0	1	1	0	1	0	0
0	0	0	1	0	0	1	0	1	1	1	1	1	0	0	0	1	0	0
1	0	0	0	0	0	1	1	0	0	0	0	0	1	0	0	0	0	0
0	0	1	0	1	1	1	1	0	0	0	1	0	1	0	0	0	0	0
0	0	0	1	1	0	1	1	0	0	0	0	0	0	0	0	1	0	0
1	1	0	0	1	0	1	1	0	1	0	0	0	1	1	0	1	0	0
0	0	0	0	0	0	0	1	0	0	0	0	0	1	0	0	1	0	0
0	0	1	1	1	1	1	0	1	1	0	1	1	0	1	0	1	1	0
0	0	1	1	1	1	1	0	0	0	0	1	0	1	1	1	1	0	0
0	1	0	0	0	0	0	0	0	0	0	0	0	0	1	0	1	0	0
1	0	1	0	1	0	1	1	0	0	1	1	1	1	1	1	0	0	0
0	1	0	0	0	0	0	0	0	0	0	0	0	1	0	0	0	0	0
1	0	0	0	0	0	0	0	0	0	0	0	0	0	0	0	0	0	0
DIFF_EDGE
0 0
CHROM_NUMBER
10
EOF
