TYPE : graph_{count}
DIMENSION: 16
EDGE_DATA_FORMAT: EDGE_LIST
EDGE_WEIGHT_TYPE: EXPLICIT
EDGE_WEIGHT_FORMAT: FULL_MATRIX
EDGE_DATA_SECTION
0 5
0 6
0 7
0 10
0 11
0 13
1 2
1 4
1 6
1 8
1 9
1 10
1 13
1 15
2 3
2 4
2 10
3 5
3 12
4 7
4 10
4 11
4 13
4 14
5 8
5 10
6 8
6 9
6 10
6 13
6 15
8 12
9 10
10 13
10 15
11 15
12 13
12 15
13 15
-1
EDGE_WEIGHT_SECTION
0	0	0	0	0	1	1	1	0	0	1	1	0	1	0	0
0	0	1	0	1	0	1	0	1	1	1	0	0	1	0	1
0	1	0	1	1	0	0	0	0	0	1	0	0	0	0	0
0	0	1	0	0	1	0	0	0	0	0	0	1	0	0	0
0	1	1	0	0	0	0	1	0	0	1	1	0	1	1	0
1	0	0	1	0	0	0	0	1	0	1	0	0	0	0	0
1	1	0	0	0	0	0	0	1	1	1	0	0	1	0	1
1	0	0	0	1	0	0	0	0	0	0	0	0	0	0	0
0	1	0	0	0	1	1	0	0	0	0	0	1	0	0	0
0	1	0	0	0	0	1	0	0	0	1	0	0	0	0	0
1	1	1	0	1	1	1	0	0	1	0	0	0	1	0	1
1	0	0	0	1	0	0	0	0	0	0	0	0	0	0	1
0	0	0	1	0	0	0	0	1	0	0	0	0	1	0	1
1	1	0	0	1	0	1	0	0	0	1	0	1	0	0	1
0	0	0	0	1	0	0	0	0	0	0	0	0	0	0	0
0	1	0	0	0	0	1	0	0	0	1	1	1	1	0	0
DIFF_EDGE
0 0
CHROM_NUMBER
7
EOF
