TYPE : graph_{count}
DIMENSION: 17
EDGE_DATA_FORMAT: EDGE_LIST
EDGE_WEIGHT_TYPE: EXPLICIT
EDGE_WEIGHT_FORMAT: FULL_MATRIX
EDGE_DATA_SECTION
0 2
0 8
0 10
0 11
0 12
0 14
1 3
1 7
1 8
1 10
1 11
1 13
2 3
2 4
2 5
2 8
3 4
3 9
3 10
3 13
3 15
4 6
4 7
4 10
4 13
5 7
5 9
5 10
5 12
6 9
7 9
7 16
8 10
9 13
10 13
11 13
-1
EDGE_WEIGHT_SECTION
0	0	1	0	0	0	0	0	1	0	1	1	1	0	1	0	0
0	0	0	1	0	0	0	1	1	0	1	1	0	1	0	0	0
1	0	0	1	1	1	0	0	1	0	0	0	0	0	0	0	0
0	1	1	0	1	0	0	0	0	1	1	0	0	1	0	1	0
0	0	1	1	0	0	1	1	0	0	1	0	0	1	0	0	0
0	0	1	0	0	0	0	1	0	1	1	0	1	0	0	0	0
0	0	0	0	1	0	0	0	0	1	0	0	0	0	0	0	0
0	1	0	0	1	1	0	0	0	1	0	0	0	0	0	0	1
1	1	1	0	0	0	0	0	0	0	1	0	0	0	0	0	0
0	0	0	1	0	1	1	1	0	0	0	0	0	1	0	0	0
1	1	0	1	1	1	0	0	1	0	0	0	0	1	0	0	0
1	1	0	0	0	0	0	0	0	0	0	0	0	1	0	0	0
1	0	0	0	0	1	0	0	0	0	0	0	0	0	0	0	0
0	1	0	1	1	0	0	0	0	1	1	1	0	0	0	0	0
1	0	0	0	0	0	0	0	0	0	0	0	0	0	0	0	0
0	0	0	1	0	0	0	0	0	0	0	0	0	0	0	0	0
0	0	0	0	0	0	0	1	0	0	0	0	0	0	0	0	0
DIFF_EDGE
0 0
CHROM_NUMBER
7
EOF
