TYPE : graph_{count}
DIMENSION: 21
EDGE_DATA_FORMAT: EDGE_LIST
EDGE_WEIGHT_TYPE: EXPLICIT
EDGE_WEIGHT_FORMAT: FULL_MATRIX
EDGE_DATA_SECTION
0 1
0 2
0 8
0 15
1 3
1 4
1 8
2 6
2 8
2 9
2 10
2 11
2 12
2 17
3 4
3 5
3 7
3 8
3 9
3 17
4 5
4 8
4 9
4 10
4 13
4 16
5 6
5 7
5 8
5 9
5 20
7 9
8 9
8 10
8 14
9 10
12 18
13 19
15 18
15 19
-1
EDGE_WEIGHT_SECTION
0	1	1	0	0	0	0	0	1	0	0	0	0	0	0	1	0	0	0	0	0
1	0	0	1	1	0	0	0	1	0	0	0	0	0	0	0	0	0	0	0	0
1	0	0	0	0	0	1	0	1	1	1	1	1	0	0	0	0	1	0	0	0
0	1	0	0	1	1	0	1	1	1	0	0	0	0	0	0	0	1	0	0	0
0	1	0	1	0	1	0	0	1	1	1	0	0	1	0	0	1	0	0	0	0
0	0	0	1	1	0	1	1	1	1	0	0	0	0	0	0	0	0	0	0	1
0	0	1	0	0	1	0	0	0	0	0	0	0	0	0	0	0	0	0	0	0
0	0	0	1	0	1	0	0	0	1	0	0	0	0	0	0	0	0	0	0	0
1	1	1	1	1	1	0	0	0	1	1	0	0	0	1	0	0	0	0	0	0
0	0	1	1	1	1	0	1	1	0	1	0	0	0	0	0	0	0	0	0	0
0	0	1	0	1	0	0	0	1	1	0	0	0	0	0	0	0	0	0	0	0
0	0	1	0	0	0	0	0	0	0	0	0	0	0	0	0	0	0	0	0	0
0	0	1	0	0	0	0	0	0	0	0	0	0	0	0	0	0	0	1	0	0
0	0	0	0	1	0	0	0	0	0	0	0	0	0	0	0	0	0	0	1	0
0	0	0	0	0	0	0	0	1	0	0	0	0	0	0	0	0	0	0	0	0
1	0	0	0	0	0	0	0	0	0	0	0	0	0	0	0	0	0	1	1	0
0	0	0	0	1	0	0	0	0	0	0	0	0	0	0	0	0	0	0	0	0
0	0	1	1	0	0	0	0	0	0	0	0	0	0	0	0	0	0	0	0	0
0	0	0	0	0	0	0	0	0	0	0	0	1	0	0	1	0	0	0	0	0
0	0	0	0	0	0	0	0	0	0	0	0	0	1	0	1	0	0	0	0	0
0	0	0	0	0	1	0	0	0	0	0	0	0	0	0	0	0	0	0	0	0
DIFF_EDGE
0 0
CHROM_NUMBER
6
EOF
