TYPE : graph_{count}
DIMENSION: 21
EDGE_DATA_FORMAT: EDGE_LIST
EDGE_WEIGHT_TYPE: EXPLICIT
EDGE_WEIGHT_FORMAT: FULL_MATRIX
EDGE_DATA_SECTION
0 1
0 9
0 16
0 19
1 10
2 3
2 4
2 5
2 11
2 12
2 13
2 15
2 16
2 18
3 4
3 5
3 7
3 8
3 10
3 15
3 16
3 17
3 19
4 5
4 9
4 15
4 16
4 17
4 19
5 6
5 8
5 9
5 14
5 15
5 17
6 7
6 15
7 9
7 10
7 16
8 9
8 10
8 17
8 19
9 10
9 15
9 19
10 15
10 17
10 18
10 19
10 20
11 19
12 15
12 17
13 16
13 19
14 15
14 16
14 17
14 19
15 16
15 17
15 19
16 17
16 19
16 20
17 19
18 19
-1
EDGE_WEIGHT_SECTION
0	1	0	0	0	0	0	0	0	1	0	0	0	0	0	0	1	0	0	1	0
1	0	0	0	0	0	0	0	0	0	1	0	0	0	0	0	0	0	0	0	0
0	0	0	1	1	1	0	0	0	0	0	1	1	1	0	1	1	0	1	0	0
0	0	1	0	1	1	0	1	1	0	1	0	0	0	0	1	1	1	0	1	0
0	0	1	1	0	1	0	0	0	1	0	0	0	0	0	1	1	1	0	1	0
0	0	1	1	1	0	1	0	1	1	0	0	0	0	1	1	0	1	0	0	0
0	0	0	0	0	1	0	1	0	0	0	0	0	0	0	1	0	0	0	0	0
0	0	0	1	0	0	1	0	0	1	1	0	0	0	0	0	1	0	0	0	0
0	0	0	1	0	1	0	0	0	1	1	0	0	0	0	0	0	1	0	1	0
1	0	0	0	1	1	0	1	1	0	1	0	0	0	0	1	0	0	0	1	0
0	1	0	1	0	0	0	1	1	1	0	0	0	0	0	1	0	1	1	1	1
0	0	1	0	0	0	0	0	0	0	0	0	0	0	0	0	0	0	0	1	0
0	0	1	0	0	0	0	0	0	0	0	0	0	0	0	1	0	1	0	0	0
0	0	1	0	0	0	0	0	0	0	0	0	0	0	0	0	1	0	0	1	0
0	0	0	0	0	1	0	0	0	0	0	0	0	0	0	1	1	1	0	1	0
0	0	1	1	1	1	1	0	0	1	1	0	1	0	1	0	1	1	0	1	0
1	0	1	1	1	0	0	1	0	0	0	0	0	1	1	1	1	1	0	1	1
0	0	0	1	1	1	0	0	1	0	1	0	1	0	1	1	1	0	0	1	0
0	0	1	0	0	0	0	0	0	0	1	0	0	0	0	0	0	0	0	1	0
1	0	0	1	1	0	0	0	1	1	1	1	0	1	1	1	1	1	1	0	0
0	0	0	0	0	0	0	0	0	0	1	0	0	0	0	0	1	0	0	0	0
DIFF_EDGE
0 0
CHROM_NUMBER
9
EOF
