TYPE : graph_{count}
DIMENSION: 16
EDGE_DATA_FORMAT: EDGE_LIST
EDGE_WEIGHT_TYPE: EXPLICIT
EDGE_WEIGHT_FORMAT: FULL_MATRIX
EDGE_DATA_SECTION
0 2
0 3
0 4
0 6
0 7
0 10
0 11
1 2
1 3
1 7
1 11
1 14
2 7
2 8
2 9
2 10
2 11
2 13
3 5
3 7
3 8
3 9
3 10
3 11
4 7
4 8
5 10
6 8
6 14
7 8
7 10
7 15
8 11
9 12
10 12
11 15
-1
EDGE_WEIGHT_SECTION
0	0	1	1	1	0	1	1	0	0	1	1	0	0	0	0
0	0	1	1	0	0	0	1	0	0	0	1	0	0	1	0
1	1	0	0	0	0	0	1	1	1	1	1	0	1	0	0
1	1	0	0	0	1	0	1	1	1	1	1	0	0	0	0
1	0	0	0	0	0	0	1	1	0	0	0	0	0	0	0
0	0	0	1	0	0	0	0	0	0	1	0	0	0	0	0
1	0	0	0	0	0	0	0	1	0	0	0	0	0	1	0
1	1	1	1	1	0	0	0	1	0	1	0	0	0	0	1
0	0	1	1	1	0	1	1	0	0	0	1	0	0	0	0
0	0	1	1	0	0	0	0	0	0	0	0	1	0	0	0
1	0	1	1	0	1	0	1	0	0	0	0	1	0	0	0
1	1	1	1	0	0	0	0	1	0	0	0	0	0	0	1
0	0	0	0	0	0	0	0	0	1	1	0	0	0	0	0
0	0	1	0	0	0	0	0	0	0	0	0	0	0	0	0
0	1	0	0	0	0	1	0	0	0	0	0	0	0	0	0
0	0	0	0	0	0	0	1	0	0	0	1	0	0	0	0
DIFF_EDGE
0 0
CHROM_NUMBER
7
EOF
