TYPE : graph_{count}
DIMENSION: 21
EDGE_DATA_FORMAT: EDGE_LIST
EDGE_WEIGHT_TYPE: EXPLICIT
EDGE_WEIGHT_FORMAT: FULL_MATRIX
EDGE_DATA_SECTION
0 1
0 3
0 9
0 10
0 16
0 19
1 4
1 6
1 7
1 9
1 15
1 16
2 3
2 4
2 13
3 4
3 7
3 8
3 12
3 16
3 20
4 6
4 11
4 19
5 6
5 7
5 10
5 16
6 9
6 10
6 12
6 14
6 17
6 19
7 10
7 13
7 16
7 18
7 19
8 16
8 19
9 19
10 19
11 19
12 19
13 16
15 16
15 19
16 17
16 19
17 19
18 19
19 20
-1
EDGE_WEIGHT_SECTION
0	1	0	1	0	0	0	0	0	1	1	0	0	0	0	0	1	0	0	1	0
1	0	0	0	1	0	1	1	0	1	0	0	0	0	0	1	1	0	0	0	0
0	0	0	1	1	0	0	0	0	0	0	0	0	1	0	0	0	0	0	0	0
1	0	1	0	1	0	0	1	1	0	0	0	1	0	0	0	1	0	0	0	1
0	1	1	1	0	0	1	0	0	0	0	1	0	0	0	0	0	0	0	1	0
0	0	0	0	0	0	1	1	0	0	1	0	0	0	0	0	1	0	0	0	0
0	1	0	0	1	1	0	0	0	1	1	0	1	0	1	0	0	1	0	1	0
0	1	0	1	0	1	0	0	0	0	1	0	0	1	0	0	1	0	1	1	0
0	0	0	1	0	0	0	0	0	0	0	0	0	0	0	0	1	0	0	1	0
1	1	0	0	0	0	1	0	0	0	0	0	0	0	0	0	0	0	0	1	0
1	0	0	0	0	1	1	1	0	0	0	0	0	0	0	0	0	0	0	1	0
0	0	0	0	1	0	0	0	0	0	0	0	0	0	0	0	0	0	0	1	0
0	0	0	1	0	0	1	0	0	0	0	0	0	0	0	0	0	0	0	1	0
0	0	1	0	0	0	0	1	0	0	0	0	0	0	0	0	1	0	0	0	0
0	0	0	0	0	0	1	0	0	0	0	0	0	0	0	0	0	0	0	0	0
0	1	0	0	0	0	0	0	0	0	0	0	0	0	0	0	1	0	0	1	0
1	1	0	1	0	1	0	1	1	0	0	0	0	1	0	1	1	1	0	1	0
0	0	0	0	0	0	1	0	0	0	0	0	0	0	0	0	1	0	0	1	0
0	0	0	0	0	0	0	1	0	0	0	0	0	0	0	0	0	0	0	1	0
1	0	0	0	1	0	1	1	1	1	1	1	1	0	0	1	1	1	1	0	1
0	0	0	1	0	0	0	0	0	0	0	0	0	0	0	0	0	0	0	1	0
DIFF_EDGE
0 0
CHROM_NUMBER
7
EOF
