TYPE : graph_{count}
DIMENSION: 17
EDGE_DATA_FORMAT: EDGE_LIST
EDGE_WEIGHT_TYPE: EXPLICIT
EDGE_WEIGHT_FORMAT: FULL_MATRIX
EDGE_DATA_SECTION
0 1
0 2
0 3
0 5
0 8
0 10
0 11
0 12
0 13
0 16
1 3
1 8
1 10
1 11
1 12
1 13
1 16
2 5
2 9
2 13
3 6
3 7
3 8
3 11
3 12
3 13
3 16
4 5
4 7
4 8
4 10
4 12
4 16
5 6
5 7
5 15
6 8
8 10
8 11
8 12
8 13
8 16
9 12
10 11
10 12
10 13
11 12
11 13
11 15
11 16
12 13
12 14
12 16
13 16
-1
EDGE_WEIGHT_SECTION
0	1	1	1	0	1	0	0	1	0	1	1	1	1	0	0	1
1	0	0	1	0	0	0	0	1	0	1	1	1	1	0	0	1
1	0	0	0	0	1	0	0	0	1	0	0	0	1	0	0	0
1	1	0	0	0	0	1	1	1	0	0	1	1	1	0	0	1
0	0	0	0	0	1	0	1	1	0	1	0	1	0	0	0	1
1	0	1	0	1	0	1	1	0	0	0	0	0	0	0	1	0
0	0	0	1	0	1	0	0	1	0	0	0	0	0	0	0	0
0	0	0	1	1	1	0	0	0	0	0	0	0	0	0	0	0
1	1	0	1	1	0	1	0	0	0	1	1	1	1	0	0	1
0	0	1	0	0	0	0	0	0	0	0	0	1	0	0	0	0
1	1	0	0	1	0	0	0	1	0	0	1	1	1	0	0	0
1	1	0	1	0	0	0	0	1	0	1	1	1	1	0	1	1
1	1	0	1	1	0	0	0	1	1	1	1	1	1	1	0	1
1	1	1	1	0	0	0	0	1	0	1	1	1	1	0	0	1
0	0	0	0	0	0	0	0	0	0	0	0	1	0	0	0	0
0	0	0	0	0	1	0	0	0	0	0	1	0	0	0	0	0
1	1	0	1	1	0	0	0	1	0	0	1	1	1	0	0	1
DIFF_EDGE
0 0
CHROM_NUMBER
9
EOF
