TYPE : graph_{count}
DIMENSION: 20
EDGE_DATA_FORMAT: EDGE_LIST
EDGE_WEIGHT_TYPE: EXPLICIT
EDGE_WEIGHT_FORMAT: FULL_MATRIX
EDGE_DATA_SECTION
0 1
0 2
0 5
0 6
0 7
0 8
0 9
0 10
0 13
0 14
0 17
1 2
1 5
1 6
1 8
1 13
1 17
1 19
2 4
2 10
2 12
2 17
3 6
3 7
3 9
3 13
3 17
4 6
4 8
4 13
5 15
5 16
6 7
6 9
6 11
6 13
6 17
6 18
7 17
8 10
8 11
8 13
8 17
9 10
9 13
9 15
10 13
10 17
10 18
12 13
13 17
15 16
15 17
16 17
-1
EDGE_WEIGHT_SECTION
0	1	1	0	0	1	1	1	1	1	1	0	0	1	1	0	0	1	0	0
1	0	1	0	0	1	1	0	1	0	0	0	0	1	0	0	0	1	0	1
1	1	0	0	1	0	0	0	0	0	1	0	1	0	0	0	0	1	0	0
0	0	0	0	0	0	1	1	0	1	0	0	0	1	0	0	0	1	0	0
0	0	1	0	0	0	1	0	1	0	0	0	0	1	0	0	0	0	0	0
1	1	0	0	0	0	0	0	0	0	0	0	0	0	0	1	1	0	0	0
1	1	0	1	1	0	0	1	0	1	0	1	0	1	0	0	0	1	1	0
1	0	0	1	0	0	1	0	0	0	0	0	0	0	0	0	0	1	0	0
1	1	0	0	1	0	0	0	0	0	1	1	0	1	0	0	0	1	0	0
1	0	0	1	0	0	1	0	0	0	1	0	0	1	0	1	0	0	0	0
1	0	1	0	0	0	0	0	1	1	0	0	0	1	0	0	0	1	1	0
0	0	0	0	0	0	1	0	1	0	0	0	0	0	0	0	0	0	0	0
0	0	1	0	0	0	0	0	0	0	0	0	0	1	0	0	0	0	0	0
1	1	0	1	1	0	1	0	1	1	1	0	1	0	0	0	0	1	0	0
1	0	0	0	0	0	0	0	0	0	0	0	0	0	0	0	0	0	0	0
0	0	0	0	0	1	0	0	0	1	0	0	0	0	0	0	1	1	0	0
0	0	0	0	0	1	0	0	0	0	0	0	0	0	0	1	0	1	0	0
1	1	1	1	0	0	1	1	1	0	1	0	0	1	0	1	1	0	0	0
0	0	0	0	0	0	1	0	0	0	1	0	0	0	0	0	0	0	0	0
0	1	0	0	0	0	0	0	0	0	0	0	0	0	0	0	0	0	0	0
DIFF_EDGE
0 0
CHROM_NUMBER
8
EOF
