TYPE : graph_{count}
DIMENSION: 19
EDGE_DATA_FORMAT: EDGE_LIST
EDGE_WEIGHT_TYPE: EXPLICIT
EDGE_WEIGHT_FORMAT: FULL_MATRIX
EDGE_DATA_SECTION
0 1
0 2
0 3
0 7
0 10
0 11
1 3
1 4
1 5
1 10
1 12
1 17
2 3
2 4
2 7
2 8
2 9
2 15
2 17
3 4
3 6
3 7
3 14
4 5
4 8
4 10
4 13
4 18
5 6
5 7
5 8
5 9
5 14
6 8
6 9
6 12
6 14
7 8
7 9
7 10
7 13
7 14
8 9
8 14
9 10
9 14
9 16
9 18
10 14
13 14
14 15
-1
EDGE_WEIGHT_SECTION
0	1	1	1	0	0	0	1	0	0	1	1	0	0	0	0	0	0	0
1	0	0	1	1	1	0	0	0	0	1	0	1	0	0	0	0	1	0
1	0	0	1	1	0	0	1	1	1	0	0	0	0	0	1	0	1	0
1	1	1	0	1	0	1	1	0	0	0	0	0	0	1	0	0	0	0
0	1	1	1	0	1	0	0	1	0	1	0	0	1	0	0	0	0	1
0	1	0	0	1	0	1	1	1	1	0	0	0	0	1	0	0	0	0
0	0	0	1	0	1	0	0	1	1	0	0	1	0	1	0	0	0	0
1	0	1	1	0	1	0	0	1	1	1	0	0	1	1	0	0	0	0
0	0	1	0	1	1	1	1	0	1	0	0	0	0	1	0	0	0	0
0	0	1	0	0	1	1	1	1	0	1	0	0	0	1	0	1	0	1
1	1	0	0	1	0	0	1	0	1	0	0	0	0	1	0	0	0	0
1	0	0	0	0	0	0	0	0	0	0	0	0	0	0	0	0	0	0
0	1	0	0	0	0	1	0	0	0	0	0	0	0	0	0	0	0	0
0	0	0	0	1	0	0	1	0	0	0	0	0	0	1	0	0	0	0
0	0	0	1	0	1	1	1	1	1	1	0	0	1	1	1	0	0	0
0	0	1	0	0	0	0	0	0	0	0	0	0	0	1	0	0	0	0
0	0	0	0	0	0	0	0	0	1	0	0	0	0	0	0	0	0	0
0	1	1	0	0	0	0	0	0	0	0	0	0	0	0	0	0	0	0
0	0	0	0	1	0	0	0	0	1	0	0	0	0	0	0	0	0	0
DIFF_EDGE
0 0
CHROM_NUMBER
8
EOF
