TYPE : graph_{count}
DIMENSION: 17
EDGE_DATA_FORMAT: EDGE_LIST
EDGE_WEIGHT_TYPE: EXPLICIT
EDGE_WEIGHT_FORMAT: FULL_MATRIX
EDGE_DATA_SECTION
0 3
0 4
0 6
1 4
1 7
1 8
1 9
1 10
2 5
2 6
2 8
2 10
2 11
2 12
2 13
2 14
3 6
3 8
3 9
3 13
4 7
4 12
4 13
4 14
4 15
5 6
5 7
5 9
5 10
5 13
6 10
6 12
6 15
7 8
7 9
7 12
7 13
8 9
8 10
8 12
8 13
10 12
10 13
11 16
12 13
-1
EDGE_WEIGHT_SECTION
0	0	0	1	1	0	1	0	0	0	0	0	0	0	0	0	0
0	0	0	0	1	0	0	1	1	1	1	0	0	0	0	0	0
0	0	0	0	0	1	1	0	1	0	1	1	1	1	1	0	0
1	0	0	0	0	0	1	0	1	1	0	0	0	1	0	0	0
1	1	0	0	0	0	0	1	0	0	0	0	1	1	1	1	0
0	0	1	0	0	0	1	1	0	1	1	0	0	1	0	0	0
1	0	1	1	0	1	0	0	0	0	1	0	1	0	0	1	0
0	1	0	0	1	1	0	0	1	1	0	0	1	1	0	0	0
0	1	1	1	0	0	0	1	0	1	1	0	1	1	0	0	0
0	1	0	1	0	1	0	1	1	0	0	0	0	0	0	0	0
0	1	1	0	0	1	1	0	1	0	0	0	1	1	0	0	0
0	0	1	0	0	0	0	0	0	0	0	0	0	0	0	0	1
0	0	1	0	1	0	1	1	1	0	1	0	0	1	0	0	0
0	0	1	1	1	1	0	1	1	0	1	0	1	0	0	0	0
0	0	1	0	1	0	0	0	0	0	0	0	0	0	0	0	0
0	0	0	0	1	0	1	0	0	0	0	0	0	0	0	0	0
0	0	0	0	0	0	0	0	0	0	0	1	0	0	0	0	0
DIFF_EDGE
0 0
CHROM_NUMBER
8
EOF
