TYPE : graph_{count}
DIMENSION: 18
EDGE_DATA_FORMAT: EDGE_LIST
EDGE_WEIGHT_TYPE: EXPLICIT
EDGE_WEIGHT_FORMAT: FULL_MATRIX
EDGE_DATA_SECTION
0 2
0 3
0 10
0 14
0 15
1 4
1 9
1 11
1 14
2 3
2 6
2 7
2 8
2 10
2 11
2 14
2 15
3 4
3 7
3 9
3 15
4 8
4 9
4 10
4 13
4 14
5 7
5 8
5 10
5 15
5 17
6 14
7 8
7 14
8 12
9 10
9 14
9 15
9 17
10 12
10 14
10 15
11 14
13 14
13 15
14 15
15 16
-1
EDGE_WEIGHT_SECTION
0	0	1	1	0	0	0	0	0	0	1	0	0	0	1	1	0	0
0	0	0	0	1	0	0	0	0	1	0	1	0	0	1	0	0	0
1	0	0	1	0	0	1	1	1	0	1	1	0	0	1	1	0	0
1	0	1	0	1	0	0	1	0	1	0	0	0	0	0	1	0	0
0	1	0	1	0	0	0	0	1	1	1	0	0	1	1	0	0	0
0	0	0	0	0	0	0	1	1	0	1	0	0	0	0	1	0	1
0	0	1	0	0	0	0	0	0	0	0	0	0	0	1	0	0	0
0	0	1	1	0	1	0	0	1	0	0	0	0	0	1	0	0	0
0	0	1	0	1	1	0	1	0	0	0	0	1	0	0	0	0	0
0	1	0	1	1	0	0	0	0	0	1	0	0	0	1	1	0	1
1	0	1	0	1	1	0	0	0	1	0	0	1	0	1	1	0	0
0	1	1	0	0	0	0	0	0	0	0	0	0	0	1	0	0	0
0	0	0	0	0	0	0	0	1	0	1	0	0	0	0	0	0	0
0	0	0	0	1	0	0	0	0	0	0	0	0	0	1	1	0	0
1	1	1	0	1	0	1	1	0	1	1	1	0	1	0	1	0	0
1	0	1	1	0	1	0	0	0	1	1	0	0	1	1	1	1	0
0	0	0	0	0	0	0	0	0	0	0	0	0	0	0	1	0	0
0	0	0	0	0	1	0	0	0	1	0	0	0	0	0	0	0	0
DIFF_EDGE
0 0
CHROM_NUMBER
8
EOF
