TYPE : graph_{count}
DIMENSION: 17
EDGE_DATA_FORMAT: EDGE_LIST
EDGE_WEIGHT_TYPE: EXPLICIT
EDGE_WEIGHT_FORMAT: FULL_MATRIX
EDGE_DATA_SECTION
0 1
0 9
0 10
0 14
1 2
1 3
1 5
1 7
1 8
2 3
2 4
2 6
2 8
2 9
2 10
2 15
3 4
3 8
3 10
4 6
4 7
4 10
5 6
5 7
5 8
5 10
5 15
6 11
6 12
6 14
6 16
7 10
8 10
9 12
10 11
10 13
-1
EDGE_WEIGHT_SECTION
0	1	0	0	0	0	0	0	0	1	1	0	0	0	1	0	0
1	0	1	1	0	1	0	1	1	0	0	0	0	0	0	0	0
0	1	0	1	1	0	1	0	1	1	1	0	0	0	0	1	0
0	1	1	0	1	0	0	0	1	0	1	0	0	0	0	0	0
0	0	1	1	0	0	1	1	0	0	1	0	0	0	0	0	0
0	1	0	0	0	0	1	1	1	0	1	0	0	0	0	1	0
0	0	1	0	1	1	0	0	0	0	0	1	1	0	1	0	1
0	1	0	0	1	1	0	0	0	0	1	0	0	0	0	0	0
0	1	1	1	0	1	0	0	0	0	1	0	0	0	0	0	0
1	0	1	0	0	0	0	0	0	0	0	0	1	0	0	0	0
1	0	1	1	1	1	0	1	1	0	0	1	0	1	0	0	0
0	0	0	0	0	0	1	0	0	0	1	0	0	0	0	0	0
0	0	0	0	0	0	1	0	0	1	0	0	0	0	0	0	0
0	0	0	0	0	0	0	0	0	0	1	0	0	0	0	0	0
1	0	0	0	0	0	1	0	0	0	0	0	0	0	0	0	0
0	0	1	0	0	1	0	0	0	0	0	0	0	0	0	0	0
0	0	0	0	0	0	1	0	0	0	0	0	0	0	0	0	0
DIFF_EDGE
0 0
CHROM_NUMBER
6
EOF
