TYPE : graph_{count}
DIMENSION: 20
EDGE_DATA_FORMAT: EDGE_LIST
EDGE_WEIGHT_TYPE: EXPLICIT
EDGE_WEIGHT_FORMAT: FULL_MATRIX
EDGE_DATA_SECTION
0 3
0 6
0 7
0 8
0 9
0 10
0 13
0 17
1 3
1 4
1 12
2 3
2 6
2 7
2 9
3 5
3 6
3 7
3 9
4 7
4 9
5 8
5 10
5 16
5 19
7 10
8 9
8 10
8 13
9 11
9 13
9 18
10 13
10 18
11 13
12 13
12 14
12 16
13 15
-1
EDGE_WEIGHT_SECTION
0	0	0	1	0	0	1	1	1	1	1	0	0	1	0	0	0	1	0	0
0	0	0	1	1	0	0	0	0	0	0	0	1	0	0	0	0	0	0	0
0	0	0	1	0	0	1	1	0	1	0	0	0	0	0	0	0	0	0	0
1	1	1	0	0	1	1	1	0	1	0	0	0	0	0	0	0	0	0	0
0	1	0	0	0	0	0	1	0	1	0	0	0	0	0	0	0	0	0	0
0	0	0	1	0	0	0	0	1	0	1	0	0	0	0	0	1	0	0	1
1	0	1	1	0	0	0	0	0	0	0	0	0	0	0	0	0	0	0	0
1	0	1	1	1	0	0	0	0	0	1	0	0	0	0	0	0	0	0	0
1	0	0	0	0	1	0	0	0	1	1	0	0	1	0	0	0	0	0	0
1	0	1	1	1	0	0	0	1	0	0	1	0	1	0	0	0	0	1	0
1	0	0	0	0	1	0	1	1	0	0	0	0	1	0	0	0	0	1	0
0	0	0	0	0	0	0	0	0	1	0	0	0	1	0	0	0	0	0	0
0	1	0	0	0	0	0	0	0	0	0	0	0	1	1	0	1	0	0	0
1	0	0	0	0	0	0	0	1	1	1	1	1	1	0	1	0	0	0	0
0	0	0	0	0	0	0	0	0	0	0	0	1	0	0	0	0	0	0	0
0	0	0	0	0	0	0	0	0	0	0	0	0	1	0	0	0	0	0	0
0	0	0	0	0	1	0	0	0	0	0	0	1	0	0	0	0	0	0	0
1	0	0	0	0	0	0	0	0	0	0	0	0	0	0	0	0	0	0	0
0	0	0	0	0	0	0	0	0	1	1	0	0	0	0	0	0	0	0	0
0	0	0	0	0	1	0	0	0	0	0	0	0	0	0	0	0	0	0	0
DIFF_EDGE
0 0
CHROM_NUMBER
6
EOF
