TYPE : graph_{count}
DIMENSION: 17
EDGE_DATA_FORMAT: EDGE_LIST
EDGE_WEIGHT_TYPE: EXPLICIT
EDGE_WEIGHT_FORMAT: FULL_MATRIX
EDGE_DATA_SECTION
0 1
0 2
0 3
0 5
0 8
0 9
0 11
0 15
0 16
1 5
1 6
1 7
1 15
2 7
2 8
2 9
2 10
2 11
2 16
3 4
3 8
3 9
3 15
4 5
4 6
4 7
4 13
5 6
5 7
6 7
6 8
6 9
6 10
6 11
6 15
6 16
7 8
7 10
7 15
7 16
8 11
8 14
8 15
8 16
9 10
9 11
9 14
9 15
9 16
10 15
11 12
11 15
11 16
12 13
12 15
12 16
15 16
-1
EDGE_WEIGHT_SECTION
0	1	1	1	0	1	0	0	1	1	0	1	0	0	0	1	1
1	0	0	0	0	1	1	1	0	0	0	0	0	0	0	1	0
1	0	0	0	0	0	0	1	1	1	1	1	0	0	0	0	1
1	0	0	0	1	0	0	0	1	1	0	0	0	0	0	1	0
0	0	0	1	0	1	1	1	0	0	0	0	0	1	0	0	0
1	1	0	0	1	0	1	1	0	0	0	0	0	0	0	0	0
0	1	0	0	1	1	0	1	1	1	1	1	0	0	0	1	1
0	1	1	0	1	1	1	0	1	0	1	0	0	0	0	1	1
1	0	1	1	0	0	1	1	0	0	0	1	0	0	1	1	1
1	0	1	1	0	0	1	0	0	0	1	1	0	0	1	1	1
0	0	1	0	0	0	1	1	0	1	0	0	0	0	0	1	0
1	0	1	0	0	0	1	0	1	1	0	0	1	0	0	1	1
0	0	0	0	0	0	0	0	0	0	0	1	0	1	0	1	1
0	0	0	0	1	0	0	0	0	0	0	0	1	0	0	0	0
0	0	0	0	0	0	0	0	1	1	0	0	0	0	0	0	0
1	1	0	1	0	0	1	1	1	1	1	1	1	0	0	1	1
1	0	1	0	0	0	1	1	1	1	0	1	1	0	0	1	0
DIFF_EDGE
0 0
CHROM_NUMBER
9
EOF
