TYPE : graph_{count}
DIMENSION: 20
EDGE_DATA_FORMAT: EDGE_LIST
EDGE_WEIGHT_TYPE: EXPLICIT
EDGE_WEIGHT_FORMAT: FULL_MATRIX
EDGE_DATA_SECTION
0 3
0 7
0 9
0 18
0 19
1 2
1 7
1 8
1 9
1 10
1 11
1 18
2 8
2 9
2 11
2 16
3 5
3 11
3 16
3 17
3 18
4 5
4 6
4 7
4 8
4 9
4 11
4 17
4 18
4 19
5 6
5 13
5 14
5 19
6 8
6 10
6 18
7 8
7 9
7 10
7 11
7 14
7 18
7 19
8 10
8 11
8 18
8 19
9 10
9 19
10 11
10 18
11 12
11 13
12 18
12 19
13 15
13 18
14 15
14 18
15 19
16 19
17 18
18 19
-1
EDGE_WEIGHT_SECTION
0	0	0	1	0	0	0	1	0	1	0	0	0	0	0	0	0	0	1	1
0	0	1	0	0	0	0	1	1	1	1	1	0	0	0	0	0	0	1	0
0	1	0	0	0	0	0	0	1	1	0	1	0	0	0	0	1	0	0	0
1	0	0	0	0	1	0	0	0	0	0	1	0	0	0	0	1	1	1	0
0	0	0	0	0	1	1	1	1	1	0	1	0	0	0	0	0	1	1	1
0	0	0	1	1	0	1	0	0	0	0	0	0	1	1	0	0	0	0	1
0	0	0	0	1	1	0	0	1	0	1	0	0	0	0	0	0	0	1	0
1	1	0	0	1	0	0	0	1	1	1	1	0	0	1	0	0	0	1	1
0	1	1	0	1	0	1	1	0	0	1	1	0	0	0	0	0	0	1	1
1	1	1	0	1	0	0	1	0	0	1	0	0	0	0	0	0	0	0	1
0	1	0	0	0	0	1	1	1	1	0	1	0	0	0	0	0	0	1	0
0	1	1	1	1	0	0	1	1	0	1	0	1	1	0	0	0	0	0	0
0	0	0	0	0	0	0	0	0	0	0	1	0	0	0	0	0	0	1	1
0	0	0	0	0	1	0	0	0	0	0	1	0	0	0	1	0	0	1	0
0	0	0	0	0	1	0	1	0	0	0	0	0	0	0	1	0	0	1	0
0	0	0	0	0	0	0	0	0	0	0	0	0	1	1	0	0	0	0	1
0	0	1	1	0	0	0	0	0	0	0	0	0	0	0	0	0	0	0	1
0	0	0	1	1	0	0	0	0	0	0	0	0	0	0	0	0	0	1	0
1	1	0	1	1	0	1	1	1	0	1	0	1	1	1	0	0	1	1	1
1	0	0	0	1	1	0	1	1	1	0	0	1	0	0	1	1	0	1	1
DIFF_EDGE
0 0
CHROM_NUMBER
9
EOF
