TYPE : graph_{count}
DIMENSION: 17
EDGE_DATA_FORMAT: EDGE_LIST
EDGE_WEIGHT_TYPE: EXPLICIT
EDGE_WEIGHT_FORMAT: FULL_MATRIX
EDGE_DATA_SECTION
0 1
0 2
0 5
0 8
0 10
0 12
1 3
1 7
1 8
1 11
2 3
2 5
2 7
3 5
3 6
3 7
3 8
3 9
3 10
3 11
3 13
3 15
4 6
5 6
6 7
6 8
6 10
6 12
6 13
6 14
7 8
7 9
7 11
7 13
7 16
8 10
8 11
8 13
9 10
9 11
9 13
11 13
11 14
12 13
-1
EDGE_WEIGHT_SECTION
0	1	1	0	0	1	0	0	1	0	1	0	1	0	0	0	0
1	0	0	1	0	0	0	1	1	0	0	1	0	0	0	0	0
1	0	0	1	0	1	0	1	0	0	0	0	0	0	0	0	0
0	1	1	0	0	1	1	1	1	1	1	1	0	1	0	1	0
0	0	0	0	0	0	1	0	0	0	0	0	0	0	0	0	0
1	0	1	1	0	0	1	0	0	0	0	0	0	0	0	0	0
0	0	0	1	1	1	0	1	1	0	1	0	1	1	1	0	0
0	1	1	1	0	0	1	0	1	1	0	1	0	1	0	0	1
1	1	0	1	0	0	1	1	0	0	1	1	0	1	0	0	0
0	0	0	1	0	0	0	1	0	0	1	1	0	1	0	0	0
1	0	0	1	0	0	1	0	1	1	0	0	0	0	0	0	0
0	1	0	1	0	0	0	1	1	1	0	0	0	1	1	0	0
1	0	0	0	0	0	1	0	0	0	0	0	0	1	0	0	0
0	0	0	1	0	0	1	1	1	1	0	1	1	0	0	0	0
0	0	0	0	0	0	1	0	0	0	0	1	0	0	0	0	0
0	0	0	1	0	0	0	0	0	0	0	0	0	0	0	0	0
0	0	0	0	0	0	0	1	0	0	0	0	0	0	0	0	0
DIFF_EDGE
0 0
CHROM_NUMBER
8
EOF
