TYPE : graph_{count}
DIMENSION: 21
EDGE_DATA_FORMAT: EDGE_LIST
EDGE_WEIGHT_TYPE: EXPLICIT
EDGE_WEIGHT_FORMAT: FULL_MATRIX
EDGE_DATA_SECTION
0 1
0 2
0 4
0 6
0 7
0 11
1 5
1 6
1 7
1 8
1 10
1 12
1 13
1 15
1 17
2 3
2 4
2 5
2 12
2 14
2 15
3 6
3 7
3 9
3 11
3 19
4 9
4 13
5 7
5 8
5 10
5 15
5 19
6 7
6 8
6 10
6 12
6 14
6 15
6 20
7 8
7 10
7 12
7 15
8 9
8 12
8 15
9 10
9 12
9 15
9 18
10 15
12 15
12 16
14 15
-1
EDGE_WEIGHT_SECTION
0	1	1	0	1	0	1	1	0	0	0	1	0	0	0	0	0	0	0	0	0
1	0	0	0	0	1	1	1	1	0	1	0	1	1	0	1	0	1	0	0	0
1	0	0	1	1	1	0	0	0	0	0	0	1	0	1	1	0	0	0	0	0
0	0	1	0	0	0	1	1	0	1	0	1	0	0	0	0	0	0	0	1	0
1	0	1	0	0	0	0	0	0	1	0	0	0	1	0	0	0	0	0	0	0
0	1	1	0	0	0	0	1	1	0	1	0	0	0	0	1	0	0	0	1	0
1	1	0	1	0	0	0	1	1	0	1	0	1	0	1	1	0	0	0	0	1
1	1	0	1	0	1	1	0	1	0	1	0	1	0	0	1	0	0	0	0	0
0	1	0	0	0	1	1	1	0	1	0	0	1	0	0	1	0	0	0	0	0
0	0	0	1	1	0	0	0	1	0	1	0	1	0	0	1	0	0	1	0	0
0	1	0	0	0	1	1	1	0	1	0	0	0	0	0	1	0	0	0	0	0
1	0	0	1	0	0	0	0	0	0	0	0	0	0	0	0	0	0	0	0	0
0	1	1	0	0	0	1	1	1	1	0	0	0	0	0	1	1	0	0	0	0
0	1	0	0	1	0	0	0	0	0	0	0	0	0	0	0	0	0	0	0	0
0	0	1	0	0	0	1	0	0	0	0	0	0	0	0	1	0	0	0	0	0
0	1	1	0	0	1	1	1	1	1	1	0	1	0	1	1	0	0	0	0	0
0	0	0	0	0	0	0	0	0	0	0	0	1	0	0	0	0	0	0	0	0
0	1	0	0	0	0	0	0	0	0	0	0	0	0	0	0	0	0	0	0	0
0	0	0	0	0	0	0	0	0	1	0	0	0	0	0	0	0	0	0	0	0
0	0	0	1	0	1	0	0	0	0	0	0	0	0	0	0	0	0	0	0	0
0	0	0	0	0	0	1	0	0	0	0	0	0	0	0	0	0	0	0	0	0
DIFF_EDGE
0 0
CHROM_NUMBER
8
EOF
