TYPE : graph_{count}
DIMENSION: 18
EDGE_DATA_FORMAT: EDGE_LIST
EDGE_WEIGHT_TYPE: EXPLICIT
EDGE_WEIGHT_FORMAT: FULL_MATRIX
EDGE_DATA_SECTION
0 1
0 6
0 8
0 10
0 11
0 12
0 14
0 17
1 4
1 6
1 7
1 9
1 10
1 11
1 12
1 17
2 7
2 10
2 12
3 4
3 5
3 6
3 9
3 12
3 17
4 6
4 10
4 11
4 17
5 6
5 9
5 11
5 12
6 8
6 10
6 11
6 12
6 13
6 17
7 10
8 12
9 11
10 11
10 12
10 17
11 12
11 17
12 17
13 15
13 16
13 17
14 17
-1
EDGE_WEIGHT_SECTION
0	1	0	0	0	0	1	0	1	0	1	1	1	0	1	0	0	1
1	0	0	0	1	0	1	1	0	1	1	1	1	0	0	0	0	1
0	0	0	0	0	0	0	1	0	0	1	0	1	0	0	0	0	0
0	0	0	0	1	1	1	0	0	1	0	0	1	0	0	0	0	1
0	1	0	1	0	0	1	0	0	0	1	1	0	0	0	0	0	1
0	0	0	1	0	0	1	0	0	1	0	1	1	0	0	0	0	0
1	1	0	1	1	1	0	0	1	0	1	1	1	1	0	0	0	1
0	1	1	0	0	0	0	0	0	0	1	0	0	0	0	0	0	0
1	0	0	0	0	0	1	0	0	0	0	0	1	0	0	0	0	0
0	1	0	1	0	1	0	0	0	0	0	1	0	0	0	0	0	0
1	1	1	0	1	0	1	1	0	0	0	1	1	0	0	0	0	1
1	1	0	0	1	1	1	0	0	1	1	0	1	0	0	0	0	1
1	1	1	1	0	1	1	0	1	0	1	1	0	0	0	0	0	1
0	0	0	0	0	0	1	0	0	0	0	0	0	0	0	1	1	1
1	0	0	0	0	0	0	0	0	0	0	0	0	0	0	0	0	1
0	0	0	0	0	0	0	0	0	0	0	0	0	1	0	0	0	0
0	0	0	0	0	0	0	0	0	0	0	0	0	1	0	0	0	0
1	1	0	1	1	0	1	0	0	0	1	1	1	1	1	0	0	1
DIFF_EDGE
0 0
CHROM_NUMBER
7
EOF
