TYPE : graph_{count}
DIMENSION: 20
EDGE_DATA_FORMAT: EDGE_LIST
EDGE_WEIGHT_TYPE: EXPLICIT
EDGE_WEIGHT_FORMAT: FULL_MATRIX
EDGE_DATA_SECTION
0 1
0 6
0 8
0 11
0 13
1 2
1 3
1 4
1 5
1 6
1 9
1 15
1 19
2 5
2 7
2 11
2 13
2 18
2 19
3 4
3 7
3 8
3 14
3 18
3 19
4 5
4 11
4 19
5 7
5 10
5 11
5 12
6 7
6 11
6 18
6 19
7 17
7 19
9 11
10 17
10 19
11 16
11 18
11 19
12 19
13 18
13 19
14 18
15 16
15 18
15 19
17 18
18 19
-1
EDGE_WEIGHT_SECTION
0	1	0	0	0	0	1	0	1	0	0	1	0	1	0	0	0	0	0	0
1	0	1	1	1	1	1	0	0	1	0	0	0	0	0	1	0	0	0	1
0	1	0	0	0	1	0	1	0	0	0	1	0	1	0	0	0	0	1	1
0	1	0	0	1	0	0	1	1	0	0	0	0	0	1	0	0	0	1	1
0	1	0	1	0	1	0	0	0	0	0	1	0	0	0	0	0	0	0	1
0	1	1	0	1	0	0	1	0	0	1	1	1	0	0	0	0	0	0	0
1	1	0	0	0	0	0	1	0	0	0	1	0	0	0	0	0	0	1	1
0	0	1	1	0	1	1	0	0	0	0	0	0	0	0	0	0	1	0	1
1	0	0	1	0	0	0	0	0	0	0	0	0	0	0	0	0	0	0	0
0	1	0	0	0	0	0	0	0	0	0	1	0	0	0	0	0	0	0	0
0	0	0	0	0	1	0	0	0	0	0	0	0	0	0	0	0	1	0	1
1	0	1	0	1	1	1	0	0	1	0	0	0	0	0	0	1	0	1	1
0	0	0	0	0	1	0	0	0	0	0	0	0	0	0	0	0	0	0	1
1	0	1	0	0	0	0	0	0	0	0	0	0	0	0	0	0	0	1	1
0	0	0	1	0	0	0	0	0	0	0	0	0	0	0	0	0	0	1	0
0	1	0	0	0	0	0	0	0	0	0	0	0	0	0	0	1	0	1	1
0	0	0	0	0	0	0	0	0	0	0	1	0	0	0	1	0	0	0	0
0	0	0	0	0	0	0	1	0	0	1	0	0	0	0	0	0	0	1	0
0	0	1	1	0	0	1	0	0	0	0	1	0	1	1	1	0	1	0	1
0	1	1	1	1	0	1	1	0	0	1	1	1	1	0	1	0	0	1	1
DIFF_EDGE
0 0
CHROM_NUMBER
8
EOF
