TYPE : graph_{count}
DIMENSION: 20
EDGE_DATA_FORMAT: EDGE_LIST
EDGE_WEIGHT_TYPE: EXPLICIT
EDGE_WEIGHT_FORMAT: FULL_MATRIX
EDGE_DATA_SECTION
0 2
0 5
0 8
0 10
0 11
0 12
0 15
1 4
1 6
1 14
1 19
2 5
2 7
2 9
2 10
2 11
2 19
3 7
3 9
3 10
3 11
3 14
4 5
4 8
4 12
4 16
4 17
5 7
5 8
5 9
5 10
5 11
5 19
6 8
6 11
6 18
6 19
7 8
7 9
7 10
7 11
7 19
8 10
8 11
9 10
9 11
9 18
9 19
10 11
10 17
10 19
11 13
11 19
13 19
17 19
18 19
-1
EDGE_WEIGHT_SECTION
0	0	1	0	0	1	0	0	1	0	1	1	1	0	0	1	0	0	0	0
0	0	0	0	1	0	1	0	0	0	0	0	0	0	1	0	0	0	0	1
1	0	0	0	0	1	0	1	0	1	1	1	0	0	0	0	0	0	0	1
0	0	0	0	0	0	0	1	0	1	1	1	0	0	1	0	0	0	0	0
0	1	0	0	0	1	0	0	1	0	0	0	1	0	0	0	1	1	0	0
1	0	1	0	1	0	0	1	1	1	1	1	0	0	0	0	0	0	0	1
0	1	0	0	0	0	0	0	1	0	0	1	0	0	0	0	0	0	1	1
0	0	1	1	0	1	0	0	1	1	1	1	0	0	0	0	0	0	0	1
1	0	0	0	1	1	1	1	0	0	1	1	0	0	0	0	0	0	0	0
0	0	1	1	0	1	0	1	0	0	1	1	0	0	0	0	0	0	1	1
1	0	1	1	0	1	0	1	1	1	0	1	0	0	0	0	0	1	0	1
1	0	1	1	0	1	1	1	1	1	1	0	0	1	0	0	0	0	0	1
1	0	0	0	1	0	0	0	0	0	0	0	0	0	0	0	0	0	0	0
0	0	0	0	0	0	0	0	0	0	0	1	0	0	0	0	0	0	0	1
0	1	0	1	0	0	0	0	0	0	0	0	0	0	0	0	0	0	0	0
1	0	0	0	0	0	0	0	0	0	0	0	0	0	0	0	0	0	0	0
0	0	0	0	1	0	0	0	0	0	0	0	0	0	0	0	0	0	0	0
0	0	0	0	1	0	0	0	0	0	1	0	0	0	0	0	0	0	0	1
0	0	0	0	0	0	1	0	0	1	0	0	0	0	0	0	0	0	0	1
0	1	1	0	0	1	1	1	0	1	1	1	0	1	0	0	0	1	1	0
DIFF_EDGE
0 0
CHROM_NUMBER
9
EOF
