TYPE : graph_{count}
DIMENSION: 16
EDGE_DATA_FORMAT: EDGE_LIST
EDGE_WEIGHT_TYPE: EXPLICIT
EDGE_WEIGHT_FORMAT: FULL_MATRIX
EDGE_DATA_SECTION
0 1
0 2
0 3
0 7
0 12
0 15
1 3
1 7
1 10
1 13
1 15
2 7
2 8
2 10
2 13
2 14
2 15
3 7
3 9
4 6
4 10
4 15
5 6
5 7
5 8
5 14
6 7
6 10
7 8
7 10
7 11
9 15
11 14
11 15
12 14
13 14
14 15
-1
EDGE_WEIGHT_SECTION
0	1	1	1	0	0	0	1	0	0	0	0	1	0	0	1
1	0	0	1	0	0	0	1	0	0	1	0	0	1	0	1
1	0	0	0	0	0	0	1	1	0	1	0	0	1	1	1
1	1	0	0	0	0	0	1	0	1	0	0	0	0	0	0
0	0	0	0	0	0	1	0	0	0	1	0	0	0	0	1
0	0	0	0	0	0	1	1	1	0	0	0	0	0	1	0
0	0	0	0	1	1	0	1	0	0	1	0	0	0	0	0
1	1	1	1	0	1	1	0	1	0	1	1	0	0	0	0
0	0	1	0	0	1	0	1	0	0	0	0	0	0	0	0
0	0	0	1	0	0	0	0	0	0	0	0	0	0	0	1
0	1	1	0	1	0	1	1	0	0	0	0	0	0	0	0
0	0	0	0	0	0	0	1	0	0	0	0	0	0	1	1
1	0	0	0	0	0	0	0	0	0	0	0	0	0	1	0
0	1	1	0	0	0	0	0	0	0	0	0	0	0	1	0
0	0	1	0	0	1	0	0	0	0	0	1	1	1	0	1
1	1	1	0	1	0	0	0	0	1	0	1	0	0	1	1
DIFF_EDGE
0 0
CHROM_NUMBER
6
EOF
