TYPE : graph_{count}
DIMENSION: 16
EDGE_DATA_FORMAT: EDGE_LIST
EDGE_WEIGHT_TYPE: EXPLICIT
EDGE_WEIGHT_FORMAT: FULL_MATRIX
EDGE_DATA_SECTION
0 2
0 3
0 4
0 8
0 10
0 11
0 14
0 15
1 9
1 15
2 4
2 5
2 6
2 11
2 12
2 14
2 15
3 4
3 7
3 10
3 15
4 7
4 10
4 11
4 13
5 8
5 11
5 14
6 9
7 14
8 10
9 10
9 11
9 14
9 15
10 11
10 12
10 14
10 15
11 14
11 15
12 14
13 14
13 15
14 15
-1
EDGE_WEIGHT_SECTION
0	0	1	1	1	0	0	0	1	0	1	1	0	0	1	1
0	0	0	0	0	0	0	0	0	1	0	0	0	0	0	1
1	0	0	0	1	1	1	0	0	0	0	1	1	0	1	1
1	0	0	0	1	0	0	1	0	0	1	0	0	0	0	1
1	0	1	1	0	0	0	1	0	0	1	1	0	1	0	0
0	0	1	0	0	0	0	0	1	0	0	1	0	0	1	0
0	0	1	0	0	0	0	0	0	1	0	0	0	0	0	0
0	0	0	1	1	0	0	0	0	0	0	0	0	0	1	0
1	0	0	0	0	1	0	0	0	0	1	0	0	0	0	0
0	1	0	0	0	0	1	0	0	0	1	1	0	0	1	1
1	0	0	1	1	0	0	0	1	1	0	1	1	0	1	1
1	0	1	0	1	1	0	0	0	1	1	0	0	0	1	1
0	0	1	0	0	0	0	0	0	0	1	0	0	0	1	0
0	0	0	0	1	0	0	0	0	0	0	0	0	0	1	1
1	0	1	0	0	1	0	1	0	1	1	1	1	1	0	1
1	1	1	1	0	0	0	0	0	1	1	1	0	1	1	1
DIFF_EDGE
0 0
CHROM_NUMBER
7
EOF
