TYPE : graph_{count}
DIMENSION: 15
EDGE_DATA_FORMAT: EDGE_LIST
EDGE_WEIGHT_TYPE: EXPLICIT
EDGE_WEIGHT_FORMAT: FULL_MATRIX
EDGE_DATA_SECTION
0 3
0 4
0 8
0 10
0 12
1 2
1 3
1 4
1 6
1 7
1 11
2 3
2 5
2 6
2 8
2 10
2 12
3 5
3 7
3 12
3 13
4 8
5 6
5 7
5 8
5 11
5 12
6 10
6 12
7 8
7 12
8 10
9 10
10 13
11 12
13 14
-1
EDGE_WEIGHT_SECTION
0	0	0	1	1	0	0	0	1	0	1	0	1	0	0
0	0	1	1	1	0	1	1	0	0	0	1	0	0	0
0	1	0	1	0	1	1	0	1	0	1	0	1	0	0
1	1	1	0	0	1	0	1	0	0	0	0	1	1	0
1	1	0	0	0	0	0	0	1	0	0	0	0	0	0
0	0	1	1	0	0	1	1	1	0	0	1	1	0	0
0	1	1	0	0	1	0	0	0	0	1	0	1	0	0
0	1	0	1	0	1	0	0	1	0	0	0	1	0	0
1	0	1	0	1	1	0	1	0	0	1	0	0	0	0
0	0	0	0	0	0	0	0	0	0	1	0	0	0	0
1	0	1	0	0	0	1	0	1	1	0	0	0	1	0
0	1	0	0	0	1	0	0	0	0	0	0	1	0	0
1	0	1	1	0	1	1	1	0	0	0	1	0	0	0
0	0	0	1	0	0	0	0	0	0	1	0	0	0	1
0	0	0	0	0	0	0	0	0	0	0	0	0	1	0
DIFF_EDGE
0 0
CHROM_NUMBER
7
EOF
