TYPE : graph_{count}
DIMENSION: 19
EDGE_DATA_FORMAT: EDGE_LIST
EDGE_WEIGHT_TYPE: EXPLICIT
EDGE_WEIGHT_FORMAT: FULL_MATRIX
EDGE_DATA_SECTION
0 3
0 14
0 15
1 3
1 5
1 7
1 9
1 10
1 14
1 15
1 18
2 3
2 6
2 9
2 15
3 5
3 7
3 10
3 14
3 15
3 18
4 7
4 8
4 10
4 11
4 18
5 6
5 7
6 7
6 13
6 14
6 15
6 17
7 8
7 9
7 10
7 14
7 15
7 18
8 9
8 17
8 18
9 10
9 11
9 16
9 18
10 12
10 13
10 15
10 18
11 14
11 15
11 18
12 14
12 15
12 18
13 14
14 15
14 18
15 18
17 18
-1
EDGE_WEIGHT_SECTION
0	0	0	1	0	0	0	0	0	0	0	0	0	0	1	1	0	0	0
0	0	0	1	0	1	0	1	0	1	1	0	0	0	1	1	0	0	1
0	0	0	1	0	0	1	0	0	1	0	0	0	0	0	1	0	0	0
1	1	1	0	0	1	0	1	0	0	1	0	0	0	1	1	0	0	1
0	0	0	0	0	0	0	1	1	0	1	1	0	0	0	0	0	0	1
0	1	0	1	0	0	1	1	0	0	0	0	0	0	0	0	0	0	0
0	0	1	0	0	1	0	1	0	0	0	0	0	1	1	1	0	1	0
0	1	0	1	1	1	1	0	1	1	1	0	0	0	1	1	0	0	1
0	0	0	0	1	0	0	1	0	1	0	0	0	0	0	0	0	1	1
0	1	1	0	0	0	0	1	1	0	1	1	0	0	0	0	1	0	1
0	1	0	1	1	0	0	1	0	1	0	0	1	1	0	1	0	0	1
0	0	0	0	1	0	0	0	0	1	0	0	0	0	1	1	0	0	1
0	0	0	0	0	0	0	0	0	0	1	0	0	0	1	1	0	0	1
0	0	0	0	0	0	1	0	0	0	1	0	0	0	1	0	0	0	0
1	1	0	1	0	0	1	1	0	0	0	1	1	1	0	1	0	0	1
1	1	1	1	0	0	1	1	0	0	1	1	1	0	1	0	0	0	1
0	0	0	0	0	0	0	0	0	1	0	0	0	0	0	0	0	0	0
0	0	0	0	0	0	1	0	1	0	0	0	0	0	0	0	0	0	1
0	1	0	1	1	0	0	1	1	1	1	1	1	0	1	1	0	1	0
DIFF_EDGE
0 0
CHROM_NUMBER
9
EOF
