TYPE : graph_{count}
DIMENSION: 21
EDGE_DATA_FORMAT: EDGE_LIST
EDGE_WEIGHT_TYPE: EXPLICIT
EDGE_WEIGHT_FORMAT: FULL_MATRIX
EDGE_DATA_SECTION
0 1
0 2
0 3
0 5
0 8
0 10
0 11
0 13
0 18
1 6
1 8
1 10
1 14
1 17
2 4
2 8
2 10
2 11
2 12
2 13
2 14
2 15
2 20
3 4
3 5
3 9
3 10
3 14
3 15
3 17
3 20
4 7
4 8
4 9
4 10
4 11
4 13
4 14
4 15
4 17
4 20
5 9
5 10
6 9
6 10
6 12
6 13
6 14
6 15
6 17
7 8
7 10
8 11
8 13
8 14
8 15
8 19
8 20
9 10
9 11
9 19
9 20
10 11
10 13
10 14
10 15
10 17
10 20
11 13
11 14
11 15
11 16
11 17
11 20
12 17
13 14
13 15
13 17
13 20
14 15
14 17
14 20
15 17
15 20
17 20
19 20
-1
EDGE_WEIGHT_SECTION
0	1	1	1	0	1	0	0	1	0	1	1	0	1	0	0	0	0	1	0	0
1	0	0	0	0	0	1	0	1	0	1	0	0	0	1	0	0	1	0	0	0
1	0	0	0	1	0	0	0	1	0	1	1	1	1	1	1	0	0	0	0	1
1	0	0	0	1	1	0	0	0	1	1	0	0	0	1	1	0	1	0	0	1
0	0	1	1	0	0	0	1	1	1	1	1	0	1	1	1	0	1	0	0	1
1	0	0	1	0	0	0	0	0	1	1	0	0	0	0	0	0	0	0	0	0
0	1	0	0	0	0	0	0	0	1	1	0	1	1	1	1	0	1	0	0	0
0	0	0	0	1	0	0	0	1	0	1	0	0	0	0	0	0	0	0	0	0
1	1	1	0	1	0	0	1	0	0	0	1	0	1	1	1	0	0	0	1	1
0	0	0	1	1	1	1	0	0	0	1	1	0	0	0	0	0	0	0	1	1
1	1	1	1	1	1	1	1	0	1	0	1	0	1	1	1	0	1	0	0	1
1	0	1	0	1	0	0	0	1	1	1	0	0	1	1	1	1	1	0	0	1
0	0	1	0	0	0	1	0	0	0	0	0	0	0	0	0	0	1	0	0	0
1	0	1	0	1	0	1	0	1	0	1	1	0	0	1	1	0	1	0	0	1
0	1	1	1	1	0	1	0	1	0	1	1	0	1	0	1	0	1	0	0	1
0	0	1	1	1	0	1	0	1	0	1	1	0	1	1	0	0	1	0	0	1
0	0	0	0	0	0	0	0	0	0	0	1	0	0	0	0	0	0	0	0	0
0	1	0	1	1	0	1	0	0	0	1	1	1	1	1	1	0	0	0	0	1
1	0	0	0	0	0	0	0	0	0	0	0	0	0	0	0	0	0	0	0	0
0	0	0	0	0	0	0	0	1	1	0	0	0	0	0	0	0	0	0	0	1
0	0	1	1	1	0	0	0	1	1	1	1	0	1	1	1	0	1	0	1	0
DIFF_EDGE
0 0
CHROM_NUMBER
12
EOF
