TYPE : graph_{count}
DIMENSION: 20
EDGE_DATA_FORMAT: EDGE_LIST
EDGE_WEIGHT_TYPE: EXPLICIT
EDGE_WEIGHT_FORMAT: FULL_MATRIX
EDGE_DATA_SECTION
0 2
0 5
0 6
0 8
0 12
0 14
0 17
1 4
1 12
1 19
2 3
2 4
2 8
2 12
2 15
2 17
3 6
3 7
3 8
3 10
3 12
3 14
3 17
3 19
4 7
4 9
4 10
4 12
4 17
4 19
5 6
5 9
5 10
5 12
5 17
5 19
6 7
6 8
6 9
6 10
6 12
6 13
6 16
7 11
7 19
8 11
8 12
9 10
9 15
9 17
10 17
10 19
11 17
11 19
12 17
12 19
13 17
13 19
14 19
15 18
15 19
17 19
-1
EDGE_WEIGHT_SECTION
0	0	1	0	0	1	1	0	1	0	0	0	1	0	1	0	0	1	0	0
0	0	0	0	1	0	0	0	0	0	0	0	1	0	0	0	0	0	0	1
1	0	0	1	1	0	0	0	1	0	0	0	1	0	0	1	0	1	0	0
0	0	1	0	0	0	1	1	1	0	1	0	1	0	1	0	0	1	0	1
0	1	1	0	0	0	0	1	0	1	1	0	1	0	0	0	0	1	0	1
1	0	0	0	0	0	1	0	0	1	1	0	1	0	0	0	0	1	0	1
1	0	0	1	0	1	0	1	1	1	1	0	1	1	0	0	1	0	0	0
0	0	0	1	1	0	1	0	0	0	0	1	0	0	0	0	0	0	0	1
1	0	1	1	0	0	1	0	0	0	0	1	1	0	0	0	0	0	0	0
0	0	0	0	1	1	1	0	0	0	1	0	0	0	0	1	0	1	0	0
0	0	0	1	1	1	1	0	0	1	0	0	0	0	0	0	0	1	0	1
0	0	0	0	0	0	0	1	1	0	0	0	0	0	0	0	0	1	0	1
1	1	1	1	1	1	1	0	1	0	0	0	0	0	0	0	0	1	0	1
0	0	0	0	0	0	1	0	0	0	0	0	0	0	0	0	0	1	0	1
1	0	0	1	0	0	0	0	0	0	0	0	0	0	0	0	0	0	0	1
0	0	1	0	0	0	0	0	0	1	0	0	0	0	0	0	0	0	1	1
0	0	0	0	0	0	1	0	0	0	0	0	0	0	0	0	0	0	0	0
1	0	1	1	1	1	0	0	0	1	1	1	1	1	0	0	0	0	0	1
0	0	0	0	0	0	0	0	0	0	0	0	0	0	0	1	0	0	0	0
0	1	0	1	1	1	0	1	0	0	1	1	1	1	1	1	0	1	0	1
DIFF_EDGE
0 0
CHROM_NUMBER
9
EOF
