TYPE : graph_{count}
DIMENSION: 20
EDGE_DATA_FORMAT: EDGE_LIST
EDGE_WEIGHT_TYPE: EXPLICIT
EDGE_WEIGHT_FORMAT: FULL_MATRIX
EDGE_DATA_SECTION
0 7
0 9
1 2
1 3
1 4
1 5
1 6
1 8
1 12
1 15
1 17
1 18
2 4
2 7
2 8
2 9
2 12
2 13
2 18
3 6
3 7
3 18
4 8
4 9
4 12
4 15
4 18
5 8
5 9
5 10
5 12
5 18
6 8
7 17
7 18
8 9
8 11
8 15
8 18
9 15
10 11
11 12
11 15
12 14
12 16
12 18
12 19
13 15
14 15
15 18
16 18
17 18
-1
EDGE_WEIGHT_SECTION
0	0	0	0	0	0	0	1	0	1	0	0	0	0	0	0	0	0	0	0
0	0	1	1	1	1	1	0	1	0	0	0	1	0	0	1	0	1	1	0
0	1	0	0	1	0	0	1	1	1	0	0	1	1	0	0	0	0	1	0
0	1	0	0	0	0	1	1	0	0	0	0	0	0	0	0	0	0	1	0
0	1	1	0	0	0	0	0	1	1	0	0	1	0	0	1	0	0	1	0
0	1	0	0	0	0	0	0	1	1	1	0	1	0	0	0	0	0	1	0
0	1	0	1	0	0	0	0	1	0	0	0	0	0	0	0	0	0	0	0
1	0	1	1	0	0	0	0	0	0	0	0	0	0	0	0	0	1	1	0
0	1	1	0	1	1	1	0	0	1	0	1	0	0	0	1	0	0	1	0
1	0	1	0	1	1	0	0	1	0	0	0	0	0	0	1	0	0	0	0
0	0	0	0	0	1	0	0	0	0	0	1	0	0	0	0	0	0	0	0
0	0	0	0	0	0	0	0	1	0	1	0	1	0	0	1	0	0	0	0
0	1	1	0	1	1	0	0	0	0	0	1	0	0	1	0	1	0	1	1
0	0	1	0	0	0	0	0	0	0	0	0	0	0	0	1	0	0	0	0
0	0	0	0	0	0	0	0	0	0	0	0	1	0	0	1	0	0	0	0
0	1	0	0	1	0	0	0	1	1	0	1	0	1	1	0	0	0	1	0
0	0	0	0	0	0	0	0	0	0	0	0	1	0	0	0	0	0	1	0
0	1	0	0	0	0	0	1	0	0	0	0	0	0	0	0	0	0	1	0
0	1	1	1	1	1	0	1	1	0	0	0	1	0	0	1	1	1	0	0
0	0	0	0	0	0	0	0	0	0	0	0	1	0	0	0	0	0	0	0
DIFF_EDGE
0 0
CHROM_NUMBER
8
EOF
