TYPE : graph_{count}
DIMENSION: 16
EDGE_DATA_FORMAT: EDGE_LIST
EDGE_WEIGHT_TYPE: EXPLICIT
EDGE_WEIGHT_FORMAT: FULL_MATRIX
EDGE_DATA_SECTION
0 4
0 5
0 7
0 10
1 3
1 4
1 5
1 6
1 7
1 8
1 9
1 10
1 15
2 5
2 6
2 8
2 11
2 15
3 5
3 6
3 7
3 10
3 15
4 5
4 6
4 9
4 15
5 6
5 7
5 9
5 10
5 13
6 7
7 8
7 9
7 14
7 15
8 9
9 12
9 15
10 12
12 15
13 15
-1
EDGE_WEIGHT_SECTION
0	0	0	0	1	1	0	1	0	0	1	0	0	0	0	0
0	0	0	1	1	1	1	1	1	1	1	0	0	0	0	1
0	0	0	0	0	1	1	0	1	0	0	1	0	0	0	1
0	1	0	0	0	1	1	1	0	0	1	0	0	0	0	1
1	1	0	0	0	1	1	0	0	1	0	0	0	0	0	1
1	1	1	1	1	0	1	1	0	1	1	0	0	1	0	0
0	1	1	1	1	1	0	1	0	0	0	0	0	0	0	0
1	1	0	1	0	1	1	0	1	1	0	0	0	0	1	1
0	1	1	0	0	0	0	1	0	1	0	0	0	0	0	0
0	1	0	0	1	1	0	1	1	0	0	0	1	0	0	1
1	1	0	1	0	1	0	0	0	0	0	0	1	0	0	0
0	0	1	0	0	0	0	0	0	0	0	0	0	0	0	0
0	0	0	0	0	0	0	0	0	1	1	0	0	0	0	1
0	0	0	0	0	1	0	0	0	0	0	0	0	0	0	1
0	0	0	0	0	0	0	1	0	0	0	0	0	0	0	0
0	1	1	1	1	0	0	1	0	1	0	0	1	1	0	0
DIFF_EDGE
0 0
CHROM_NUMBER
8
EOF
