TYPE : graph_{count}
DIMENSION: 21
EDGE_DATA_FORMAT: EDGE_LIST
EDGE_WEIGHT_TYPE: EXPLICIT
EDGE_WEIGHT_FORMAT: FULL_MATRIX
EDGE_DATA_SECTION
0 1
0 2
0 4
0 6
0 8
0 9
0 12
0 13
0 14
0 15
0 18
0 20
1 2
1 3
1 5
1 7
1 9
1 10
1 12
1 13
1 14
1 15
1 18
2 5
2 6
2 7
2 9
2 12
2 13
2 14
2 15
2 18
3 5
3 6
3 7
3 13
3 14
4 7
5 6
5 7
5 9
5 13
5 14
5 15
5 17
6 7
6 11
6 12
6 14
6 16
6 18
7 8
7 10
7 12
7 13
7 14
7 15
7 18
7 20
8 9
8 16
9 10
9 12
9 13
9 15
9 18
10 12
11 12
11 13
11 15
11 18
12 13
12 14
12 15
12 18
12 19
13 14
13 15
13 18
14 15
14 18
15 18
17 18
-1
EDGE_WEIGHT_SECTION
0	1	1	0	1	0	1	0	1	1	0	0	1	1	1	1	0	0	1	0	1
1	0	1	1	0	1	0	1	0	1	1	0	1	1	1	1	0	0	1	0	0
1	1	0	0	0	1	1	1	0	1	0	0	1	1	1	1	0	0	1	0	0
0	1	0	0	0	1	1	1	0	0	0	0	0	1	1	0	0	0	0	0	0
1	0	0	0	0	0	0	1	0	0	0	0	0	0	0	0	0	0	0	0	0
0	1	1	1	0	0	1	1	0	1	0	0	0	1	1	1	0	1	0	0	0
1	0	1	1	0	1	0	1	0	0	0	1	1	0	1	0	1	0	1	0	0
0	1	1	1	1	1	1	0	1	0	1	0	1	1	1	1	0	0	1	0	1
1	0	0	0	0	0	0	1	0	1	0	0	0	0	0	0	1	0	0	0	0
1	1	1	0	0	1	0	0	1	0	1	0	1	1	0	1	0	0	1	0	0
0	1	0	0	0	0	0	1	0	1	0	0	1	0	0	0	0	0	0	0	0
0	0	0	0	0	0	1	0	0	0	0	0	1	1	0	1	0	0	1	0	0
1	1	1	0	0	0	1	1	0	1	1	1	1	1	1	1	0	0	1	1	0
1	1	1	1	0	1	0	1	0	1	0	1	1	0	1	1	0	0	1	0	0
1	1	1	1	0	1	1	1	0	0	0	0	1	1	0	1	0	0	1	0	0
1	1	1	0	0	1	0	1	0	1	0	1	1	1	1	0	0	0	1	0	0
0	0	0	0	0	0	1	0	1	0	0	0	0	0	0	0	0	0	0	0	0
0	0	0	0	0	1	0	0	0	0	0	0	0	0	0	0	0	0	1	0	0
1	1	1	0	0	0	1	1	0	1	0	1	1	1	1	1	0	1	0	0	0
0	0	0	0	0	0	0	0	0	0	0	0	1	0	0	0	0	0	0	0	0
1	0	0	0	0	0	0	1	0	0	0	0	0	0	0	0	0	0	0	0	0
DIFF_EDGE
0 0
CHROM_NUMBER
11
EOF
