TYPE : graph_{count}
DIMENSION: 17
EDGE_DATA_FORMAT: EDGE_LIST
EDGE_WEIGHT_TYPE: EXPLICIT
EDGE_WEIGHT_FORMAT: FULL_MATRIX
EDGE_DATA_SECTION
0 1
0 2
0 4
0 6
0 7
0 9
0 10
0 13
0 16
1 4
1 6
1 10
1 13
1 16
2 4
2 6
2 9
2 10
2 16
3 6
3 7
3 10
4 6
4 10
4 13
4 14
4 16
5 6
5 7
6 8
6 9
6 10
6 11
6 13
7 8
7 9
7 10
7 16
8 9
8 10
9 16
10 12
10 16
11 15
11 16
12 13
12 16
13 15
13 16
14 16
-1
EDGE_WEIGHT_SECTION
0	1	1	0	1	0	1	1	0	1	1	0	0	1	0	0	1
1	0	0	0	1	0	1	0	0	0	1	0	0	1	0	0	1
1	0	0	0	1	0	1	0	0	1	1	0	0	0	0	0	1
0	0	0	0	0	0	1	1	0	0	1	0	0	0	0	0	0
1	1	1	0	0	0	1	0	0	0	1	0	0	1	1	0	1
0	0	0	0	0	0	1	1	0	0	0	0	0	0	0	0	0
1	1	1	1	1	1	0	0	1	1	1	1	0	1	0	0	0
1	0	0	1	0	1	0	0	1	1	1	0	0	0	0	0	1
0	0	0	0	0	0	1	1	0	1	1	0	0	0	0	0	0
1	0	1	0	0	0	1	1	1	0	0	0	0	0	0	0	1
1	1	1	1	1	0	1	1	1	0	0	0	1	0	0	0	1
0	0	0	0	0	0	1	0	0	0	0	0	0	0	0	1	1
0	0	0	0	0	0	0	0	0	0	1	0	0	1	0	0	1
1	1	0	0	1	0	1	0	0	0	0	0	1	0	0	1	1
0	0	0	0	1	0	0	0	0	0	0	0	0	0	0	0	1
0	0	0	0	0	0	0	0	0	0	0	1	0	1	0	0	0
1	1	1	0	1	0	0	1	0	1	1	1	1	1	1	0	0
DIFF_EDGE
0 0
CHROM_NUMBER
7
EOF
