TYPE : graph_{count}
DIMENSION: 17
EDGE_DATA_FORMAT: EDGE_LIST
EDGE_WEIGHT_TYPE: EXPLICIT
EDGE_WEIGHT_FORMAT: FULL_MATRIX
EDGE_DATA_SECTION
0 1
0 3
0 5
0 9
0 10
0 12
1 3
1 4
1 5
1 7
1 8
1 10
1 11
1 12
1 13
2 4
2 5
2 6
2 9
2 10
3 4
3 8
3 9
3 11
3 12
3 14
4 8
4 9
4 11
4 12
4 15
5 6
5 10
5 12
5 15
6 13
8 10
8 11
8 12
8 15
9 10
9 11
9 12
9 15
11 12
11 15
12 15
13 15
14 15
14 16
-1
EDGE_WEIGHT_SECTION
0	1	0	1	0	1	0	0	0	1	1	0	1	0	0	0	0
1	0	0	1	1	1	0	1	1	0	1	1	1	1	0	0	0
0	0	0	0	1	1	1	0	0	1	1	0	0	0	0	0	0
1	1	0	0	1	0	0	0	1	1	0	1	1	0	1	0	0
0	1	1	1	0	0	0	0	1	1	0	1	1	0	0	1	0
1	1	1	0	0	0	1	0	0	0	1	0	1	0	0	1	0
0	0	1	0	0	1	0	0	0	0	0	0	0	1	0	0	0
0	1	0	0	0	0	0	0	0	0	0	0	0	0	0	0	0
0	1	0	1	1	0	0	0	0	0	1	1	1	0	0	1	0
1	0	1	1	1	0	0	0	0	0	1	1	1	0	0	1	0
1	1	1	0	0	1	0	0	1	1	0	0	0	0	0	0	0
0	1	0	1	1	0	0	0	1	1	0	0	1	0	0	1	0
1	1	0	1	1	1	0	0	1	1	0	1	0	0	0	1	0
0	1	0	0	0	0	1	0	0	0	0	0	0	0	0	1	0
0	0	0	1	0	0	0	0	0	0	0	0	0	0	0	1	1
0	0	0	0	1	1	0	0	1	1	0	1	1	1	1	0	0
0	0	0	0	0	0	0	0	0	0	0	0	0	0	1	0	0
DIFF_EDGE
0 0
CHROM_NUMBER
8
EOF
