TYPE : graph_{count}
DIMENSION: 19
EDGE_DATA_FORMAT: EDGE_LIST
EDGE_WEIGHT_TYPE: EXPLICIT
EDGE_WEIGHT_FORMAT: FULL_MATRIX
EDGE_DATA_SECTION
0 2
0 4
0 5
0 6
0 7
0 8
0 9
0 10
0 12
0 15
0 16
1 4
1 6
1 8
1 10
1 12
1 16
2 4
2 7
2 11
2 15
2 17
3 6
3 12
4 5
4 9
4 12
4 14
5 7
5 8
5 10
5 12
5 15
6 10
6 11
6 12
6 13
6 14
6 15
7 10
8 9
8 16
9 12
9 13
9 15
9 16
9 17
9 18
11 12
11 15
11 16
12 15
12 16
13 15
14 15
14 16
15 16
-1
EDGE_WEIGHT_SECTION
0	0	1	0	1	1	1	1	1	1	1	0	1	0	0	1	1	0	0
0	0	0	0	1	0	1	0	1	0	1	0	1	0	0	0	1	0	0
1	0	0	0	1	0	0	1	0	0	0	1	0	0	0	1	0	1	0
0	0	0	0	0	0	1	0	0	0	0	0	1	0	0	0	0	0	0
1	1	1	0	0	1	0	0	0	1	0	0	1	0	1	0	0	0	0
1	0	0	0	1	0	0	1	1	0	1	0	1	0	0	1	0	0	0
1	1	0	1	0	0	0	0	0	0	1	1	1	1	1	1	0	0	0
1	0	1	0	0	1	0	0	0	0	1	0	0	0	0	0	0	0	0
1	1	0	0	0	1	0	0	0	1	0	0	0	0	0	0	1	0	0
1	0	0	0	1	0	0	0	1	0	0	0	1	1	0	1	1	1	1
1	1	0	0	0	1	1	1	0	0	0	0	0	0	0	0	0	0	0
0	0	1	0	0	0	1	0	0	0	0	0	1	0	0	1	1	0	0
1	1	0	1	1	1	1	0	0	1	0	1	0	0	0	1	1	0	0
0	0	0	0	0	0	1	0	0	1	0	0	0	0	0	1	0	0	0
0	0	0	0	1	0	1	0	0	0	0	0	0	0	0	1	1	0	0
1	0	1	0	0	1	1	0	0	1	0	1	1	1	1	0	1	0	0
1	1	0	0	0	0	0	0	1	1	0	1	1	0	1	1	1	0	0
0	0	1	0	0	0	0	0	0	1	0	0	0	0	0	0	0	0	0
0	0	0	0	0	0	0	0	0	1	0	0	0	0	0	0	0	0	0
DIFF_EDGE
0 0
CHROM_NUMBER
9
EOF
