TYPE : graph_{count}
DIMENSION: 15
EDGE_DATA_FORMAT: EDGE_LIST
EDGE_WEIGHT_TYPE: EXPLICIT
EDGE_WEIGHT_FORMAT: FULL_MATRIX
EDGE_DATA_SECTION
0 3
0 4
0 6
0 7
0 11
0 13
1 2
1 3
1 5
1 8
1 10
1 11
1 13
2 7
2 12
3 5
3 6
3 9
3 10
3 11
3 13
4 5
4 6
4 7
4 9
4 10
4 11
4 13
5 9
6 8
6 9
6 11
6 12
6 13
7 8
7 10
9 10
9 11
10 11
10 13
11 13
12 13
13 14
-1
EDGE_WEIGHT_SECTION
0	0	0	1	1	0	1	1	0	0	0	1	0	1	0
0	0	1	1	0	1	0	0	1	0	1	1	0	1	0
0	1	0	0	0	0	0	1	0	0	0	0	1	0	0
1	1	0	0	0	1	1	0	0	1	1	1	0	1	0
1	0	0	0	0	1	1	1	0	1	1	1	0	1	0
0	1	0	1	1	0	0	0	0	1	0	0	0	0	0
1	0	0	1	1	0	0	0	1	1	0	1	1	1	0
1	0	1	0	1	0	0	0	1	0	1	0	0	0	0
0	1	0	0	0	0	1	1	0	0	0	0	0	0	0
0	0	0	1	1	1	1	0	0	0	1	1	0	0	0
0	1	0	1	1	0	0	1	0	1	0	1	0	1	0
1	1	0	1	1	0	1	0	0	1	1	0	0	1	0
0	0	1	0	0	0	1	0	0	0	0	0	0	1	0
1	1	0	1	1	0	1	0	0	0	1	1	1	0	1
0	0	0	0	0	0	0	0	0	0	0	0	0	1	0
DIFF_EDGE
0 0
CHROM_NUMBER
8
EOF
