TYPE : graph_{count}
DIMENSION: 18
EDGE_DATA_FORMAT: EDGE_LIST
EDGE_WEIGHT_TYPE: EXPLICIT
EDGE_WEIGHT_FORMAT: FULL_MATRIX
EDGE_DATA_SECTION
0 4
0 6
0 7
1 9
1 13
1 14
1 17
2 6
2 8
3 8
3 9
3 12
4 5
4 9
4 12
5 6
5 7
5 9
5 11
6 7
6 9
6 15
7 10
7 17
9 10
10 15
10 16
14 16
-1
EDGE_WEIGHT_SECTION
0	0	0	0	1	0	1	1	0	0	0	0	0	0	0	0	0	0
0	0	0	0	0	0	0	0	0	1	0	0	0	1	1	0	0	1
0	0	0	0	0	0	1	0	1	0	0	0	0	0	0	0	0	0
0	0	0	0	0	0	0	0	1	1	0	0	1	0	0	0	0	0
1	0	0	0	0	1	0	0	0	1	0	0	1	0	0	0	0	0
0	0	0	0	1	0	1	1	0	1	0	1	0	0	0	0	0	0
1	0	1	0	0	1	0	1	0	1	0	0	0	0	0	1	0	0
1	0	0	0	0	1	1	0	0	0	1	0	0	0	0	0	0	1
0	0	1	1	0	0	0	0	0	0	0	0	0	0	0	0	0	0
0	1	0	1	1	1	1	0	0	0	1	0	0	0	0	0	0	0
0	0	0	0	0	0	0	1	0	1	0	0	0	0	0	1	1	0
0	0	0	0	0	1	0	0	0	0	0	0	0	0	0	0	0	0
0	0	0	1	1	0	0	0	0	0	0	0	0	0	0	0	0	0
0	1	0	0	0	0	0	0	0	0	0	0	0	0	0	0	0	0
0	1	0	0	0	0	0	0	0	0	0	0	0	0	0	0	1	0
0	0	0	0	0	0	1	0	0	0	1	0	0	0	0	0	0	0
0	0	0	0	0	0	0	0	0	0	1	0	0	0	1	0	0	0
0	1	0	0	0	0	0	1	0	0	0	0	0	0	0	0	0	0
DIFF_EDGE
0 0
CHROM_NUMBER
5
EOF
