TYPE : graph_{count}
DIMENSION: 18
EDGE_DATA_FORMAT: EDGE_LIST
EDGE_WEIGHT_TYPE: EXPLICIT
EDGE_WEIGHT_FORMAT: FULL_MATRIX
EDGE_DATA_SECTION
0 1
0 2
0 6
0 11
1 2
1 3
1 4
1 5
1 7
1 8
1 9
1 10
1 11
1 16
1 17
2 4
2 6
2 7
2 14
2 15
2 16
2 17
3 4
3 5
3 7
3 8
3 10
3 11
3 16
3 17
4 5
4 11
4 17
5 6
5 8
5 9
5 10
5 11
5 16
5 17
6 7
6 10
6 11
7 10
7 17
8 11
8 12
8 15
8 16
8 17
9 10
11 13
11 17
13 16
16 17
-1
EDGE_WEIGHT_SECTION
0	1	1	0	0	0	1	0	0	0	0	1	0	0	0	0	0	0
1	0	1	1	1	1	0	1	1	1	1	1	0	0	0	0	1	1
1	1	0	0	1	0	1	1	0	0	0	0	0	0	1	1	1	1
0	1	0	0	1	1	0	1	1	0	1	1	0	0	0	0	1	1
0	1	1	1	0	1	0	0	0	0	0	1	0	0	0	0	0	1
0	1	0	1	1	0	1	0	1	1	1	1	0	0	0	0	1	1
1	0	1	0	0	1	0	1	0	0	1	1	0	0	0	0	0	0
0	1	1	1	0	0	1	0	0	0	1	0	0	0	0	0	0	1
0	1	0	1	0	1	0	0	0	0	0	1	1	0	0	1	1	1
0	1	0	0	0	1	0	0	0	0	1	0	0	0	0	0	0	0
0	1	0	1	0	1	1	1	0	1	0	0	0	0	0	0	0	0
1	1	0	1	1	1	1	0	1	0	0	0	0	1	0	0	0	1
0	0	0	0	0	0	0	0	1	0	0	0	0	0	0	0	0	0
0	0	0	0	0	0	0	0	0	0	0	1	0	0	0	0	1	0
0	0	1	0	0	0	0	0	0	0	0	0	0	0	0	0	0	0
0	0	1	0	0	0	0	0	1	0	0	0	0	0	0	0	0	0
0	1	1	1	0	1	0	0	1	0	0	0	0	1	0	0	0	1
0	1	1	1	1	1	0	1	1	0	0	1	0	0	0	0	1	0
DIFF_EDGE
0 0
CHROM_NUMBER
8
EOF
