TYPE : graph_{count}
DIMENSION: 21
EDGE_DATA_FORMAT: EDGE_LIST
EDGE_WEIGHT_TYPE: EXPLICIT
EDGE_WEIGHT_FORMAT: FULL_MATRIX
EDGE_DATA_SECTION
0 2
0 3
0 5
0 6
0 7
0 18
0 19
1 2
1 3
1 4
1 5
1 9
1 10
1 13
1 14
1 15
1 17
2 3
2 5
2 6
2 7
2 9
2 13
2 14
2 16
2 17
2 18
2 19
3 6
3 7
3 8
3 9
3 13
3 14
3 16
3 17
3 18
4 5
4 8
4 12
4 14
4 18
4 20
5 6
5 8
5 13
5 14
5 16
5 17
5 18
5 19
6 7
6 13
6 14
6 16
6 18
6 19
6 20
7 14
8 9
8 10
8 14
8 18
9 11
9 13
9 17
9 18
10 12
10 14
10 19
11 16
11 19
12 14
12 17
13 14
13 16
13 17
13 18
13 19
14 16
14 17
14 18
14 19
15 16
15 18
15 19
16 17
16 18
16 19
17 18
17 19
18 19
-1
EDGE_WEIGHT_SECTION
0	0	1	1	0	1	1	1	0	0	0	0	0	0	0	0	0	0	1	1	0
0	0	1	1	1	1	0	0	0	1	1	0	0	1	1	1	0	1	0	0	0
1	1	0	1	0	1	1	1	0	1	0	0	0	1	1	0	1	1	1	1	0
1	1	1	0	0	0	1	1	1	1	0	0	0	1	1	0	1	1	1	0	0
0	1	0	0	0	1	0	0	1	0	0	0	1	0	1	0	0	0	1	0	1
1	1	1	0	1	0	1	0	1	0	0	0	0	1	1	0	1	1	1	1	0
1	0	1	1	0	1	0	1	0	0	0	0	0	1	1	0	1	0	1	1	1
1	0	1	1	0	0	1	0	0	0	0	0	0	0	1	0	0	0	0	0	0
0	0	0	1	1	1	0	0	0	1	1	0	0	0	1	0	0	0	1	0	0
0	1	1	1	0	0	0	0	1	0	0	1	0	1	0	0	0	1	1	0	0
0	1	0	0	0	0	0	0	1	0	0	0	1	0	1	0	0	0	0	1	0
0	0	0	0	0	0	0	0	0	1	0	0	0	0	0	0	1	0	0	1	0
0	0	0	0	1	0	0	0	0	0	1	0	0	0	1	0	0	1	0	0	0
0	1	1	1	0	1	1	0	0	1	0	0	0	0	1	0	1	1	1	1	0
0	1	1	1	1	1	1	1	1	0	1	0	1	1	0	0	1	1	1	1	0
0	1	0	0	0	0	0	0	0	0	0	0	0	0	0	0	1	0	1	1	0
0	0	1	1	0	1	1	0	0	0	0	1	0	1	1	1	0	1	1	1	0
0	1	1	1	0	1	0	0	0	1	0	0	1	1	1	0	1	0	1	1	0
1	0	1	1	1	1	1	0	1	1	0	0	0	1	1	1	1	1	0	1	0
1	0	1	0	0	1	1	0	0	0	1	1	0	1	1	1	1	1	1	0	0
0	0	0	0	1	0	1	0	0	0	0	0	0	0	0	0	0	0	0	0	0
DIFF_EDGE
0 0
CHROM_NUMBER
12
EOF
