TYPE : graph_{count}
DIMENSION: 16
EDGE_DATA_FORMAT: EDGE_LIST
EDGE_WEIGHT_TYPE: EXPLICIT
EDGE_WEIGHT_FORMAT: FULL_MATRIX
EDGE_DATA_SECTION
0 7
0 9
0 14
1 2
1 5
1 10
2 5
2 6
2 8
2 11
3 4
3 7
3 8
3 9
3 10
3 15
4 7
4 9
4 10
4 15
5 7
5 9
5 14
6 7
6 9
6 10
6 15
7 8
7 9
7 10
7 15
8 9
9 10
9 15
10 11
10 12
10 13
11 15
13 15
14 15
-1
EDGE_WEIGHT_SECTION
0	0	0	0	0	0	0	1	0	1	0	0	0	0	1	0
0	0	1	0	0	1	0	0	0	0	1	0	0	0	0	0
0	1	0	0	0	1	1	0	1	0	0	1	0	0	0	0
0	0	0	0	1	0	0	1	1	1	1	0	0	0	0	1
0	0	0	1	0	0	0	1	0	1	1	0	0	0	0	1
0	1	1	0	0	0	0	1	0	1	0	0	0	0	1	0
0	0	1	0	0	0	0	1	0	1	1	0	0	0	0	1
1	0	0	1	1	1	1	0	1	1	1	0	0	0	0	1
0	0	1	1	0	0	0	1	0	1	0	0	0	0	0	0
1	0	0	1	1	1	1	1	1	0	1	0	0	0	0	1
0	1	0	1	1	0	1	1	0	1	0	1	1	1	0	0
0	0	1	0	0	0	0	0	0	0	1	0	0	0	0	1
0	0	0	0	0	0	0	0	0	0	1	0	0	0	0	0
0	0	0	0	0	0	0	0	0	0	1	0	0	0	0	1
1	0	0	0	0	1	0	0	0	0	0	0	0	0	0	1
0	0	0	1	1	0	1	1	0	1	0	1	0	1	1	0
DIFF_EDGE
0 0
CHROM_NUMBER
6
EOF
