TYPE : graph_{count}
DIMENSION: 17
EDGE_DATA_FORMAT: EDGE_LIST
EDGE_WEIGHT_TYPE: EXPLICIT
EDGE_WEIGHT_FORMAT: FULL_MATRIX
EDGE_DATA_SECTION
0 1
0 2
0 3
0 4
0 7
0 8
0 9
0 10
0 14
0 15
1 2
1 4
1 10
1 11
1 14
1 15
2 3
2 4
2 5
2 7
2 10
2 14
2 15
3 5
3 7
3 10
3 13
4 5
4 7
4 9
4 12
4 15
5 7
5 9
5 10
5 14
6 9
7 8
7 11
8 9
8 10
8 14
9 10
9 13
10 12
10 14
10 15
11 14
11 15
11 16
12 14
13 14
13 15
14 15
-1
EDGE_WEIGHT_SECTION
0	1	1	1	1	0	0	1	1	1	1	0	0	0	1	1	0
1	0	1	0	1	0	0	0	0	0	1	1	0	0	1	1	0
1	1	0	1	1	1	0	1	0	0	1	0	0	0	1	1	0
1	0	1	0	0	1	0	1	0	0	1	0	0	1	0	0	0
1	1	1	0	0	1	0	1	0	1	0	0	1	0	0	1	0
0	0	1	1	1	0	0	1	0	1	1	0	0	0	1	0	0
0	0	0	0	0	0	0	0	0	1	0	0	0	0	0	0	0
1	0	1	1	1	1	0	0	1	0	0	1	0	0	0	0	0
1	0	0	0	0	0	0	1	0	1	1	0	0	0	1	0	0
1	0	0	0	1	1	1	0	1	0	1	0	0	1	0	0	0
1	1	1	1	0	1	0	0	1	1	0	0	1	0	1	1	0
0	1	0	0	0	0	0	1	0	0	0	0	0	0	1	1	1
0	0	0	0	1	0	0	0	0	0	1	0	0	0	1	0	0
0	0	0	1	0	0	0	0	0	1	0	0	0	0	1	1	0
1	1	1	0	0	1	0	0	1	0	1	1	1	1	0	1	0
1	1	1	0	1	0	0	0	0	0	1	1	0	1	1	0	0
0	0	0	0	0	0	0	0	0	0	0	1	0	0	0	0	0
DIFF_EDGE
0 0
CHROM_NUMBER
8
EOF
