TYPE : graph_{count}
DIMENSION: 21
EDGE_DATA_FORMAT: EDGE_LIST
EDGE_WEIGHT_TYPE: EXPLICIT
EDGE_WEIGHT_FORMAT: FULL_MATRIX
EDGE_DATA_SECTION
0 3
0 4
0 6
0 7
0 12
0 16
0 20
1 2
1 5
1 9
1 11
1 12
1 18
2 5
2 6
2 9
2 12
2 17
3 6
3 9
3 12
4 6
4 8
4 9
4 11
4 12
4 13
4 15
4 19
5 7
5 16
5 17
6 8
7 8
7 10
7 12
7 19
8 9
8 14
8 17
8 18
9 12
9 17
9 20
12 17
13 17
16 17
-1
EDGE_WEIGHT_SECTION
0	0	0	1	1	0	1	1	0	0	0	0	1	0	0	0	1	0	0	0	1
0	0	1	0	0	1	0	0	0	1	0	1	1	0	0	0	0	0	1	0	0
0	1	0	0	0	1	1	0	0	1	0	0	1	0	0	0	0	1	0	0	0
1	0	0	0	0	0	1	0	0	1	0	0	1	0	0	0	0	0	0	0	0
1	0	0	0	0	0	1	0	1	1	0	1	1	1	0	1	0	0	0	1	0
0	1	1	0	0	0	0	1	0	0	0	0	0	0	0	0	1	1	0	0	0
1	0	1	1	1	0	0	0	1	0	0	0	0	0	0	0	0	0	0	0	0
1	0	0	0	0	1	0	0	1	0	1	0	1	0	0	0	0	0	0	1	0
0	0	0	0	1	0	1	1	0	1	0	0	0	0	1	0	0	1	1	0	0
0	1	1	1	1	0	0	0	1	0	0	0	1	0	0	0	0	1	0	0	1
0	0	0	0	0	0	0	1	0	0	0	0	0	0	0	0	0	0	0	0	0
0	1	0	0	1	0	0	0	0	0	0	0	0	0	0	0	0	0	0	0	0
1	1	1	1	1	0	0	1	0	1	0	0	1	0	0	0	0	1	0	0	0
0	0	0	0	1	0	0	0	0	0	0	0	0	0	0	0	0	1	0	0	0
0	0	0	0	0	0	0	0	1	0	0	0	0	0	0	0	0	0	0	0	0
0	0	0	0	1	0	0	0	0	0	0	0	0	0	0	0	0	0	0	0	0
1	0	0	0	0	1	0	0	0	0	0	0	0	0	0	0	0	1	0	0	0
0	0	1	0	0	1	0	0	1	1	0	0	1	1	0	0	1	0	0	0	0
0	1	0	0	0	0	0	0	1	0	0	0	0	0	0	0	0	0	0	0	0
0	0	0	0	1	0	0	1	0	0	0	0	0	0	0	0	0	0	0	0	0
1	0	0	0	0	0	0	0	0	1	0	0	0	0	0	0	0	0	0	0	0
DIFF_EDGE
0 0
CHROM_NUMBER
8
EOF
