TYPE : graph_{count}
DIMENSION: 21
EDGE_DATA_FORMAT: EDGE_LIST
EDGE_WEIGHT_TYPE: EXPLICIT
EDGE_WEIGHT_FORMAT: FULL_MATRIX
EDGE_DATA_SECTION
0 2
0 6
0 9
0 10
0 11
0 14
0 17
0 19
1 6
1 7
1 10
1 17
2 6
2 7
2 9
2 10
2 12
2 14
2 17
2 19
3 4
3 5
3 14
3 20
4 5
4 6
4 8
4 10
5 9
5 11
5 12
5 17
6 7
6 9
6 12
6 13
6 14
6 15
6 17
7 8
7 14
7 17
8 10
8 17
8 18
9 12
9 14
9 18
9 19
10 12
10 14
10 16
11 12
11 14
12 14
12 17
12 19
12 20
13 14
13 19
14 17
14 19
16 17
16 19
17 19
-1
EDGE_WEIGHT_SECTION
0	0	1	0	0	0	1	0	0	1	1	1	0	0	1	0	0	1	0	1	0
0	0	0	0	0	0	1	1	0	0	1	0	0	0	0	0	0	1	0	0	0
1	0	0	0	0	0	1	1	0	1	1	0	1	0	1	0	0	1	0	1	0
0	0	0	0	1	1	0	0	0	0	0	0	0	0	1	0	0	0	0	0	1
0	0	0	1	0	1	1	0	1	0	1	0	0	0	0	0	0	0	0	0	0
0	0	0	1	1	0	0	0	0	1	0	1	1	0	0	0	0	1	0	0	0
1	1	1	0	1	0	0	1	0	1	0	0	1	1	1	1	0	1	0	0	0
0	1	1	0	0	0	1	0	1	0	0	0	0	0	1	0	0	1	0	0	0
0	0	0	0	1	0	0	1	0	0	1	0	0	0	0	0	0	1	1	0	0
1	0	1	0	0	1	1	0	0	0	0	0	1	0	1	0	0	0	1	1	0
1	1	1	0	1	0	0	0	1	0	0	0	1	0	1	0	1	0	0	0	0
1	0	0	0	0	1	0	0	0	0	0	0	1	0	1	0	0	0	0	0	0
0	0	1	0	0	1	1	0	0	1	1	1	0	0	1	0	0	1	0	1	1
0	0	0	0	0	0	1	0	0	0	0	0	0	0	1	0	0	0	0	1	0
1	0	1	1	0	0	1	1	0	1	1	1	1	1	1	0	0	1	0	1	0
0	0	0	0	0	0	1	0	0	0	0	0	0	0	0	0	0	0	0	0	0
0	0	0	0	0	0	0	0	0	0	1	0	0	0	0	0	0	1	0	1	0
1	1	1	0	0	1	1	1	1	0	0	0	1	0	1	0	1	0	0	1	0
0	0	0	0	0	0	0	0	1	1	0	0	0	0	0	0	0	0	0	0	0
1	0	1	0	0	0	0	0	0	1	0	0	1	1	1	0	1	1	0	0	0
0	0	0	1	0	0	0	0	0	0	0	0	1	0	0	0	0	0	0	0	0
DIFF_EDGE
0 0
CHROM_NUMBER
9
EOF
