TYPE : graph_{count}
DIMENSION: 20
EDGE_DATA_FORMAT: EDGE_LIST
EDGE_WEIGHT_TYPE: EXPLICIT
EDGE_WEIGHT_FORMAT: FULL_MATRIX
EDGE_DATA_SECTION
0 1
0 3
0 6
0 9
0 10
0 13
0 16
0 17
0 18
1 2
1 3
1 4
1 7
1 9
1 13
1 16
1 17
1 18
2 6
2 13
2 17
3 4
3 8
3 13
3 15
3 16
3 18
4 6
4 14
5 6
5 8
6 10
6 12
6 18
7 8
7 9
7 16
8 13
8 17
8 18
9 13
9 16
11 12
12 13
12 17
12 18
13 16
13 17
13 18
13 19
14 16
14 17
15 17
15 18
16 17
16 18
17 18
-1
EDGE_WEIGHT_SECTION
0	1	0	1	0	0	1	0	0	1	1	0	0	1	0	0	1	1	1	0
1	0	1	1	1	0	0	1	0	1	0	0	0	1	0	0	1	1	1	0
0	1	0	0	0	0	1	0	0	0	0	0	0	1	0	0	0	1	0	0
1	1	0	0	1	0	0	0	1	0	0	0	0	1	0	1	1	0	1	0
0	1	0	1	0	0	1	0	0	0	0	0	0	0	1	0	0	0	0	0
0	0	0	0	0	0	1	0	1	0	0	0	0	0	0	0	0	0	0	0
1	0	1	0	1	1	0	0	0	0	1	0	1	0	0	0	0	0	1	0
0	1	0	0	0	0	0	0	1	1	0	0	0	0	0	0	1	0	0	0
0	0	0	1	0	1	0	1	0	0	0	0	0	1	0	0	0	1	1	0
1	1	0	0	0	0	0	1	0	0	0	0	0	1	0	0	1	0	0	0
1	0	0	0	0	0	1	0	0	0	0	0	0	0	0	0	0	0	0	0
0	0	0	0	0	0	0	0	0	0	0	0	1	0	0	0	0	0	0	0
0	0	0	0	0	0	1	0	0	0	0	1	0	1	0	0	0	1	1	0
1	1	1	1	0	0	0	0	1	1	0	0	1	0	0	0	1	1	1	1
0	0	0	0	1	0	0	0	0	0	0	0	0	0	0	0	1	1	0	0
0	0	0	1	0	0	0	0	0	0	0	0	0	0	0	0	0	1	1	0
1	1	0	1	0	0	0	1	0	1	0	0	0	1	1	0	0	1	1	0
1	1	1	0	0	0	0	0	1	0	0	0	1	1	1	1	1	0	1	0
1	1	0	1	0	0	1	0	1	0	0	0	1	1	0	1	1	1	0	0
0	0	0	0	0	0	0	0	0	0	0	0	0	1	0	0	0	0	0	0
DIFF_EDGE
0 0
CHROM_NUMBER
9
EOF
