TYPE : graph_{count}
DIMENSION: 18
EDGE_DATA_FORMAT: EDGE_LIST
EDGE_WEIGHT_TYPE: EXPLICIT
EDGE_WEIGHT_FORMAT: FULL_MATRIX
EDGE_DATA_SECTION
0 2
0 3
0 4
0 6
0 7
0 8
0 11
0 13
0 15
0 16
1 5
1 6
1 7
1 8
1 9
1 11
2 9
3 4
3 6
3 8
3 9
3 10
3 11
3 13
3 16
4 7
4 16
5 6
5 7
5 10
5 16
6 8
6 11
6 14
6 16
7 8
7 9
7 13
8 10
8 11
8 13
8 16
9 10
9 12
9 13
9 16
10 11
10 13
10 15
10 16
11 12
11 13
11 16
12 13
13 14
13 16
13 17
15 16
-1
EDGE_WEIGHT_SECTION
0	0	1	1	1	0	1	1	1	0	0	1	0	1	0	1	1	0
0	0	0	0	0	1	1	1	1	1	0	1	0	0	0	0	0	0
1	0	0	0	0	0	0	0	0	1	0	0	0	0	0	0	0	0
1	0	0	0	1	0	1	0	1	1	1	1	0	1	0	0	1	0
1	0	0	1	0	0	0	1	0	0	0	0	0	0	0	0	1	0
0	1	0	0	0	0	1	1	0	0	1	0	0	0	0	0	1	0
1	1	0	1	0	1	0	0	1	0	0	1	0	0	1	0	1	0
1	1	0	0	1	1	0	0	1	1	0	0	0	1	0	0	0	0
1	1	0	1	0	0	1	1	0	0	1	1	0	1	0	0	1	0
0	1	1	1	0	0	0	1	0	0	1	0	1	1	0	0	1	0
0	0	0	1	0	1	0	0	1	1	0	1	0	1	0	1	1	0
1	1	0	1	0	0	1	0	1	0	1	0	1	1	0	0	1	0
0	0	0	0	0	0	0	0	0	1	0	1	0	1	0	0	0	0
1	0	0	1	0	0	0	1	1	1	1	1	1	1	1	0	1	1
0	0	0	0	0	0	1	0	0	0	0	0	0	1	0	0	0	0
1	0	0	0	0	0	0	0	0	0	1	0	0	0	0	0	1	0
1	0	0	1	1	1	1	0	1	1	1	1	0	1	0	1	1	0
0	0	0	0	0	0	0	0	0	0	0	0	0	1	0	0	0	0
DIFF_EDGE
0 0
CHROM_NUMBER
9
EOF
