TYPE : graph_{count}
DIMENSION: 18
EDGE_DATA_FORMAT: EDGE_LIST
EDGE_WEIGHT_TYPE: EXPLICIT
EDGE_WEIGHT_FORMAT: FULL_MATRIX
EDGE_DATA_SECTION
0 3
0 4
0 6
0 7
0 10
0 11
0 13
0 14
1 4
1 5
1 7
1 13
1 16
2 4
2 7
3 8
3 10
4 6
4 7
4 16
5 8
6 8
6 12
6 16
7 10
7 15
7 17
8 9
8 15
8 16
9 10
9 14
10 12
11 16
13 16
16 17
-1
EDGE_WEIGHT_SECTION
0	0	0	1	1	0	1	1	0	0	1	1	0	1	1	0	0	0
0	0	0	0	1	1	0	1	0	0	0	0	0	1	0	0	1	0
0	0	0	0	1	0	0	1	0	0	0	0	0	0	0	0	0	0
1	0	0	0	0	0	0	0	1	0	1	0	0	0	0	0	0	0
1	1	1	0	0	0	1	1	0	0	0	0	0	0	0	0	1	0
0	1	0	0	0	0	0	0	1	0	0	0	0	0	0	0	0	0
1	0	0	0	1	0	0	0	1	0	0	0	1	0	0	0	1	0
1	1	1	0	1	0	0	0	0	0	1	0	0	0	0	1	0	1
0	0	0	1	0	1	1	0	0	1	0	0	0	0	0	1	1	0
0	0	0	0	0	0	0	0	1	0	1	0	0	0	1	0	0	0
1	0	0	1	0	0	0	1	0	1	0	0	1	0	0	0	0	0
1	0	0	0	0	0	0	0	0	0	0	0	0	0	0	0	1	0
0	0	0	0	0	0	1	0	0	0	1	0	0	0	0	0	0	0
1	1	0	0	0	0	0	0	0	0	0	0	0	0	0	0	1	0
1	0	0	0	0	0	0	0	0	1	0	0	0	0	0	0	0	0
0	0	0	0	0	0	0	1	1	0	0	0	0	0	0	0	0	0
0	1	0	0	1	0	1	0	1	0	0	1	0	1	0	0	0	1
0	0	0	0	0	0	0	1	0	0	0	0	0	0	0	0	1	0
DIFF_EDGE
0 0
CHROM_NUMBER
6
EOF
