TYPE : graph_{count}
DIMENSION: 20
EDGE_DATA_FORMAT: EDGE_LIST
EDGE_WEIGHT_TYPE: EXPLICIT
EDGE_WEIGHT_FORMAT: FULL_MATRIX
EDGE_DATA_SECTION
0 2
0 3
0 6
0 9
0 13
0 17
1 2
1 3
1 4
1 8
1 15
2 3
2 7
2 10
2 14
2 15
3 5
3 7
3 9
3 10
3 14
3 15
3 16
4 7
4 9
4 13
4 14
4 15
4 18
5 7
5 8
5 9
5 10
5 12
5 13
5 14
5 15
5 19
6 8
6 14
7 9
7 13
7 14
7 15
7 19
8 10
8 11
8 15
8 18
9 13
9 14
9 15
9 19
10 13
10 15
10 19
11 13
11 16
11 19
12 14
13 14
13 15
13 19
14 15
14 19
15 19
16 19
18 19
-1
EDGE_WEIGHT_SECTION
0	0	1	1	0	0	1	0	0	1	0	0	0	1	0	0	0	1	0	0
0	0	1	1	1	0	0	0	1	0	0	0	0	0	0	1	0	0	0	0
1	1	0	1	0	0	0	1	0	0	1	0	0	0	1	1	0	0	0	0
1	1	1	0	0	1	0	1	0	1	1	0	0	0	1	1	1	0	0	0
0	1	0	0	0	0	0	1	0	1	0	0	0	1	1	1	0	0	1	0
0	0	0	1	0	0	0	1	1	1	1	0	1	1	1	1	0	0	0	1
1	0	0	0	0	0	0	0	1	0	0	0	0	0	1	0	0	0	0	0
0	0	1	1	1	1	0	0	0	1	0	0	0	1	1	1	0	0	0	1
0	1	0	0	0	1	1	0	0	0	1	1	0	0	0	1	0	0	1	0
1	0	0	1	1	1	0	1	0	0	0	0	0	1	1	1	0	0	0	1
0	0	1	1	0	1	0	0	1	0	0	0	0	1	0	1	0	0	0	1
0	0	0	0	0	0	0	0	1	0	0	0	0	1	0	0	1	0	0	1
0	0	0	0	0	1	0	0	0	0	0	0	0	0	1	0	0	0	0	0
1	0	0	0	1	1	0	1	0	1	1	1	0	1	1	1	0	0	0	1
0	0	1	1	1	1	1	1	0	1	0	0	1	1	0	1	0	0	0	1
0	1	1	1	1	1	0	1	1	1	1	0	0	1	1	0	0	0	0	1
0	0	0	1	0	0	0	0	0	0	0	1	0	0	0	0	0	0	0	1
1	0	0	0	0	0	0	0	0	0	0	0	0	0	0	0	0	0	0	0
0	0	0	0	1	0	0	0	1	0	0	0	0	0	0	0	0	0	0	1
0	0	0	0	0	1	0	1	0	1	1	1	0	1	1	1	1	0	1	0
DIFF_EDGE
0 0
CHROM_NUMBER
10
EOF
