TYPE : graph_{count}
DIMENSION: 21
EDGE_DATA_FORMAT: EDGE_LIST
EDGE_WEIGHT_TYPE: EXPLICIT
EDGE_WEIGHT_FORMAT: FULL_MATRIX
EDGE_DATA_SECTION
0 1
0 5
0 6
0 7
0 8
0 10
0 12
0 14
0 16
0 20
1 2
1 7
1 8
1 9
1 10
1 12
1 14
1 16
2 3
2 8
2 9
2 10
2 14
3 4
3 9
3 13
3 14
4 6
4 7
4 9
4 14
4 19
5 6
5 7
5 9
5 11
5 12
5 13
5 14
6 8
6 9
6 14
7 8
7 10
7 12
7 14
7 16
8 10
8 12
8 14
8 17
8 18
8 19
10 12
10 14
10 16
12 14
12 16
13 16
14 16
15 17
16 18
-1
EDGE_WEIGHT_SECTION
0	1	0	0	0	1	1	1	1	0	1	0	1	0	1	0	1	0	0	0	1
1	0	1	0	0	0	0	1	1	1	1	0	1	0	1	0	1	0	0	0	0
0	1	0	1	0	0	0	0	1	1	1	0	0	0	1	0	0	0	0	0	0
0	0	1	0	1	0	0	0	0	1	0	0	0	1	1	0	0	0	0	0	0
0	0	0	1	0	0	1	1	0	1	0	0	0	0	1	0	0	0	0	1	0
1	0	0	0	0	0	1	1	0	1	0	1	1	1	1	0	0	0	0	0	0
1	0	0	0	1	1	0	0	1	1	0	0	0	0	1	0	0	0	0	0	0
1	1	0	0	1	1	0	0	1	0	1	0	1	0	1	0	1	0	0	0	0
1	1	1	0	0	0	1	1	0	0	1	0	1	0	1	0	0	1	1	1	0
0	1	1	1	1	1	1	0	0	0	0	0	0	0	0	0	0	0	0	0	0
1	1	1	0	0	0	0	1	1	0	0	0	1	0	1	0	1	0	0	0	0
0	0	0	0	0	1	0	0	0	0	0	0	0	0	0	0	0	0	0	0	0
1	1	0	0	0	1	0	1	1	0	1	0	0	0	1	0	1	0	0	0	0
0	0	0	1	0	1	0	0	0	0	0	0	0	0	0	0	1	0	0	0	0
1	1	1	1	1	1	1	1	1	0	1	0	1	0	0	0	1	0	0	0	0
0	0	0	0	0	0	0	0	0	0	0	0	0	0	0	0	0	1	0	0	0
1	1	0	0	0	0	0	1	0	0	1	0	1	1	1	0	0	0	1	0	0
0	0	0	0	0	0	0	0	1	0	0	0	0	0	0	1	0	0	0	0	0
0	0	0	0	0	0	0	0	1	0	0	0	0	0	0	0	1	0	0	0	0
0	0	0	0	1	0	0	0	1	0	0	0	0	0	0	0	0	0	0	0	0
1	0	0	0	0	0	0	0	0	0	0	0	0	0	0	0	0	0	0	0	0
DIFF_EDGE
0 0
CHROM_NUMBER
9
EOF
