TYPE : graph_{count}
DIMENSION: 19
EDGE_DATA_FORMAT: EDGE_LIST
EDGE_WEIGHT_TYPE: EXPLICIT
EDGE_WEIGHT_FORMAT: FULL_MATRIX
EDGE_DATA_SECTION
0 1
0 7
0 8
0 9
0 10
0 11
0 12
0 15
0 18
1 7
1 17
2 3
2 7
3 4
3 6
3 7
3 8
3 10
3 11
3 12
4 6
4 10
5 8
5 9
5 10
5 12
5 13
5 15
6 7
6 9
6 15
7 12
7 15
7 18
8 10
8 11
8 12
8 15
8 18
9 11
9 15
9 18
10 11
10 12
10 15
10 17
10 18
11 12
11 15
11 18
12 14
12 15
12 16
13 15
14 18
15 18
-1
EDGE_WEIGHT_SECTION
0	1	0	0	0	0	0	1	1	1	1	1	1	0	0	1	0	0	1
1	0	0	0	0	0	0	1	0	0	0	0	0	0	0	0	0	1	0
0	0	0	1	0	0	0	1	0	0	0	0	0	0	0	0	0	0	0
0	0	1	0	1	0	1	1	1	0	1	1	1	0	0	0	0	0	0
0	0	0	1	0	0	1	0	0	0	1	0	0	0	0	0	0	0	0
0	0	0	0	0	0	0	0	1	1	1	0	1	1	0	1	0	0	0
0	0	0	1	1	0	0	1	0	1	0	0	0	0	0	1	0	0	0
1	1	1	1	0	0	1	0	0	0	0	0	1	0	0	1	0	0	1
1	0	0	1	0	1	0	0	0	0	1	1	1	0	0	1	0	0	1
1	0	0	0	0	1	1	0	0	0	0	1	0	0	0	1	0	0	1
1	0	0	1	1	1	0	0	1	0	0	1	1	0	0	1	0	1	1
1	0	0	1	0	0	0	0	1	1	1	0	1	0	0	1	0	0	1
1	0	0	1	0	1	0	1	1	0	1	1	0	0	1	1	1	0	0
0	0	0	0	0	1	0	0	0	0	0	0	0	0	0	1	0	0	0
0	0	0	0	0	0	0	0	0	0	0	0	1	0	0	0	0	0	1
1	0	0	0	0	1	1	1	1	1	1	1	1	1	0	1	0	0	1
0	0	0	0	0	0	0	0	0	0	0	0	1	0	0	0	0	0	0
0	1	0	0	0	0	0	0	0	0	1	0	0	0	0	0	0	0	0
1	0	0	0	0	0	0	1	1	1	1	1	0	0	1	1	0	0	0
DIFF_EDGE
0 0
CHROM_NUMBER
9
EOF
