TYPE : graph_{count}
DIMENSION: 15
EDGE_DATA_FORMAT: EDGE_LIST
EDGE_WEIGHT_TYPE: EXPLICIT
EDGE_WEIGHT_FORMAT: FULL_MATRIX
EDGE_DATA_SECTION
0 2
0 3
0 4
0 6
0 10
0 11
0 12
1 2
1 7
2 4
2 6
2 10
2 11
2 12
3 4
3 5
3 7
3 8
3 10
3 11
3 12
4 5
4 6
4 7
4 11
4 12
4 13
5 6
5 7
5 8
5 9
5 11
5 12
6 8
6 11
7 10
8 10
8 11
9 12
11 12
11 14
-1
EDGE_WEIGHT_SECTION
0	0	1	1	1	0	1	0	0	0	1	1	1	0	0
0	0	1	0	0	0	0	1	0	0	0	0	0	0	0
1	1	0	0	1	0	1	0	0	0	1	1	1	0	0
1	0	0	0	1	1	0	1	1	0	1	1	1	0	0
1	0	1	1	0	1	1	1	0	0	0	1	1	1	0
0	0	0	1	1	0	1	1	1	1	0	1	1	0	0
1	0	1	0	1	1	0	0	1	0	0	1	0	0	0
0	1	0	1	1	1	0	0	0	0	1	0	0	0	0
0	0	0	1	0	1	1	0	0	0	1	1	0	0	0
0	0	0	0	0	1	0	0	0	0	0	0	1	0	0
1	0	1	1	0	0	0	1	1	0	0	0	0	0	0
1	0	1	1	1	1	1	0	1	0	0	0	1	0	1
1	0	1	1	1	1	0	0	0	1	0	1	0	0	0
0	0	0	0	1	0	0	0	0	0	0	0	0	0	0
0	0	0	0	0	0	0	0	0	0	0	1	0	0	0
DIFF_EDGE
0 0
CHROM_NUMBER
7
EOF
