TYPE : graph_{count}
DIMENSION: 18
EDGE_DATA_FORMAT: EDGE_LIST
EDGE_WEIGHT_TYPE: EXPLICIT
EDGE_WEIGHT_FORMAT: FULL_MATRIX
EDGE_DATA_SECTION
0 3
0 4
0 8
0 13
0 15
1 5
1 7
1 16
2 4
2 5
2 6
2 7
2 9
2 13
3 4
3 7
3 9
3 13
3 15
4 6
4 7
4 9
4 13
4 15
5 10
5 11
7 8
7 10
7 13
7 14
7 15
8 12
9 11
9 13
9 15
10 16
13 15
13 17
-1
EDGE_WEIGHT_SECTION
0	0	0	1	1	0	0	0	1	0	0	0	0	1	0	1	0	0
0	0	0	0	0	1	0	1	0	0	0	0	0	0	0	0	1	0
0	0	0	0	1	1	1	1	0	1	0	0	0	1	0	0	0	0
1	0	0	0	1	0	0	1	0	1	0	0	0	1	0	1	0	0
1	0	1	1	0	0	1	1	0	1	0	0	0	1	0	1	0	0
0	1	1	0	0	0	0	0	0	0	1	1	0	0	0	0	0	0
0	0	1	0	1	0	0	0	0	0	0	0	0	0	0	0	0	0
0	1	1	1	1	0	0	0	1	0	1	0	0	1	1	1	0	0
1	0	0	0	0	0	0	1	0	0	0	0	1	0	0	0	0	0
0	0	1	1	1	0	0	0	0	0	0	1	0	1	0	1	0	0
0	0	0	0	0	1	0	1	0	0	0	0	0	0	0	0	1	0
0	0	0	0	0	1	0	0	0	1	0	0	0	0	0	0	0	0
0	0	0	0	0	0	0	0	1	0	0	0	0	0	0	0	0	0
1	0	1	1	1	0	0	1	0	1	0	0	0	0	0	1	0	1
0	0	0	0	0	0	0	1	0	0	0	0	0	0	0	0	0	0
1	0	0	1	1	0	0	1	0	1	0	0	0	1	0	0	0	0
0	1	0	0	0	0	0	0	0	0	1	0	0	0	0	0	0	0
0	0	0	0	0	0	0	0	0	0	0	0	0	1	0	0	0	0
DIFF_EDGE
0 0
CHROM_NUMBER
6
EOF
