TYPE : graph_{count}
DIMENSION: 17
EDGE_DATA_FORMAT: EDGE_LIST
EDGE_WEIGHT_TYPE: EXPLICIT
EDGE_WEIGHT_FORMAT: FULL_MATRIX
EDGE_DATA_SECTION
0 1
0 2
0 3
0 4
0 6
0 8
0 10
0 12
0 13
0 14
0 15
0 16
1 5
1 6
1 8
1 9
1 12
1 13
1 14
1 16
2 3
2 5
2 6
2 7
2 8
2 10
2 13
2 14
2 15
2 16
3 4
3 5
3 7
3 9
3 10
3 12
3 13
3 14
3 15
3 16
4 7
4 8
4 9
4 10
4 12
4 13
4 14
4 15
4 16
5 6
5 7
6 7
6 11
6 15
6 16
7 10
7 12
7 14
8 9
8 10
8 12
8 16
9 10
9 11
9 15
10 12
10 13
10 14
10 15
10 16
11 13
12 13
12 14
12 15
12 16
13 14
13 15
13 16
14 15
14 16
15 16
-1
EDGE_WEIGHT_SECTION
0	1	1	1	1	0	1	0	1	0	1	0	1	1	1	1	1
1	0	0	0	0	1	1	0	1	1	0	0	1	1	1	0	1
1	0	0	1	0	1	1	1	1	0	1	0	0	1	1	1	1
1	0	1	0	1	1	0	1	0	1	1	0	1	1	1	1	1
1	0	0	1	0	0	0	1	1	1	1	0	1	1	1	1	1
0	1	1	1	0	0	1	1	0	0	0	0	0	0	0	0	0
1	1	1	0	0	1	0	1	0	0	0	1	0	0	0	1	1
0	0	1	1	1	1	1	0	0	0	1	0	1	0	1	0	0
1	1	1	0	1	0	0	0	0	1	1	0	1	0	0	0	1
0	1	0	1	1	0	0	0	1	0	1	1	0	0	0	1	0
1	0	1	1	1	0	0	1	1	1	0	0	1	1	1	1	1
0	0	0	0	0	0	1	0	0	1	0	0	0	1	0	0	0
1	1	0	1	1	0	0	1	1	0	1	0	1	1	1	1	1
1	1	1	1	1	0	0	0	0	0	1	1	1	0	1	1	1
1	1	1	1	1	0	0	1	0	0	1	0	1	1	0	1	1
1	0	1	1	1	0	1	0	0	1	1	0	1	1	1	1	1
1	1	1	1	1	0	1	0	1	0	1	0	1	1	1	1	0
DIFF_EDGE
0 0
CHROM_NUMBER
12
EOF
