TYPE : graph_{count}
DIMENSION: 21
EDGE_DATA_FORMAT: EDGE_LIST
EDGE_WEIGHT_TYPE: EXPLICIT
EDGE_WEIGHT_FORMAT: FULL_MATRIX
EDGE_DATA_SECTION
0 2
0 4
0 5
0 6
0 9
0 11
1 4
1 7
1 8
1 9
1 13
2 3
2 4
2 5
2 6
2 7
2 8
2 10
2 13
2 14
2 15
3 5
3 9
3 13
3 14
3 15
4 5
4 7
4 9
4 13
4 14
4 15
5 12
5 14
5 20
6 14
7 10
7 18
8 10
8 18
8 19
8 20
9 19
10 12
10 14
10 15
11 13
11 14
11 15
12 13
12 14
12 15
12 17
13 14
13 15
14 15
15 16
-1
EDGE_WEIGHT_SECTION
0	0	1	0	1	1	1	0	0	1	0	1	0	0	0	0	0	0	0	0	0
0	0	0	0	1	0	0	1	1	1	0	0	0	1	0	0	0	0	0	0	0
1	0	0	1	1	1	1	1	1	0	1	0	0	1	1	1	0	0	0	0	0
0	0	1	0	0	1	0	0	0	1	0	0	0	1	1	1	0	0	0	0	0
1	1	1	0	0	1	0	1	0	1	0	0	0	1	1	1	0	0	0	0	0
1	0	1	1	1	0	0	0	0	0	0	0	1	0	1	0	0	0	0	0	1
1	0	1	0	0	0	0	0	0	0	0	0	0	0	1	0	0	0	0	0	0
0	1	1	0	1	0	0	0	0	0	1	0	0	0	0	0	0	0	1	0	0
0	1	1	0	0	0	0	0	0	0	1	0	0	0	0	0	0	0	1	1	1
1	1	0	1	1	0	0	0	0	0	0	0	0	0	0	0	0	0	0	1	0
0	0	1	0	0	0	0	1	1	0	0	0	1	0	1	1	0	0	0	0	0
1	0	0	0	0	0	0	0	0	0	0	0	0	1	1	1	0	0	0	0	0
0	0	0	0	0	1	0	0	0	0	1	0	0	1	1	1	0	1	0	0	0
0	1	1	1	1	0	0	0	0	0	0	1	1	1	1	1	0	0	0	0	0
0	0	1	1	1	1	1	0	0	0	1	1	1	1	1	1	0	0	0	0	0
0	0	1	1	1	0	0	0	0	0	1	1	1	1	1	1	1	0	0	0	0
0	0	0	0	0	0	0	0	0	0	0	0	0	0	0	1	0	0	0	0	0
0	0	0	0	0	0	0	0	0	0	0	0	1	0	0	0	0	0	0	0	0
0	0	0	0	0	0	0	1	1	0	0	0	0	0	0	0	0	0	0	0	0
0	0	0	0	0	0	0	0	1	1	0	0	0	0	0	0	0	0	0	0	0
0	0	0	0	0	1	0	0	1	0	0	0	0	0	0	0	0	0	0	0	0
DIFF_EDGE
0 0
CHROM_NUMBER
8
EOF
