TYPE : graph_{count}
DIMENSION: 17
EDGE_DATA_FORMAT: EDGE_LIST
EDGE_WEIGHT_TYPE: EXPLICIT
EDGE_WEIGHT_FORMAT: FULL_MATRIX
EDGE_DATA_SECTION
0 1
0 3
0 4
0 5
0 6
0 8
0 9
0 11
0 12
0 15
1 2
1 4
1 5
1 8
1 9
1 10
1 12
1 13
1 16
2 3
2 4
2 7
2 9
2 12
2 16
3 4
3 6
3 7
3 10
3 12
3 15
4 6
4 7
4 8
4 9
4 10
4 12
4 15
4 16
5 6
5 10
6 9
6 12
6 15
6 16
7 8
7 9
7 15
7 16
9 12
9 15
9 16
10 16
11 16
12 14
12 15
12 16
13 15
15 16
-1
EDGE_WEIGHT_SECTION
0	1	0	1	1	1	1	0	1	1	0	1	1	0	0	1	0
1	0	1	0	1	1	0	0	1	1	1	0	1	1	0	0	1
0	1	0	1	1	0	0	1	0	1	0	0	1	0	0	0	1
1	0	1	0	1	0	1	1	0	0	1	0	1	0	0	1	0
1	1	1	1	0	0	1	1	1	1	1	0	1	0	0	1	1
1	1	0	0	0	0	1	0	0	0	1	0	0	0	0	0	0
1	0	0	1	1	1	0	0	0	1	0	0	1	0	0	1	1
0	0	1	1	1	0	0	0	1	1	0	0	0	0	0	1	1
1	1	0	0	1	0	0	1	0	0	0	0	0	0	0	0	0
1	1	1	0	1	0	1	1	0	0	0	0	1	0	0	1	1
0	1	0	1	1	1	0	0	0	0	0	0	0	0	0	0	1
1	0	0	0	0	0	0	0	0	0	0	0	0	0	0	0	1
1	1	1	1	1	0	1	0	0	1	0	0	1	0	1	1	1
0	1	0	0	0	0	0	0	0	0	0	0	0	0	0	1	0
0	0	0	0	0	0	0	0	0	0	0	0	1	0	0	0	0
1	0	0	1	1	0	1	1	0	1	0	0	1	1	0	0	1
0	1	1	0	1	0	1	1	0	1	1	1	1	0	0	1	0
DIFF_EDGE
0 0
CHROM_NUMBER
9
EOF
