TYPE : graph_{count}
DIMENSION: 16
EDGE_DATA_FORMAT: EDGE_LIST
EDGE_WEIGHT_TYPE: EXPLICIT
EDGE_WEIGHT_FORMAT: FULL_MATRIX
EDGE_DATA_SECTION
0 2
0 5
0 10
1 3
1 5
1 7
1 8
1 9
1 10
1 12
1 15
2 5
2 8
2 14
2 15
3 7
3 8
3 11
4 5
4 6
4 7
4 9
5 7
6 8
7 8
9 10
9 14
10 11
12 13
-1
EDGE_WEIGHT_SECTION
0	0	1	0	0	1	0	0	0	0	1	0	0	0	0	0
0	0	0	1	0	1	0	1	1	1	1	0	1	0	0	1
1	0	0	0	0	1	0	0	1	0	0	0	0	0	1	1
0	1	0	0	0	0	0	1	1	0	0	1	0	0	0	0
0	0	0	0	0	1	1	1	0	1	0	0	0	0	0	0
1	1	1	0	1	0	0	1	0	0	0	0	0	0	0	0
0	0	0	0	1	0	0	0	1	0	0	0	0	0	0	0
0	1	0	1	1	1	0	0	1	0	0	0	0	0	0	0
0	1	1	1	0	0	1	1	0	0	0	0	0	0	0	0
0	1	0	0	1	0	0	0	0	0	1	0	0	0	1	0
1	1	0	0	0	0	0	0	0	1	0	1	0	0	0	0
0	0	0	1	0	0	0	0	0	0	1	0	0	0	0	0
0	1	0	0	0	0	0	0	0	0	0	0	0	1	0	0
0	0	0	0	0	0	0	0	0	0	0	0	1	0	0	0
0	0	1	0	0	0	0	0	0	1	0	0	0	0	0	0
0	1	1	0	0	0	0	0	0	0	0	0	0	0	0	0
DIFF_EDGE
0 0
CHROM_NUMBER
6
EOF
