TYPE : graph_{count}
DIMENSION: 18
EDGE_DATA_FORMAT: EDGE_LIST
EDGE_WEIGHT_TYPE: EXPLICIT
EDGE_WEIGHT_FORMAT: FULL_MATRIX
EDGE_DATA_SECTION
0 1
0 2
0 3
0 6
0 7
0 9
0 10
0 12
0 13
0 15
1 3
1 4
1 5
1 6
1 8
1 9
1 10
1 12
1 13
1 15
1 16
2 4
2 8
2 12
3 4
3 5
3 6
3 7
3 8
3 10
3 11
3 12
3 15
4 5
4 6
4 7
4 8
4 12
4 15
4 17
5 8
6 7
6 10
6 12
6 13
6 15
7 8
7 9
7 13
8 9
8 12
8 15
9 11
10 12
11 13
12 13
12 14
12 15
13 15
13 17
-1
EDGE_WEIGHT_SECTION
0	1	1	1	0	0	1	1	0	1	1	0	1	1	0	1	0	0
1	0	0	1	1	1	1	0	1	1	1	0	1	1	0	1	1	0
1	0	0	0	1	0	0	0	1	0	0	0	1	0	0	0	0	0
1	1	0	0	1	1	1	1	1	0	1	1	1	0	0	1	0	0
0	1	1	1	0	1	1	1	1	0	0	0	1	0	0	1	0	1
0	1	0	1	1	0	0	0	1	0	0	0	0	0	0	0	0	0
1	1	0	1	1	0	0	1	0	0	1	0	1	1	0	1	0	0
1	0	0	1	1	0	1	0	1	1	0	0	0	1	0	0	0	0
0	1	1	1	1	1	0	1	0	1	0	0	1	0	0	1	0	0
1	1	0	0	0	0	0	1	1	0	0	1	0	0	0	0	0	0
1	1	0	1	0	0	1	0	0	0	0	0	1	0	0	0	0	0
0	0	0	1	0	0	0	0	0	1	0	0	0	1	0	0	0	0
1	1	1	1	1	0	1	0	1	0	1	0	0	1	1	1	0	0
1	1	0	0	0	0	1	1	0	0	0	1	1	0	0	1	0	1
0	0	0	0	0	0	0	0	0	0	0	0	1	0	0	0	0	0
1	1	0	1	1	0	1	0	1	0	0	0	1	1	0	0	0	0
0	1	0	0	0	0	0	0	0	0	0	0	0	0	0	0	0	0
0	0	0	0	1	0	0	0	0	0	0	0	0	1	0	0	0	0
DIFF_EDGE
0 0
CHROM_NUMBER
9
EOF
