TYPE : graph_{count}
DIMENSION: 16
EDGE_DATA_FORMAT: EDGE_LIST
EDGE_WEIGHT_TYPE: EXPLICIT
EDGE_WEIGHT_FORMAT: FULL_MATRIX
EDGE_DATA_SECTION
0 1
0 4
0 9
0 14
0 15
1 2
1 4
1 7
1 14
2 3
2 9
2 10
2 13
2 14
3 4
3 5
3 9
3 11
3 14
3 15
4 7
4 10
4 12
4 14
4 15
5 9
5 10
5 15
6 7
6 14
7 10
8 10
8 15
9 12
9 14
9 15
10 14
10 15
11 14
12 14
12 15
13 14
13 15
14 15
-1
EDGE_WEIGHT_SECTION
0	1	0	0	1	0	0	0	0	1	0	0	0	0	1	1
1	0	1	0	1	0	0	1	0	0	0	0	0	0	1	0
0	1	0	1	0	0	0	0	0	1	1	0	0	1	1	0
0	0	1	0	1	1	0	0	0	1	0	1	0	0	1	1
1	1	0	1	0	0	0	1	0	0	1	0	1	0	1	1
0	0	0	1	0	0	0	0	0	1	1	0	0	0	0	1
0	0	0	0	0	0	0	1	0	0	0	0	0	0	1	0
0	1	0	0	1	0	1	0	0	0	1	0	0	0	0	0
0	0	0	0	0	0	0	0	0	0	1	0	0	0	0	1
1	0	1	1	0	1	0	0	0	0	0	0	1	0	1	1
0	0	1	0	1	1	0	1	1	0	0	0	0	0	1	1
0	0	0	1	0	0	0	0	0	0	0	0	0	0	1	0
0	0	0	0	1	0	0	0	0	1	0	0	0	0	1	1
0	0	1	0	0	0	0	0	0	0	0	0	0	0	1	1
1	1	1	1	1	0	1	0	0	1	1	1	1	1	0	1
1	0	0	1	1	1	0	0	1	1	1	0	1	1	1	1
DIFF_EDGE
0 0
CHROM_NUMBER
7
EOF
