TYPE : graph_{count}
DIMENSION: 19
EDGE_DATA_FORMAT: EDGE_LIST
EDGE_WEIGHT_TYPE: EXPLICIT
EDGE_WEIGHT_FORMAT: FULL_MATRIX
EDGE_DATA_SECTION
0 2
0 3
0 5
0 7
0 11
0 14
0 17
1 3
1 4
1 7
1 8
1 12
1 13
2 4
2 6
2 8
2 9
2 11
2 12
2 13
2 14
3 6
3 8
3 12
3 13
3 14
4 9
4 11
4 12
4 18
5 6
5 7
5 9
5 10
5 11
5 12
5 14
6 7
6 8
6 10
6 11
6 12
6 14
7 9
7 13
8 9
8 10
8 11
8 12
8 13
8 14
8 15
9 10
9 13
11 12
11 13
11 14
12 13
12 14
13 14
13 17
14 16
14 18
-1
EDGE_WEIGHT_SECTION
0	0	1	1	0	1	0	1	0	0	0	1	0	0	1	0	0	1	0
0	0	0	1	1	0	0	1	1	0	0	0	1	1	0	0	0	0	0
1	0	0	0	1	0	1	0	1	1	0	1	1	1	1	0	0	0	0
1	1	0	0	0	0	1	0	1	0	0	0	1	1	1	0	0	0	0
0	1	1	0	0	0	0	0	0	1	0	1	1	0	0	0	0	0	1
1	0	0	0	0	0	1	1	0	1	1	1	1	0	1	0	0	0	0
0	0	1	1	0	1	0	1	1	0	1	1	1	0	1	0	0	0	0
1	1	0	0	0	1	1	0	0	1	0	0	0	1	0	0	0	0	0
0	1	1	1	0	0	1	0	0	1	1	1	1	1	1	1	0	0	0
0	0	1	0	1	1	0	1	1	0	1	0	0	1	0	0	0	0	0
0	0	0	0	0	1	1	0	1	1	0	0	0	0	0	0	0	0	0
1	0	1	0	1	1	1	0	1	0	0	0	1	1	1	0	0	0	0
0	1	1	1	1	1	1	0	1	0	0	1	0	1	1	0	0	0	0
0	1	1	1	0	0	0	1	1	1	0	1	1	1	1	0	0	1	0
1	0	1	1	0	1	1	0	1	0	0	1	1	1	0	0	1	0	1
0	0	0	0	0	0	0	0	1	0	0	0	0	0	0	0	0	0	0
0	0	0	0	0	0	0	0	0	0	0	0	0	0	1	0	0	0	0
1	0	0	0	0	0	0	0	0	0	0	0	0	1	0	0	0	0	0
0	0	0	0	1	0	0	0	0	0	0	0	0	0	1	0	0	0	0
DIFF_EDGE
0 0
CHROM_NUMBER
10
EOF
