TYPE : graph_{count}
DIMENSION: 20
EDGE_DATA_FORMAT: EDGE_LIST
EDGE_WEIGHT_TYPE: EXPLICIT
EDGE_WEIGHT_FORMAT: FULL_MATRIX
EDGE_DATA_SECTION
0 1
0 2
0 3
0 10
0 15
0 17
0 19
1 4
1 6
1 8
1 9
1 12
1 16
1 19
2 4
2 5
2 6
2 8
3 12
4 19
5 9
5 19
6 7
6 8
6 14
7 8
7 10
7 17
7 19
8 9
8 10
8 11
8 15
9 13
11 19
12 19
13 18
14 18
15 19
16 19
17 19
18 19
-1
EDGE_WEIGHT_SECTION
0	1	1	1	0	0	0	0	0	0	1	0	0	0	0	1	0	1	0	1
1	0	0	0	1	0	1	0	1	1	0	0	1	0	0	0	1	0	0	1
1	0	0	0	1	1	1	0	1	0	0	0	0	0	0	0	0	0	0	0
1	0	0	0	0	0	0	0	0	0	0	0	1	0	0	0	0	0	0	0
0	1	1	0	0	0	0	0	0	0	0	0	0	0	0	0	0	0	0	1
0	0	1	0	0	0	0	0	0	1	0	0	0	0	0	0	0	0	0	1
0	1	1	0	0	0	0	1	1	0	0	0	0	0	1	0	0	0	0	0
0	0	0	0	0	0	1	0	1	0	1	0	0	0	0	0	0	1	0	1
0	1	1	0	0	0	1	1	0	1	1	1	0	0	0	1	0	0	0	0
0	1	0	0	0	1	0	0	1	0	0	0	0	1	0	0	0	0	0	0
1	0	0	0	0	0	0	1	1	0	0	0	0	0	0	0	0	0	0	0
0	0	0	0	0	0	0	0	1	0	0	0	0	0	0	0	0	0	0	1
0	1	0	1	0	0	0	0	0	0	0	0	0	0	0	0	0	0	0	1
0	0	0	0	0	0	0	0	0	1	0	0	0	0	0	0	0	0	1	0
0	0	0	0	0	0	1	0	0	0	0	0	0	0	0	0	0	0	1	0
1	0	0	0	0	0	0	0	1	0	0	0	0	0	0	0	0	0	0	1
0	1	0	0	0	0	0	0	0	0	0	0	0	0	0	0	0	0	0	1
1	0	0	0	0	0	0	1	0	0	0	0	0	0	0	0	0	0	0	1
0	0	0	0	0	0	0	0	0	0	0	0	0	1	1	0	0	0	0	1
1	1	0	0	1	1	0	1	0	0	0	1	1	0	0	1	1	1	1	0
DIFF_EDGE
0 0
CHROM_NUMBER
6
EOF
