TYPE : graph_{count}
DIMENSION: 20
EDGE_DATA_FORMAT: EDGE_LIST
EDGE_WEIGHT_TYPE: EXPLICIT
EDGE_WEIGHT_FORMAT: FULL_MATRIX
EDGE_DATA_SECTION
0 2
0 4
0 6
0 7
0 8
0 9
0 10
0 16
1 2
1 4
1 5
1 7
1 16
1 17
2 3
3 6
3 13
3 19
4 8
4 9
4 10
4 14
4 16
4 19
5 7
5 9
5 10
6 8
6 9
6 10
6 16
6 17
7 8
7 9
7 11
7 12
7 13
7 16
8 9
8 10
8 18
9 15
9 16
10 11
10 16
12 16
16 18
-1
EDGE_WEIGHT_SECTION
0	0	1	0	1	0	1	1	1	1	1	0	0	0	0	0	1	0	0	0
0	0	1	0	1	1	0	1	0	0	0	0	0	0	0	0	1	1	0	0
1	1	0	1	0	0	0	0	0	0	0	0	0	0	0	0	0	0	0	0
0	0	1	0	0	0	1	0	0	0	0	0	0	1	0	0	0	0	0	1
1	1	0	0	0	0	0	0	1	1	1	0	0	0	1	0	1	0	0	1
0	1	0	0	0	0	0	1	0	1	1	0	0	0	0	0	0	0	0	0
1	0	0	1	0	0	0	0	1	1	1	0	0	0	0	0	1	1	0	0
1	1	0	0	0	1	0	0	1	1	0	1	1	1	0	0	1	0	0	0
1	0	0	0	1	0	1	1	0	1	1	0	0	0	0	0	0	0	1	0
1	0	0	0	1	1	1	1	1	0	0	0	0	0	0	1	1	0	0	0
1	0	0	0	1	1	1	0	1	0	0	1	0	0	0	0	1	0	0	0
0	0	0	0	0	0	0	1	0	0	1	0	0	0	0	0	0	0	0	0
0	0	0	0	0	0	0	1	0	0	0	0	0	0	0	0	1	0	0	0
0	0	0	1	0	0	0	1	0	0	0	0	0	0	0	0	0	0	0	0
0	0	0	0	1	0	0	0	0	0	0	0	0	0	0	0	0	0	0	0
0	0	0	0	0	0	0	0	0	1	0	0	0	0	0	0	0	0	0	0
1	1	0	0	1	0	1	1	0	1	1	0	1	0	0	0	0	0	1	0
0	1	0	0	0	0	1	0	0	0	0	0	0	0	0	0	0	0	0	0
0	0	0	0	0	0	0	0	1	0	0	0	0	0	0	0	1	0	0	0
0	0	0	1	1	0	0	0	0	0	0	0	0	0	0	0	0	0	0	0
DIFF_EDGE
0 0
CHROM_NUMBER
8
EOF
