TYPE : graph_{count}
DIMENSION: 20
EDGE_DATA_FORMAT: EDGE_LIST
EDGE_WEIGHT_TYPE: EXPLICIT
EDGE_WEIGHT_FORMAT: FULL_MATRIX
EDGE_DATA_SECTION
0 1
0 3
0 4
0 6
0 7
0 9
0 11
0 12
0 19
1 2
1 3
1 5
1 7
1 10
2 4
2 5
2 9
2 10
2 11
2 19
3 5
3 6
3 8
3 10
3 11
3 12
3 16
4 5
4 6
4 7
4 9
5 6
5 8
5 12
6 7
6 8
6 9
6 10
6 12
6 15
7 8
7 10
7 11
7 12
7 17
8 9
8 14
9 10
9 11
9 12
9 13
9 16
9 19
10 11
10 12
10 19
11 12
11 15
11 19
12 18
12 19
14 19
15 19
16 19
-1
EDGE_WEIGHT_SECTION
0	1	0	1	1	0	1	1	0	1	0	1	1	0	0	0	0	0	0	1
1	0	1	1	0	1	0	1	0	0	1	0	0	0	0	0	0	0	0	0
0	1	0	0	1	1	0	0	0	1	1	1	0	0	0	0	0	0	0	1
1	1	0	0	0	1	1	0	1	0	1	1	1	0	0	0	1	0	0	0
1	0	1	0	0	1	1	1	0	1	0	0	0	0	0	0	0	0	0	0
0	1	1	1	1	0	1	0	1	0	0	0	1	0	0	0	0	0	0	0
1	0	0	1	1	1	0	1	1	1	1	0	1	0	0	1	0	0	0	0
1	1	0	0	1	0	1	0	1	0	1	1	1	0	0	0	0	1	0	0
0	0	0	1	0	1	1	1	0	1	0	0	0	0	1	0	0	0	0	0
1	0	1	0	1	0	1	0	1	0	1	1	1	1	0	0	1	0	0	1
0	1	1	1	0	0	1	1	0	1	0	1	1	0	0	0	0	0	0	1
1	0	1	1	0	0	0	1	0	1	1	0	1	0	0	1	0	0	0	1
1	0	0	1	0	1	1	1	0	1	1	1	0	0	0	0	0	0	1	1
0	0	0	0	0	0	0	0	0	1	0	0	0	0	0	0	0	0	0	0
0	0	0	0	0	0	0	0	1	0	0	0	0	0	0	0	0	0	0	1
0	0	0	0	0	0	1	0	0	0	0	1	0	0	0	0	0	0	0	1
0	0	0	1	0	0	0	0	0	1	0	0	0	0	0	0	0	0	0	1
0	0	0	0	0	0	0	1	0	0	0	0	0	0	0	0	0	0	0	0
0	0	0	0	0	0	0	0	0	0	0	0	1	0	0	0	0	0	0	0
1	0	1	0	0	0	0	0	0	1	1	1	1	0	1	1	1	0	0	1
DIFF_EDGE
0 0
CHROM_NUMBER
10
EOF
