TYPE : graph_{count}
DIMENSION: 18
EDGE_DATA_FORMAT: EDGE_LIST
EDGE_WEIGHT_TYPE: EXPLICIT
EDGE_WEIGHT_FORMAT: FULL_MATRIX
EDGE_DATA_SECTION
0 2
0 4
0 6
0 9
0 11
0 12
0 14
1 2
1 6
1 7
2 3
2 6
2 7
2 8
2 10
2 11
2 12
2 14
2 15
3 6
3 7
3 12
4 7
4 10
4 17
5 10
5 14
6 7
6 8
6 12
6 14
7 9
7 10
7 11
7 12
7 14
7 17
8 9
8 10
8 11
8 14
8 17
9 10
9 11
9 12
9 14
9 15
9 17
10 11
10 12
10 14
10 17
11 13
11 14
11 16
12 13
12 14
12 17
13 14
14 17
15 17
16 17
-1
EDGE_WEIGHT_SECTION
0	0	1	0	1	0	1	0	0	1	0	1	1	0	1	0	0	0
0	0	1	0	0	0	1	1	0	0	0	0	0	0	0	0	0	0
1	1	0	1	0	0	1	1	1	0	1	1	1	0	1	1	0	0
0	0	1	0	0	0	1	1	0	0	0	0	1	0	0	0	0	0
1	0	0	0	0	0	0	1	0	0	1	0	0	0	0	0	0	1
0	0	0	0	0	0	0	0	0	0	1	0	0	0	1	0	0	0
1	1	1	1	0	0	0	1	1	0	0	0	1	0	1	0	0	0
0	1	1	1	1	0	1	0	0	1	1	1	1	0	1	0	0	1
0	0	1	0	0	0	1	0	0	1	1	1	0	0	1	0	0	1
1	0	0	0	0	0	0	1	1	0	1	1	1	0	1	1	0	1
0	0	1	0	1	1	0	1	1	1	0	1	1	0	1	0	0	1
1	0	1	0	0	0	0	1	1	1	1	0	0	1	1	0	1	0
1	0	1	1	0	0	1	1	0	1	1	0	0	1	1	0	0	1
0	0	0	0	0	0	0	0	0	0	0	1	1	0	1	0	0	0
1	0	1	0	0	1	1	1	1	1	1	1	1	1	0	0	0	1
0	0	1	0	0	0	0	0	0	1	0	0	0	0	0	0	0	1
0	0	0	0	0	0	0	0	0	0	0	1	0	0	0	0	0	1
0	0	0	0	1	0	0	1	1	1	1	0	1	0	1	1	1	0
DIFF_EDGE
0 0
CHROM_NUMBER
10
EOF
