TYPE : graph_{count}
DIMENSION: 21
EDGE_DATA_FORMAT: EDGE_LIST
EDGE_WEIGHT_TYPE: EXPLICIT
EDGE_WEIGHT_FORMAT: FULL_MATRIX
EDGE_DATA_SECTION
0 1
0 2
0 4
0 5
0 9
0 11
0 12
0 13
0 15
0 16
0 19
0 20
1 4
1 7
1 10
2 9
2 10
2 11
2 13
2 15
2 16
3 5
3 8
3 9
3 10
3 11
3 15
3 19
3 20
4 5
4 8
4 9
4 10
4 11
4 12
4 13
4 14
4 16
4 20
5 6
5 7
5 8
5 9
5 12
5 13
5 15
5 16
6 8
6 11
6 13
6 20
7 9
7 11
7 12
7 13
7 15
7 16
7 18
7 19
7 20
8 13
8 18
9 10
9 11
9 12
9 13
9 15
9 16
9 19
9 20
10 11
10 12
10 16
10 17
10 19
11 12
11 13
11 15
11 16
11 19
11 20
12 13
12 15
12 16
12 19
12 20
13 15
13 16
13 19
13 20
14 15
14 16
14 19
15 16
15 19
15 20
16 19
16 20
17 20
19 20
-1
EDGE_WEIGHT_SECTION
0	1	1	0	1	1	0	0	0	1	0	1	1	1	0	1	1	0	0	1	1
1	0	0	0	1	0	0	1	0	0	1	0	0	0	0	0	0	0	0	0	0
1	0	0	0	0	0	0	0	0	1	1	1	0	1	0	1	1	0	0	0	0
0	0	0	0	0	1	0	0	1	1	1	1	0	0	0	1	0	0	0	1	1
1	1	0	0	0	1	0	0	1	1	1	1	1	1	1	0	1	0	0	0	1
1	0	0	1	1	0	1	1	1	1	0	0	1	1	0	1	1	0	0	0	0
0	0	0	0	0	1	0	0	1	0	0	1	0	1	0	0	0	0	0	0	1
0	1	0	0	0	1	0	0	0	1	0	1	1	1	0	1	1	0	1	1	1
0	0	0	1	1	1	1	0	0	0	0	0	0	1	0	0	0	0	1	0	0
1	0	1	1	1	1	0	1	0	0	1	1	1	1	0	1	1	0	0	1	1
0	1	1	1	1	0	0	0	0	1	0	1	1	0	0	0	1	1	0	1	0
1	0	1	1	1	0	1	1	0	1	1	1	1	1	0	1	1	0	0	1	1
1	0	0	0	1	1	0	1	0	1	1	1	1	1	0	1	1	0	0	1	1
1	0	1	0	1	1	1	1	1	1	0	1	1	0	0	1	1	0	0	1	1
0	0	0	0	1	0	0	0	0	0	0	0	0	0	0	1	1	0	0	1	0
1	0	1	1	0	1	0	1	0	1	0	1	1	1	1	0	1	0	0	1	1
1	0	1	0	1	1	0	1	0	1	1	1	1	1	1	1	0	0	0	1	1
0	0	0	0	0	0	0	0	0	0	1	0	0	0	0	0	0	0	0	0	1
0	0	0	0	0	0	0	1	1	0	0	0	0	0	0	0	0	0	0	0	0
1	0	0	1	0	0	0	1	0	1	1	1	1	1	1	1	1	0	0	1	1
1	0	0	1	1	0	1	1	0	1	0	1	1	1	0	1	1	1	0	1	1
DIFF_EDGE
0 0
CHROM_NUMBER
13
EOF
