TYPE : graph_{count}
DIMENSION: 21
EDGE_DATA_FORMAT: EDGE_LIST
EDGE_WEIGHT_TYPE: EXPLICIT
EDGE_WEIGHT_FORMAT: FULL_MATRIX
EDGE_DATA_SECTION
0 2
0 3
0 7
0 11
0 13
0 14
0 15
1 5
1 6
1 13
1 14
1 20
2 3
2 5
2 7
2 12
2 13
2 15
2 16
3 6
3 7
3 9
3 13
3 15
3 16
3 19
3 20
4 5
4 7
4 8
4 10
4 15
5 6
5 7
5 10
5 13
5 15
5 16
6 10
6 13
7 8
7 9
7 10
7 15
7 16
7 17
7 18
8 9
8 12
8 13
8 19
9 10
10 15
11 13
11 16
12 15
13 15
13 16
13 18
14 15
15 16
-1
EDGE_WEIGHT_SECTION
0	0	1	1	0	0	0	1	0	0	0	1	0	1	1	1	0	0	0	0	0
0	0	0	0	0	1	1	0	0	0	0	0	0	1	1	0	0	0	0	0	1
1	0	0	1	0	1	0	1	0	0	0	0	1	1	0	1	1	0	0	0	0
1	0	1	0	0	0	1	1	0	1	0	0	0	1	0	1	1	0	0	1	1
0	0	0	0	0	1	0	1	1	0	1	0	0	0	0	1	0	0	0	0	0
0	1	1	0	1	0	1	1	0	0	1	0	0	1	0	1	1	0	0	0	0
0	1	0	1	0	1	0	0	0	0	1	0	0	1	0	0	0	0	0	0	0
1	0	1	1	1	1	0	0	1	1	1	0	0	0	0	1	1	1	1	0	0
0	0	0	0	1	0	0	1	0	1	0	0	1	1	0	0	0	0	0	1	0
0	0	0	1	0	0	0	1	1	0	1	0	0	0	0	0	0	0	0	0	0
0	0	0	0	1	1	1	1	0	1	0	0	0	0	0	1	0	0	0	0	0
1	0	0	0	0	0	0	0	0	0	0	0	0	1	0	0	1	0	0	0	0
0	0	1	0	0	0	0	0	1	0	0	0	0	0	0	1	0	0	0	0	0
1	1	1	1	0	1	1	0	1	0	0	1	0	1	0	1	1	0	1	0	0
1	1	0	0	0	0	0	0	0	0	0	0	0	0	0	1	0	0	0	0	0
1	0	1	1	1	1	0	1	0	0	1	0	1	1	1	1	1	0	0	0	0
0	0	1	1	0	1	0	1	0	0	0	1	0	1	0	1	0	0	0	0	0
0	0	0	0	0	0	0	1	0	0	0	0	0	0	0	0	0	0	0	0	0
0	0	0	0	0	0	0	1	0	0	0	0	0	1	0	0	0	0	0	0	0
0	0	0	1	0	0	0	0	1	0	0	0	0	0	0	0	0	0	0	0	0
0	1	0	1	0	0	0	0	0	0	0	0	0	0	0	0	0	0	0	0	0
DIFF_EDGE
0 0
CHROM_NUMBER
8
EOF
