TYPE : graph_{count}
DIMENSION: 16
EDGE_DATA_FORMAT: EDGE_LIST
EDGE_WEIGHT_TYPE: EXPLICIT
EDGE_WEIGHT_FORMAT: FULL_MATRIX
EDGE_DATA_SECTION
0 4
0 6
0 7
0 8
0 9
0 11
0 14
1 2
1 4
1 5
1 6
1 11
2 4
2 5
2 6
3 4
3 5
3 9
3 10
3 11
3 14
4 6
4 8
4 10
4 12
5 6
5 7
5 9
5 11
5 14
6 7
6 10
6 11
6 14
7 8
7 9
7 10
7 11
7 14
7 15
8 11
9 13
10 11
11 14
12 14
-1
EDGE_WEIGHT_SECTION
0	0	0	0	1	0	1	1	1	1	0	1	0	0	1	0
0	0	1	0	1	1	1	0	0	0	0	1	0	0	0	0
0	1	0	0	1	1	1	0	0	0	0	0	0	0	0	0
0	0	0	0	1	1	0	0	0	1	1	1	0	0	1	0
1	1	1	1	0	0	1	0	1	0	1	0	1	0	0	0
0	1	1	1	0	0	1	1	0	1	0	1	0	0	1	0
1	1	1	0	1	1	0	1	0	0	1	1	0	0	1	0
1	0	0	0	0	1	1	0	1	1	1	1	0	0	1	1
1	0	0	0	1	0	0	1	0	0	0	1	0	0	0	0
1	0	0	1	0	1	0	1	0	0	0	0	0	1	0	0
0	0	0	1	1	0	1	1	0	0	0	1	0	0	0	0
1	1	0	1	0	1	1	1	1	0	1	0	0	0	1	0
0	0	0	0	1	0	0	0	0	0	0	0	0	0	1	0
0	0	0	0	0	0	0	0	0	1	0	0	0	0	0	0
1	0	0	1	0	1	1	1	0	0	0	1	1	0	0	0
0	0	0	0	0	0	0	1	0	0	0	0	0	0	0	0
DIFF_EDGE
0 0
CHROM_NUMBER
8
EOF
