TYPE : graph_{count}
DIMENSION: 19
EDGE_DATA_FORMAT: EDGE_LIST
EDGE_WEIGHT_TYPE: EXPLICIT
EDGE_WEIGHT_FORMAT: FULL_MATRIX
EDGE_DATA_SECTION
0 1
0 2
0 4
0 6
0 8
0 9
0 12
0 18
1 3
1 4
1 7
1 8
1 12
1 14
1 17
1 18
2 6
2 9
3 5
3 9
3 10
3 12
3 18
4 5
4 6
4 8
4 9
4 12
4 18
5 10
5 14
6 7
6 9
8 10
8 12
8 18
9 10
10 15
10 17
11 13
11 15
11 18
12 13
12 16
15 18
16 18
-1
EDGE_WEIGHT_SECTION
0	1	1	0	1	0	1	0	1	1	0	0	1	0	0	0	0	0	1
1	0	0	1	1	0	0	1	1	0	0	0	1	0	1	0	0	1	1
1	0	0	0	0	0	1	0	0	1	0	0	0	0	0	0	0	0	0
0	1	0	0	0	1	0	0	0	1	1	0	1	0	0	0	0	0	1
1	1	0	0	0	1	1	0	1	1	0	0	1	0	0	0	0	0	1
0	0	0	1	1	0	0	0	0	0	1	0	0	0	1	0	0	0	0
1	0	1	0	1	0	0	1	0	1	0	0	0	0	0	0	0	0	0
0	1	0	0	0	0	1	0	0	0	0	0	0	0	0	0	0	0	0
1	1	0	0	1	0	0	0	0	0	1	0	1	0	0	0	0	0	1
1	0	1	1	1	0	1	0	0	0	1	0	0	0	0	0	0	0	0
0	0	0	1	0	1	0	0	1	1	0	0	0	0	0	1	0	1	0
0	0	0	0	0	0	0	0	0	0	0	0	0	1	0	1	0	0	1
1	1	0	1	1	0	0	0	1	0	0	0	0	1	0	0	1	0	0
0	0	0	0	0	0	0	0	0	0	0	1	1	0	0	0	0	0	0
0	1	0	0	0	1	0	0	0	0	0	0	0	0	0	0	0	0	0
0	0	0	0	0	0	0	0	0	0	1	1	0	0	0	0	0	0	1
0	0	0	0	0	0	0	0	0	0	0	0	1	0	0	0	0	0	1
0	1	0	0	0	0	0	0	0	0	1	0	0	0	0	0	0	0	0
1	1	0	1	1	0	0	0	1	0	0	1	0	0	0	1	1	0	0
DIFF_EDGE
0 0
CHROM_NUMBER
7
EOF
