TYPE : graph_{count}
DIMENSION: 15
EDGE_DATA_FORMAT: EDGE_LIST
EDGE_WEIGHT_TYPE: EXPLICIT
EDGE_WEIGHT_FORMAT: FULL_MATRIX
EDGE_DATA_SECTION
0 1
0 2
0 4
0 6
0 10
0 11
0 12
1 4
1 5
1 10
2 4
2 6
2 8
2 10
2 11
2 12
3 4
3 6
3 7
4 5
4 6
4 7
4 8
4 10
4 12
4 14
5 6
5 9
5 10
5 11
5 12
6 7
6 8
6 9
6 10
6 11
6 12
8 9
8 10
8 11
9 10
10 11
10 12
10 13
11 12
11 14
-1
EDGE_WEIGHT_SECTION
0	1	1	0	1	0	1	0	0	0	1	1	1	0	0
1	0	0	0	1	1	0	0	0	0	1	0	0	0	0
1	0	0	0	1	0	1	0	1	0	1	1	1	0	0
0	0	0	0	1	0	1	1	0	0	0	0	0	0	0
1	1	1	1	0	1	1	1	1	0	1	0	1	0	1
0	1	0	0	1	0	1	0	0	1	1	1	1	0	0
1	0	1	1	1	1	0	1	1	1	1	1	1	0	0
0	0	0	1	1	0	1	0	0	0	0	0	0	0	0
0	0	1	0	1	0	1	0	0	1	1	1	0	0	0
0	0	0	0	0	1	1	0	1	0	1	0	0	0	0
1	1	1	0	1	1	1	0	1	1	0	1	1	1	0
1	0	1	0	0	1	1	0	1	0	1	0	1	0	1
1	0	1	0	1	1	1	0	0	0	1	1	0	0	0
0	0	0	0	0	0	0	0	0	0	1	0	0	0	0
0	0	0	0	1	0	0	0	0	0	0	1	0	0	0
DIFF_EDGE
0 0
CHROM_NUMBER
8
EOF
