TYPE : graph_{count}
DIMENSION: 21
EDGE_DATA_FORMAT: EDGE_LIST
EDGE_WEIGHT_TYPE: EXPLICIT
EDGE_WEIGHT_FORMAT: FULL_MATRIX
EDGE_DATA_SECTION
0 2
0 4
0 6
0 10
0 13
0 16
1 4
1 5
1 6
1 10
1 16
1 17
2 7
2 8
2 9
2 10
3 4
3 7
3 9
3 10
4 5
4 10
4 15
5 7
5 8
5 10
5 11
6 7
6 10
7 10
7 17
8 9
8 19
9 10
9 11
10 12
10 14
11 17
12 20
13 17
13 19
15 17
17 18
17 20
-1
EDGE_WEIGHT_SECTION
0	0	1	0	1	0	1	0	0	0	1	0	0	1	0	0	1	0	0	0	0
0	0	0	0	1	1	1	0	0	0	1	0	0	0	0	0	1	1	0	0	0
1	0	0	0	0	0	0	1	1	1	1	0	0	0	0	0	0	0	0	0	0
0	0	0	0	1	0	0	1	0	1	1	0	0	0	0	0	0	0	0	0	0
1	1	0	1	0	1	0	0	0	0	1	0	0	0	0	1	0	0	0	0	0
0	1	0	0	1	0	0	1	1	0	1	1	0	0	0	0	0	0	0	0	0
1	1	0	0	0	0	0	1	0	0	1	0	0	0	0	0	0	0	0	0	0
0	0	1	1	0	1	1	0	0	0	1	0	0	0	0	0	0	1	0	0	0
0	0	1	0	0	1	0	0	0	1	0	0	0	0	0	0	0	0	0	1	0
0	0	1	1	0	0	0	0	1	0	1	1	0	0	0	0	0	0	0	0	0
1	1	1	1	1	1	1	1	0	1	0	0	1	0	1	0	0	0	0	0	0
0	0	0	0	0	1	0	0	0	1	0	0	0	0	0	0	0	1	0	0	0
0	0	0	0	0	0	0	0	0	0	1	0	0	0	0	0	0	0	0	0	1
1	0	0	0	0	0	0	0	0	0	0	0	0	0	0	0	0	1	0	1	0
0	0	0	0	0	0	0	0	0	0	1	0	0	0	0	0	0	0	0	0	0
0	0	0	0	1	0	0	0	0	0	0	0	0	0	0	0	0	1	0	0	0
1	1	0	0	0	0	0	0	0	0	0	0	0	0	0	0	0	0	0	0	0
0	1	0	0	0	0	0	1	0	0	0	1	0	1	0	1	0	0	1	0	1
0	0	0	0	0	0	0	0	0	0	0	0	0	0	0	0	0	1	0	0	0
0	0	0	0	0	0	0	0	1	0	0	0	0	1	0	0	0	0	0	0	0
0	0	0	0	0	0	0	0	0	0	0	0	1	0	0	0	0	1	0	0	0
DIFF_EDGE
0 0
CHROM_NUMBER
7
EOF
