TYPE : graph_{count}
DIMENSION: 17
EDGE_DATA_FORMAT: EDGE_LIST
EDGE_WEIGHT_TYPE: EXPLICIT
EDGE_WEIGHT_FORMAT: FULL_MATRIX
EDGE_DATA_SECTION
0 1
0 2
0 4
0 5
0 7
0 13
1 4
1 6
1 7
2 4
2 5
2 8
2 9
2 12
3 7
3 8
3 9
4 6
4 8
4 13
5 8
5 13
5 14
6 10
7 9
7 11
7 13
8 9
8 13
8 16
10 12
12 13
12 15
-1
EDGE_WEIGHT_SECTION
0	1	1	0	1	1	0	1	0	0	0	0	0	1	0	0	0
1	0	0	0	1	0	1	1	0	0	0	0	0	0	0	0	0
1	0	0	0	1	1	0	0	1	1	0	0	1	0	0	0	0
0	0	0	0	0	0	0	1	1	1	0	0	0	0	0	0	0
1	1	1	0	0	0	1	0	1	0	0	0	0	1	0	0	0
1	0	1	0	0	0	0	0	1	0	0	0	0	1	1	0	0
0	1	0	0	1	0	0	0	0	0	1	0	0	0	0	0	0
1	1	0	1	0	0	0	0	0	1	0	1	0	1	0	0	0
0	0	1	1	1	1	0	0	0	1	0	0	0	1	0	0	1
0	0	1	1	0	0	0	1	1	0	0	0	0	0	0	0	0
0	0	0	0	0	0	1	0	0	0	0	0	1	0	0	0	0
0	0	0	0	0	0	0	1	0	0	0	0	0	0	0	0	0
0	0	1	0	0	0	0	0	0	0	1	0	0	1	0	1	0
1	0	0	0	1	1	0	1	1	0	0	0	1	0	0	0	0
0	0	0	0	0	1	0	0	0	0	0	0	0	0	0	0	0
0	0	0	0	0	0	0	0	0	0	0	0	1	0	0	0	0
0	0	0	0	0	0	0	0	1	0	0	0	0	0	0	0	0
DIFF_EDGE
0 0
CHROM_NUMBER
6
EOF
