TYPE : graph_{count}
DIMENSION: 17
EDGE_DATA_FORMAT: EDGE_LIST
EDGE_WEIGHT_TYPE: EXPLICIT
EDGE_WEIGHT_FORMAT: FULL_MATRIX
EDGE_DATA_SECTION
0 2
0 3
0 5
0 8
0 9
0 16
1 2
1 4
1 7
1 8
1 9
1 10
1 14
1 15
1 16
2 4
2 5
2 7
2 9
2 10
2 13
2 14
3 4
3 6
3 7
3 9
3 14
3 15
4 5
4 8
4 10
4 14
4 16
5 7
6 7
6 9
7 8
7 9
7 12
7 14
7 16
8 11
8 13
8 14
8 16
9 10
9 14
9 15
9 16
11 15
11 16
12 15
13 15
13 16
14 15
14 16
15 16
-1
EDGE_WEIGHT_SECTION
0	0	1	1	0	1	0	0	1	1	0	0	0	0	0	0	1
0	0	1	0	1	0	0	1	1	1	1	0	0	0	1	1	1
1	1	0	0	1	1	0	1	0	1	1	0	0	1	1	0	0
1	0	0	0	1	0	1	1	0	1	0	0	0	0	1	1	0
0	1	1	1	0	1	0	0	1	0	1	0	0	0	1	0	1
1	0	1	0	1	0	0	1	0	0	0	0	0	0	0	0	0
0	0	0	1	0	0	0	1	0	1	0	0	0	0	0	0	0
0	1	1	1	0	1	1	0	1	1	0	0	1	0	1	0	1
1	1	0	0	1	0	0	1	0	0	0	1	0	1	1	0	1
1	1	1	1	0	0	1	1	0	0	1	0	0	0	1	1	1
0	1	1	0	1	0	0	0	0	1	0	0	0	0	0	0	0
0	0	0	0	0	0	0	0	1	0	0	0	0	0	0	1	1
0	0	0	0	0	0	0	1	0	0	0	0	0	0	0	1	0
0	0	1	0	0	0	0	0	1	0	0	0	0	0	0	1	1
0	1	1	1	1	0	0	1	1	1	0	0	0	0	1	1	1
0	1	0	1	0	0	0	0	0	1	0	1	1	1	1	1	1
1	1	0	0	1	0	0	1	1	1	0	1	0	1	1	1	1
DIFF_EDGE
0 0
CHROM_NUMBER
9
EOF
