TYPE : graph_{count}
DIMENSION: 17
EDGE_DATA_FORMAT: EDGE_LIST
EDGE_WEIGHT_TYPE: EXPLICIT
EDGE_WEIGHT_FORMAT: FULL_MATRIX
EDGE_DATA_SECTION
0 3
0 5
0 6
0 7
0 12
1 3
1 4
1 7
1 8
2 4
2 5
2 6
2 7
2 8
2 14
2 15
2 16
3 4
3 6
4 5
4 6
4 8
4 12
4 14
4 15
5 9
5 13
6 9
6 10
7 8
7 9
7 10
7 12
7 14
7 15
8 11
8 13
8 14
8 15
9 15
11 12
12 14
12 15
12 16
13 14
13 15
14 15
-1
EDGE_WEIGHT_SECTION
0	0	0	1	0	1	1	1	0	0	0	0	1	0	0	0	0
0	0	0	1	1	0	0	1	1	0	0	0	0	0	0	0	0
0	0	0	0	1	1	1	1	1	0	0	0	0	0	1	1	1
1	1	0	0	1	0	1	0	0	0	0	0	0	0	0	0	0
0	1	1	1	0	1	1	0	1	0	0	0	1	0	1	1	0
1	0	1	0	1	0	0	0	0	1	0	0	0	1	0	0	0
1	0	1	1	1	0	0	0	0	1	1	0	0	0	0	0	0
1	1	1	0	0	0	0	0	1	1	1	0	1	0	1	1	0
0	1	1	0	1	0	0	1	0	0	0	1	0	1	1	1	0
0	0	0	0	0	1	1	1	0	0	0	0	0	0	0	1	0
0	0	0	0	0	0	1	1	0	0	0	0	0	0	0	0	0
0	0	0	0	0	0	0	0	1	0	0	0	1	0	0	0	0
1	0	0	0	1	0	0	1	0	0	0	1	0	0	1	1	1
0	0	0	0	0	1	0	0	1	0	0	0	0	0	1	1	0
0	0	1	0	1	0	0	1	1	0	0	0	1	1	1	1	0
0	0	1	0	1	0	0	1	1	1	0	0	1	1	1	0	0
0	0	1	0	0	0	0	0	0	0	0	0	1	0	0	0	0
DIFF_EDGE
0 0
CHROM_NUMBER
8
EOF
