TYPE : graph_{count}
DIMENSION: 17
EDGE_DATA_FORMAT: EDGE_LIST
EDGE_WEIGHT_TYPE: EXPLICIT
EDGE_WEIGHT_FORMAT: FULL_MATRIX
EDGE_DATA_SECTION
0 1
0 2
0 4
0 5
0 8
0 9
0 12
0 16
1 2
1 3
1 8
2 5
2 6
2 9
3 4
3 5
3 9
3 10
3 12
3 14
4 5
4 6
4 10
4 12
4 16
5 8
5 10
5 11
5 12
5 13
5 16
6 7
6 8
6 9
6 10
6 11
6 16
7 10
7 12
8 12
8 15
9 10
9 12
10 12
10 16
11 16
12 16
14 15
14 16
15 16
-1
EDGE_WEIGHT_SECTION
0	1	1	0	1	1	0	0	1	1	0	0	1	0	0	0	1
1	0	1	1	0	0	0	0	1	0	0	0	0	0	0	0	0
1	1	0	0	0	1	1	0	0	1	0	0	0	0	0	0	0
0	1	0	0	1	1	0	0	0	1	1	0	1	0	1	0	0
1	0	0	1	0	1	1	0	0	0	1	0	1	0	0	0	1
1	0	1	1	1	0	0	0	1	0	1	1	1	1	0	0	1
0	0	1	0	1	0	0	1	1	1	1	1	0	0	0	0	1
0	0	0	0	0	0	1	0	0	0	1	0	1	0	0	0	0
1	1	0	0	0	1	1	0	0	0	0	0	1	0	0	1	0
1	0	1	1	0	0	1	0	0	0	1	0	1	0	0	0	0
0	0	0	1	1	1	1	1	0	1	0	0	1	0	0	0	1
0	0	0	0	0	1	1	0	0	0	0	0	0	0	0	0	1
1	0	0	1	1	1	0	1	1	1	1	0	0	0	0	0	1
0	0	0	0	0	1	0	0	0	0	0	0	0	0	0	0	0
0	0	0	1	0	0	0	0	0	0	0	0	0	0	0	1	1
0	0	0	0	0	0	0	0	1	0	0	0	0	0	1	0	1
1	0	0	0	1	1	1	0	0	0	1	1	1	0	1	1	0
DIFF_EDGE
0 0
CHROM_NUMBER
8
EOF
