TYPE : graph_{count}
DIMENSION: 19
EDGE_DATA_FORMAT: EDGE_LIST
EDGE_WEIGHT_TYPE: EXPLICIT
EDGE_WEIGHT_FORMAT: FULL_MATRIX
EDGE_DATA_SECTION
0 5
0 6
0 8
0 10
0 12
0 13
0 16
0 17
1 2
1 7
1 8
1 10
1 12
1 17
2 8
2 9
2 13
2 17
3 4
3 5
3 8
3 10
3 13
3 16
3 17
4 6
4 7
4 10
4 12
4 13
4 16
4 17
5 6
5 8
5 9
5 12
5 16
5 17
6 11
6 13
7 9
7 10
7 13
7 16
8 16
8 17
9 13
10 12
10 13
10 14
10 17
12 13
12 16
12 17
13 15
13 16
13 18
14 16
14 17
15 17
16 17
17 18
-1
EDGE_WEIGHT_SECTION
0	0	0	0	0	1	1	0	1	0	1	0	1	1	0	0	1	1	0
0	0	1	0	0	0	0	1	1	0	1	0	1	0	0	0	0	1	0
0	1	0	0	0	0	0	0	1	1	0	0	0	1	0	0	0	1	0
0	0	0	0	1	1	0	0	1	0	1	0	0	1	0	0	1	1	0
0	0	0	1	0	0	1	1	0	0	1	0	1	1	0	0	1	1	0
1	0	0	1	0	0	1	0	1	1	0	0	1	0	0	0	1	1	0
1	0	0	0	1	1	0	0	0	0	0	1	0	1	0	0	0	0	0
0	1	0	0	1	0	0	0	0	1	1	0	0	1	0	0	1	0	0
1	1	1	1	0	1	0	0	0	0	0	0	0	0	0	0	1	1	0
0	0	1	0	0	1	0	1	0	0	0	0	0	1	0	0	0	0	0
1	1	0	1	1	0	0	1	0	0	0	0	1	1	1	0	0	1	0
0	0	0	0	0	0	1	0	0	0	0	0	0	0	0	0	0	0	0
1	1	0	0	1	1	0	0	0	0	1	0	0	1	0	0	1	1	0
1	0	1	1	1	0	1	1	0	1	1	0	1	0	0	1	1	0	1
0	0	0	0	0	0	0	0	0	0	1	0	0	0	0	0	1	1	0
0	0	0	0	0	0	0	0	0	0	0	0	0	1	0	0	0	1	0
1	0	0	1	1	1	0	1	1	0	0	0	1	1	1	0	1	1	0
1	1	1	1	1	1	0	0	1	0	1	0	1	0	1	1	1	0	1
0	0	0	0	0	0	0	0	0	0	0	0	0	1	0	0	0	1	0
DIFF_EDGE
0 0
CHROM_NUMBER
9
EOF
