TYPE : graph_{count}
DIMENSION: 17
EDGE_DATA_FORMAT: EDGE_LIST
EDGE_WEIGHT_TYPE: EXPLICIT
EDGE_WEIGHT_FORMAT: FULL_MATRIX
EDGE_DATA_SECTION
0 4
0 5
0 6
0 8
0 12
0 13
0 15
1 5
1 6
1 7
1 9
1 15
2 4
2 7
2 10
3 5
3 7
3 8
4 5
4 6
4 8
4 9
4 10
5 7
5 14
6 8
6 9
7 11
7 12
8 10
9 11
9 13
15 16
-1
EDGE_WEIGHT_SECTION
0	0	0	0	1	1	1	0	1	0	0	0	1	1	0	1	0
0	0	0	0	0	1	1	1	0	1	0	0	0	0	0	1	0
0	0	0	0	1	0	0	1	0	0	1	0	0	0	0	0	0
0	0	0	0	0	1	0	1	1	0	0	0	0	0	0	0	0
1	0	1	0	0	1	1	0	1	1	1	0	0	0	0	0	0
1	1	0	1	1	0	0	1	0	0	0	0	0	0	1	0	0
1	1	0	0	1	0	0	0	1	1	0	0	0	0	0	0	0
0	1	1	1	0	1	0	0	0	0	0	1	1	0	0	0	0
1	0	0	1	1	0	1	0	0	0	1	0	0	0	0	0	0
0	1	0	0	1	0	1	0	0	0	0	1	0	1	0	0	0
0	0	1	0	1	0	0	0	1	0	0	0	0	0	0	0	0
0	0	0	0	0	0	0	1	0	1	0	0	0	0	0	0	0
1	0	0	0	0	0	0	1	0	0	0	0	0	0	0	0	0
1	0	0	0	0	0	0	0	0	1	0	0	0	0	0	0	0
0	0	0	0	0	1	0	0	0	0	0	0	0	0	0	0	0
1	1	0	0	0	0	0	0	0	0	0	0	0	0	0	0	1
0	0	0	0	0	0	0	0	0	0	0	0	0	0	0	1	0
DIFF_EDGE
0 0
CHROM_NUMBER
6
EOF
