TYPE : graph_{count}
DIMENSION: 20
EDGE_DATA_FORMAT: EDGE_LIST
EDGE_WEIGHT_TYPE: EXPLICIT
EDGE_WEIGHT_FORMAT: FULL_MATRIX
EDGE_DATA_SECTION
0 1
0 3
0 4
0 5
0 6
0 7
0 9
0 10
0 11
0 13
0 14
0 18
0 19
1 2
1 4
1 5
1 6
1 7
1 13
1 14
1 17
1 18
1 19
2 4
2 6
3 4
3 5
3 7
3 9
3 17
4 5
4 7
4 8
4 9
4 13
4 14
4 17
4 18
4 19
5 6
5 9
5 13
5 14
5 17
5 18
5 19
6 9
6 10
6 13
6 14
6 17
6 18
6 19
7 13
7 14
7 18
7 19
8 18
8 19
9 10
9 12
10 17
10 18
11 13
11 14
11 17
11 19
12 15
12 19
13 14
13 17
13 18
13 19
14 16
14 18
14 19
15 19
16 17
16 19
17 18
17 19
18 19
-1
EDGE_WEIGHT_SECTION
0	1	0	1	1	1	1	1	0	1	1	1	0	1	1	0	0	0	1	1
1	0	1	0	1	1	1	1	0	0	0	0	0	1	1	0	0	1	1	1
0	1	0	0	1	0	1	0	0	0	0	0	0	0	0	0	0	0	0	0
1	0	0	0	1	1	0	1	0	1	0	0	0	0	0	0	0	1	0	0
1	1	1	1	0	1	0	1	1	1	0	0	0	1	1	0	0	1	1	1
1	1	0	1	1	0	1	0	0	1	0	0	0	1	1	0	0	1	1	1
1	1	1	0	0	1	0	0	0	1	1	0	0	1	1	0	0	1	1	1
1	1	0	1	1	0	0	0	0	0	0	0	0	1	1	0	0	0	1	1
0	0	0	0	1	0	0	0	0	0	0	0	0	0	0	0	0	0	1	1
1	0	0	1	1	1	1	0	0	0	1	0	1	0	0	0	0	0	0	0
1	0	0	0	0	0	1	0	0	1	0	0	0	0	0	0	0	1	1	0
1	0	0	0	0	0	0	0	0	0	0	0	0	1	1	0	0	1	0	1
0	0	0	0	0	0	0	0	0	1	0	0	0	0	0	1	0	0	0	1
1	1	0	0	1	1	1	1	0	0	0	1	0	0	1	0	0	1	1	1
1	1	0	0	1	1	1	1	0	0	0	1	0	1	0	0	1	0	1	1
0	0	0	0	0	0	0	0	0	0	0	0	1	0	0	0	0	0	0	1
0	0	0	0	0	0	0	0	0	0	0	0	0	0	1	0	0	1	0	1
0	1	0	1	1	1	1	0	0	0	1	1	0	1	0	0	1	0	1	1
1	1	0	0	1	1	1	1	1	0	1	0	0	1	1	0	0	1	1	1
1	1	0	0	1	1	1	1	1	0	0	1	1	1	1	1	1	1	1	1
DIFF_EDGE
0 0
CHROM_NUMBER
11
EOF
