TYPE : graph_{count}
DIMENSION: 20
EDGE_DATA_FORMAT: EDGE_LIST
EDGE_WEIGHT_TYPE: EXPLICIT
EDGE_WEIGHT_FORMAT: FULL_MATRIX
EDGE_DATA_SECTION
0 2
0 8
0 9
0 10
0 12
0 13
1 3
1 5
1 7
1 8
1 9
1 12
1 15
1 18
2 5
2 6
3 6
3 8
3 9
3 10
3 12
3 15
3 19
4 5
4 9
5 7
5 8
5 10
5 12
5 15
5 19
6 7
6 12
7 8
7 9
7 10
7 11
7 12
7 14
7 19
8 12
8 15
8 19
9 12
9 17
10 12
10 17
11 12
11 15
12 15
12 19
13 15
13 19
14 15
14 19
15 16
16 19
18 19
-1
EDGE_WEIGHT_SECTION
0	0	1	0	0	0	0	0	1	1	1	0	1	1	0	0	0	0	0	0
0	0	0	1	0	1	0	1	1	1	0	0	1	0	0	1	0	0	1	0
1	0	0	0	0	1	1	0	0	0	0	0	0	0	0	0	0	0	0	0
0	1	0	0	0	0	1	0	1	1	1	0	1	0	0	1	0	0	0	1
0	0	0	0	0	1	0	0	0	1	0	0	0	0	0	0	0	0	0	0
0	1	1	0	1	0	0	1	1	0	1	0	1	0	0	1	0	0	0	1
0	0	1	1	0	0	0	1	0	0	0	0	1	0	0	0	0	0	0	0
0	1	0	0	0	1	1	0	1	1	1	1	1	0	1	0	0	0	0	1
1	1	0	1	0	1	0	1	0	0	0	0	1	0	0	1	0	0	0	1
1	1	0	1	1	0	0	1	0	0	0	0	1	0	0	0	0	1	0	0
1	0	0	1	0	1	0	1	0	0	0	0	1	0	0	0	0	1	0	0
0	0	0	0	0	0	0	1	0	0	0	0	1	0	0	1	0	0	0	0
1	1	0	1	0	1	1	1	1	1	1	1	0	0	0	1	0	0	0	1
1	0	0	0	0	0	0	0	0	0	0	0	0	0	0	1	0	0	0	1
0	0	0	0	0	0	0	1	0	0	0	0	0	0	0	1	0	0	0	1
0	1	0	1	0	1	0	0	1	0	0	1	1	1	1	0	1	0	0	0
0	0	0	0	0	0	0	0	0	0	0	0	0	0	0	1	0	0	0	1
0	0	0	0	0	0	0	0	0	1	1	0	0	0	0	0	0	0	0	0
0	1	0	0	0	0	0	0	0	0	0	0	0	0	0	0	0	0	0	1
0	0	0	1	0	1	0	1	1	0	0	0	1	1	1	0	1	0	1	0
DIFF_EDGE
0 0
CHROM_NUMBER
9
EOF
