TYPE : graph_{count}
DIMENSION: 21
EDGE_DATA_FORMAT: EDGE_LIST
EDGE_WEIGHT_TYPE: EXPLICIT
EDGE_WEIGHT_FORMAT: FULL_MATRIX
EDGE_DATA_SECTION
0 2
0 5
0 6
0 8
0 9
0 10
1 4
1 5
1 6
1 10
1 12
2 3
2 6
2 14
2 19
3 7
3 8
3 12
3 16
3 18
4 6
4 7
4 10
4 14
4 19
5 14
6 10
6 11
6 13
6 14
6 19
7 14
7 15
7 19
7 20
8 9
9 14
9 19
10 14
10 19
10 20
11 17
12 14
12 19
13 18
14 19
15 17
16 19
17 19
-1
EDGE_WEIGHT_SECTION
0	0	1	0	0	1	1	0	1	1	1	0	0	0	0	0	0	0	0	0	0
0	0	0	0	1	1	1	0	0	0	1	0	1	0	0	0	0	0	0	0	0
1	0	0	1	0	0	1	0	0	0	0	0	0	0	1	0	0	0	0	1	0
0	0	1	0	0	0	0	1	1	0	0	0	1	0	0	0	1	0	1	0	0
0	1	0	0	0	0	1	1	0	0	1	0	0	0	1	0	0	0	0	1	0
1	1	0	0	0	0	0	0	0	0	0	0	0	0	1	0	0	0	0	0	0
1	1	1	0	1	0	0	0	0	0	1	1	0	1	1	0	0	0	0	1	0
0	0	0	1	1	0	0	0	0	0	0	0	0	0	1	1	0	0	0	1	1
1	0	0	1	0	0	0	0	0	1	0	0	0	0	0	0	0	0	0	0	0
1	0	0	0	0	0	0	0	1	0	0	0	0	0	1	0	0	0	0	1	0
1	1	0	0	1	0	1	0	0	0	0	0	0	0	1	0	0	0	0	1	1
0	0	0	0	0	0	1	0	0	0	0	0	0	0	0	0	0	1	0	0	0
0	1	0	1	0	0	0	0	0	0	0	0	0	0	1	0	0	0	0	1	0
0	0	0	0	0	0	1	0	0	0	0	0	0	0	0	0	0	0	1	0	0
0	0	1	0	1	1	1	1	0	1	1	0	1	0	1	0	0	0	0	1	0
0	0	0	0	0	0	0	1	0	0	0	0	0	0	0	0	0	1	0	0	0
0	0	0	1	0	0	0	0	0	0	0	0	0	0	0	0	0	0	0	1	0
0	0	0	0	0	0	0	0	0	0	0	1	0	0	0	1	0	0	0	1	0
0	0	0	1	0	0	0	0	0	0	0	0	0	1	0	0	0	0	0	0	0
0	0	1	0	1	0	1	1	0	1	1	0	1	0	1	0	1	1	0	0	0
0	0	0	0	0	0	0	1	0	0	1	0	0	0	0	0	0	0	0	0	0
DIFF_EDGE
0 0
CHROM_NUMBER
7
EOF
