TYPE : graph_{count}
DIMENSION: 18
EDGE_DATA_FORMAT: EDGE_LIST
EDGE_WEIGHT_TYPE: EXPLICIT
EDGE_WEIGHT_FORMAT: FULL_MATRIX
EDGE_DATA_SECTION
0 3
0 5
0 8
0 16
1 4
1 8
1 11
2 3
2 4
2 5
2 7
3 4
3 8
3 9
3 10
3 15
4 5
4 6
4 7
4 9
4 13
5 6
5 7
5 8
5 14
6 8
6 9
6 16
7 9
7 12
7 15
8 10
9 10
9 11
10 13
12 17
-1
EDGE_WEIGHT_SECTION
0	0	0	1	0	1	0	0	1	0	0	0	0	0	0	0	1	0
0	0	0	0	1	0	0	0	1	0	0	1	0	0	0	0	0	0
0	0	0	1	1	1	0	1	0	0	0	0	0	0	0	0	0	0
1	0	1	0	1	0	0	0	1	1	1	0	0	0	0	1	0	0
0	1	1	1	0	1	1	1	0	1	0	0	0	1	0	0	0	0
1	0	1	0	1	0	1	1	1	0	0	0	0	0	1	0	0	0
0	0	0	0	1	1	0	0	1	1	0	0	0	0	0	0	1	0
0	0	1	0	1	1	0	0	0	1	0	0	1	0	0	1	0	0
1	1	0	1	0	1	1	0	0	0	1	0	0	0	0	0	0	0
0	0	0	1	1	0	1	1	0	0	1	1	0	0	0	0	0	0
0	0	0	1	0	0	0	0	1	1	0	0	0	1	0	0	0	0
0	1	0	0	0	0	0	0	0	1	0	0	0	0	0	0	0	0
0	0	0	0	0	0	0	1	0	0	0	0	0	0	0	0	0	1
0	0	0	0	1	0	0	0	0	0	1	0	0	0	0	0	0	0
0	0	0	0	0	1	0	0	0	0	0	0	0	0	0	0	0	0
0	0	0	1	0	0	0	1	0	0	0	0	0	0	0	0	0	0
1	0	0	0	0	0	1	0	0	0	0	0	0	0	0	0	0	0
0	0	0	0	0	0	0	0	0	0	0	0	1	0	0	0	0	0
DIFF_EDGE
0 0
CHROM_NUMBER
6
EOF
