TYPE : graph_{count}
DIMENSION: 19
EDGE_DATA_FORMAT: EDGE_LIST
EDGE_WEIGHT_TYPE: EXPLICIT
EDGE_WEIGHT_FORMAT: FULL_MATRIX
EDGE_DATA_SECTION
0 2
0 3
0 4
0 6
0 9
0 11
0 12
0 13
1 2
1 3
1 5
1 6
1 10
1 11
1 12
1 13
1 15
1 17
2 3
2 5
2 7
2 8
2 9
2 11
2 12
2 13
2 15
2 17
3 4
3 5
3 7
3 8
3 10
3 11
3 12
3 13
3 15
3 17
4 8
4 10
4 11
4 12
4 15
5 6
5 7
5 10
5 11
5 12
5 13
5 15
5 17
6 8
6 10
6 15
6 17
8 9
8 11
8 13
8 17
10 13
10 15
11 12
11 13
11 14
11 17
12 13
12 15
12 16
12 17
13 15
13 17
14 15
14 18
15 17
-1
EDGE_WEIGHT_SECTION
0	0	1	1	1	0	1	0	0	1	0	1	1	1	0	0	0	0	0
0	0	1	1	0	1	1	0	0	0	1	1	1	1	0	1	0	1	0
1	1	0	1	0	1	0	1	1	1	0	1	1	1	0	1	0	1	0
1	1	1	0	1	1	0	1	1	0	1	1	1	1	0	1	0	1	0
1	0	0	1	0	0	0	0	1	0	1	1	1	0	0	1	0	0	0
0	1	1	1	0	0	1	1	0	0	1	1	1	1	0	1	0	1	0
1	1	0	0	0	1	0	0	1	0	1	0	0	0	0	1	0	1	0
0	0	1	1	0	1	0	0	0	0	0	0	0	0	0	0	0	0	0
0	0	1	1	1	0	1	0	0	1	0	1	0	1	0	0	0	1	0
1	0	1	0	0	0	0	0	1	0	0	0	0	0	0	0	0	0	0
0	1	0	1	1	1	1	0	0	0	0	0	0	1	0	1	0	0	0
1	1	1	1	1	1	0	0	1	0	0	0	1	1	1	0	0	1	0
1	1	1	1	1	1	0	0	0	0	0	1	0	1	0	1	1	1	0
1	1	1	1	0	1	0	0	1	0	1	1	1	1	0	1	0	1	0
0	0	0	0	0	0	0	0	0	0	0	1	0	0	0	1	0	0	1
0	1	1	1	1	1	1	0	0	0	1	0	1	1	1	0	0	1	0
0	0	0	0	0	0	0	0	0	0	0	0	1	0	0	0	0	0	0
0	1	1	1	0	1	1	0	1	0	0	1	1	1	0	1	0	0	0
0	0	0	0	0	0	0	0	0	0	0	0	0	0	1	0	0	0	0
DIFF_EDGE
0 0
CHROM_NUMBER
11
EOF
