TYPE : graph_{count}
DIMENSION: 20
EDGE_DATA_FORMAT: EDGE_LIST
EDGE_WEIGHT_TYPE: EXPLICIT
EDGE_WEIGHT_FORMAT: FULL_MATRIX
EDGE_DATA_SECTION
0 1
0 2
0 3
0 6
0 7
0 8
0 9
0 11
0 12
0 16
0 18
0 19
1 3
1 5
1 7
1 8
1 11
1 12
1 16
1 18
1 19
2 4
2 8
2 9
2 19
3 5
3 8
3 9
3 11
3 12
3 16
3 18
3 19
4 7
4 9
4 10
4 13
5 6
5 8
5 11
5 16
6 10
6 11
6 12
6 16
6 18
6 19
7 8
7 18
8 11
8 12
8 14
8 16
9 10
9 16
10 11
10 12
10 15
10 16
10 18
11 12
11 13
11 16
11 18
11 19
12 16
12 18
12 19
13 15
13 17
14 16
14 18
14 19
15 16
15 18
15 19
16 18
16 19
17 18
17 19
18 19
-1
EDGE_WEIGHT_SECTION
0	1	1	1	0	0	1	1	1	1	0	1	1	0	0	0	1	0	1	1
1	0	0	1	0	1	0	1	1	0	0	1	1	0	0	0	1	0	1	1
1	0	0	0	1	0	0	0	1	1	0	0	0	0	0	0	0	0	0	1
1	1	0	0	0	1	0	0	1	1	0	1	1	0	0	0	1	0	1	1
0	0	1	0	0	0	0	1	0	1	1	0	0	1	0	0	0	0	0	0
0	1	0	1	0	0	1	0	1	0	0	1	0	0	0	0	1	0	0	0
1	0	0	0	0	1	0	0	0	0	1	1	1	0	0	0	1	0	1	1
1	1	0	0	1	0	0	0	1	0	0	0	0	0	0	0	0	0	1	0
1	1	1	1	0	1	0	1	0	0	0	1	1	0	1	0	1	0	0	0
1	0	1	1	1	0	0	0	0	0	1	0	0	0	0	0	1	0	0	0
0	0	0	0	1	0	1	0	0	1	0	1	1	0	0	1	1	0	1	0
1	1	0	1	0	1	1	0	1	0	1	0	1	1	0	0	1	0	1	1
1	1	0	1	0	0	1	0	1	0	1	1	1	0	0	0	1	0	1	1
0	0	0	0	1	0	0	0	0	0	0	1	0	0	0	1	0	1	0	0
0	0	0	0	0	0	0	0	1	0	0	0	0	0	0	0	1	0	1	1
0	0	0	0	0	0	0	0	0	0	1	0	0	1	0	0	1	0	1	1
1	1	0	1	0	1	1	0	1	1	1	1	1	0	1	1	0	0	1	1
0	0	0	0	0	0	0	0	0	0	0	0	0	1	0	0	0	0	1	1
1	1	0	1	0	0	1	1	0	0	1	1	1	0	1	1	1	1	0	1
1	1	1	1	0	0	1	0	0	0	0	1	1	0	1	1	1	1	1	0
DIFF_EDGE
0 0
CHROM_NUMBER
11
EOF
