TYPE : graph_{count}
DIMENSION: 16
EDGE_DATA_FORMAT: EDGE_LIST
EDGE_WEIGHT_TYPE: EXPLICIT
EDGE_WEIGHT_FORMAT: FULL_MATRIX
EDGE_DATA_SECTION
0 1
0 2
0 3
0 6
0 8
0 9
0 13
0 14
1 2
1 4
1 5
1 7
1 13
1 14
2 5
2 7
2 8
2 10
2 12
2 13
3 4
3 8
3 11
3 14
4 6
4 7
4 14
5 6
6 7
6 8
6 9
6 10
6 13
6 14
7 9
7 11
7 13
7 14
7 15
8 14
9 10
9 14
10 13
10 15
11 13
11 14
12 14
13 14
-1
EDGE_WEIGHT_SECTION
0	1	1	1	0	0	1	0	1	1	0	0	0	1	1	0
1	0	1	0	1	1	0	1	0	0	0	0	0	1	1	0
1	1	0	0	0	1	0	1	1	0	1	0	1	1	0	0
1	0	0	0	1	0	0	0	1	0	0	1	0	0	1	0
0	1	0	1	0	0	1	1	0	0	0	0	0	0	1	0
0	1	1	0	0	0	1	0	0	0	0	0	0	0	0	0
1	0	0	0	1	1	0	1	1	1	1	0	0	1	1	0
0	1	1	0	1	0	1	0	0	1	0	1	0	1	1	1
1	0	1	1	0	0	1	0	0	0	0	0	0	0	1	0
1	0	0	0	0	0	1	1	0	0	1	0	0	0	1	0
0	0	1	0	0	0	1	0	0	1	0	0	0	1	0	1
0	0	0	1	0	0	0	1	0	0	0	0	0	1	1	0
0	0	1	0	0	0	0	0	0	0	0	0	0	0	1	0
1	1	1	0	0	0	1	1	0	0	1	1	0	0	1	0
1	1	0	1	1	0	1	1	1	1	0	1	1	1	0	0
0	0	0	0	0	0	0	1	0	0	1	0	0	0	0	0
DIFF_EDGE
0 0
CHROM_NUMBER
8
EOF
