TYPE : graph_{count}
DIMENSION: 20
EDGE_DATA_FORMAT: EDGE_LIST
EDGE_WEIGHT_TYPE: EXPLICIT
EDGE_WEIGHT_FORMAT: FULL_MATRIX
EDGE_DATA_SECTION
0 1
0 2
0 3
0 5
0 8
0 9
0 10
0 14
0 17
0 19
1 4
1 7
1 8
1 9
1 10
1 14
1 17
1 18
1 19
2 3
2 4
2 6
2 9
2 17
2 19
3 5
3 8
3 9
3 13
3 14
3 19
4 6
4 7
4 8
4 14
4 19
5 7
5 9
5 14
6 8
6 11
6 13
6 19
7 10
7 11
7 14
7 17
8 9
8 12
8 17
8 19
9 10
9 14
9 16
9 19
10 15
11 14
12 14
13 19
14 15
14 17
14 19
15 17
15 19
16 17
16 19
17 19
-1
EDGE_WEIGHT_SECTION
0	1	1	1	0	1	0	0	1	1	1	0	0	0	1	0	0	1	0	1
1	0	0	0	1	0	0	1	1	1	1	0	0	0	1	0	0	1	1	1
1	0	0	1	1	0	1	0	0	1	0	0	0	0	0	0	0	1	0	1
1	0	1	0	0	1	0	0	1	1	0	0	0	1	1	0	0	0	0	1
0	1	1	0	0	0	1	1	1	0	0	0	0	0	1	0	0	0	0	1
1	0	0	1	0	0	0	1	0	1	0	0	0	0	1	0	0	0	0	0
0	0	1	0	1	0	0	0	1	0	0	1	0	1	0	0	0	0	0	1
0	1	0	0	1	1	0	0	0	0	1	1	0	0	1	0	0	1	0	0
1	1	0	1	1	0	1	0	0	1	0	0	1	0	0	0	0	1	0	1
1	1	1	1	0	1	0	0	1	0	1	0	0	0	1	0	1	0	0	1
1	1	0	0	0	0	0	1	0	1	0	0	0	0	0	1	0	0	0	0
0	0	0	0	0	0	1	1	0	0	0	0	0	0	1	0	0	0	0	0
0	0	0	0	0	0	0	0	1	0	0	0	0	0	1	0	0	0	0	0
0	0	0	1	0	0	1	0	0	0	0	0	0	0	0	0	0	0	0	1
1	1	0	1	1	1	0	1	0	1	0	1	1	0	0	1	0	1	0	1
0	0	0	0	0	0	0	0	0	0	1	0	0	0	1	0	0	1	0	1
0	0	0	0	0	0	0	0	0	1	0	0	0	0	0	0	0	1	0	1
1	1	1	0	0	0	0	1	1	0	0	0	0	0	1	1	1	1	0	1
0	1	0	0	0	0	0	0	0	0	0	0	0	0	0	0	0	0	0	0
1	1	1	1	1	0	1	0	1	1	0	0	0	1	1	1	1	1	0	1
DIFF_EDGE
0 0
CHROM_NUMBER
9
EOF
