TYPE : graph_{count}
DIMENSION: 19
EDGE_DATA_FORMAT: EDGE_LIST
EDGE_WEIGHT_TYPE: EXPLICIT
EDGE_WEIGHT_FORMAT: FULL_MATRIX
EDGE_DATA_SECTION
0 2
0 3
0 4
0 9
0 12
0 13
0 17
1 3
1 5
1 6
1 8
2 3
2 6
2 7
2 9
2 10
2 12
2 15
2 17
3 4
3 6
3 7
3 9
3 11
3 17
4 6
4 7
4 10
4 12
4 14
4 16
4 17
5 8
5 9
5 15
5 16
5 17
7 9
7 17
8 9
8 11
8 14
8 17
9 12
9 17
11 12
11 17
12 17
15 17
15 18
16 17
-1
EDGE_WEIGHT_SECTION
0	0	1	1	1	0	0	0	0	1	0	0	1	1	0	0	0	1	0
0	0	0	1	0	1	1	0	1	0	0	0	0	0	0	0	0	0	0
1	0	0	1	0	0	1	1	0	1	1	0	1	0	0	1	0	1	0
1	1	1	0	1	0	1	1	0	1	0	1	0	0	0	0	0	1	0
1	0	0	1	0	0	1	1	0	0	1	0	1	0	1	0	1	1	0
0	1	0	0	0	0	0	0	1	1	0	0	0	0	0	1	1	1	0
0	1	1	1	1	0	0	0	0	0	0	0	0	0	0	0	0	0	0
0	0	1	1	1	0	0	0	0	1	0	0	0	0	0	0	0	1	0
0	1	0	0	0	1	0	0	0	1	0	1	0	0	1	0	0	1	0
1	0	1	1	0	1	0	1	1	0	0	0	1	0	0	0	0	1	0
0	0	1	0	1	0	0	0	0	0	0	0	0	0	0	0	0	0	0
0	0	0	1	0	0	0	0	1	0	0	0	1	0	0	0	0	1	0
1	0	1	0	1	0	0	0	0	1	0	1	0	0	0	0	0	1	0
1	0	0	0	0	0	0	0	0	0	0	0	0	0	0	0	0	0	0
0	0	0	0	1	0	0	0	1	0	0	0	0	0	0	0	0	0	0
0	0	1	0	0	1	0	0	0	0	0	0	0	0	0	0	0	1	1
0	0	0	0	1	1	0	0	0	0	0	0	0	0	0	0	0	1	0
1	0	1	1	1	1	0	1	1	1	0	1	1	0	0	1	1	1	0
0	0	0	0	0	0	0	0	0	0	0	0	0	0	0	1	0	0	0
DIFF_EDGE
0 0
CHROM_NUMBER
7
EOF
