TYPE : graph_{count}
DIMENSION: 17
EDGE_DATA_FORMAT: EDGE_LIST
EDGE_WEIGHT_TYPE: EXPLICIT
EDGE_WEIGHT_FORMAT: FULL_MATRIX
EDGE_DATA_SECTION
0 1
0 3
0 4
0 5
0 6
0 7
0 8
0 13
1 2
1 3
1 4
1 9
1 14
2 6
2 7
2 8
2 9
2 11
2 13
3 4
3 5
3 6
3 8
3 9
3 10
3 13
3 16
4 5
4 6
4 13
5 13
6 15
7 15
7 16
8 12
8 13
10 11
10 12
13 14
-1
EDGE_WEIGHT_SECTION
0	1	0	1	1	1	1	1	1	0	0	0	0	1	0	0	0
1	0	1	1	1	0	0	0	0	1	0	0	0	0	1	0	0
0	1	0	0	0	0	1	1	1	1	0	1	0	1	0	0	0
1	1	0	0	1	1	1	0	1	1	1	0	0	1	0	0	1
1	1	0	1	0	1	1	0	0	0	0	0	0	1	0	0	0
1	0	0	1	1	0	0	0	0	0	0	0	0	1	0	0	0
1	0	1	1	1	0	0	0	0	0	0	0	0	0	0	1	0
1	0	1	0	0	0	0	0	0	0	0	0	0	0	0	1	1
1	0	1	1	0	0	0	0	0	0	0	0	1	1	0	0	0
0	1	1	1	0	0	0	0	0	0	0	0	0	0	0	0	0
0	0	0	1	0	0	0	0	0	0	0	1	1	0	0	0	0
0	0	1	0	0	0	0	0	0	0	1	0	0	0	0	0	0
0	0	0	0	0	0	0	0	1	0	1	0	0	0	0	0	0
1	0	1	1	1	1	0	0	1	0	0	0	0	1	1	0	0
0	1	0	0	0	0	0	0	0	0	0	0	0	1	0	0	0
0	0	0	0	0	0	1	1	0	0	0	0	0	0	0	0	0
0	0	0	1	0	0	0	1	0	0	0	0	0	0	0	0	0
DIFF_EDGE
0 0
CHROM_NUMBER
6
EOF
