TYPE : graph_{count}
DIMENSION: 19
EDGE_DATA_FORMAT: EDGE_LIST
EDGE_WEIGHT_TYPE: EXPLICIT
EDGE_WEIGHT_FORMAT: FULL_MATRIX
EDGE_DATA_SECTION
0 10
1 2
1 3
1 4
1 5
1 6
1 8
1 12
1 16
2 3
2 6
2 7
2 9
2 12
2 18
3 5
3 6
3 12
4 5
4 6
4 7
4 9
4 10
5 9
5 12
5 14
5 15
6 7
6 9
6 10
6 11
6 12
7 8
7 12
7 17
8 12
9 10
9 17
11 12
13 15
13 18
-1
EDGE_WEIGHT_SECTION
0	0	0	0	0	0	0	0	0	0	1	0	0	0	0	0	0	0	0
0	0	1	1	1	1	1	0	1	0	0	0	1	0	0	0	1	0	0
0	1	0	1	0	0	1	1	0	1	0	0	1	0	0	0	0	0	1
0	1	1	0	0	1	1	0	0	0	0	0	1	0	0	0	0	0	0
0	1	0	0	0	1	1	1	0	1	1	0	0	0	0	0	0	0	0
0	1	0	1	1	0	0	0	0	1	0	0	1	0	1	1	0	0	0
0	1	1	1	1	0	0	1	0	1	1	1	1	0	0	0	0	0	0
0	0	1	0	1	0	1	0	1	0	0	0	1	0	0	0	0	1	0
0	1	0	0	0	0	0	1	0	0	0	0	1	0	0	0	0	0	0
0	0	1	0	1	1	1	0	0	0	1	0	0	0	0	0	0	1	0
1	0	0	0	1	0	1	0	0	1	0	0	0	0	0	0	0	0	0
0	0	0	0	0	0	1	0	0	0	0	0	1	0	0	0	0	0	0
0	1	1	1	0	1	1	1	1	0	0	1	0	0	0	0	0	0	0
0	0	0	0	0	0	0	0	0	0	0	0	0	0	0	1	0	0	1
0	0	0	0	0	1	0	0	0	0	0	0	0	0	0	0	0	0	0
0	0	0	0	0	1	0	0	0	0	0	0	0	1	0	0	0	0	0
0	1	0	0	0	0	0	0	0	0	0	0	0	0	0	0	0	0	0
0	0	0	0	0	0	0	1	0	1	0	0	0	0	0	0	0	0	0
0	0	1	0	0	0	0	0	0	0	0	0	0	1	0	0	0	0	0
DIFF_EDGE
0 0
CHROM_NUMBER
6
EOF
