TYPE : graph_{count}
DIMENSION: 16
EDGE_DATA_FORMAT: EDGE_LIST
EDGE_WEIGHT_TYPE: EXPLICIT
EDGE_WEIGHT_FORMAT: FULL_MATRIX
EDGE_DATA_SECTION
0 1
0 2
0 3
0 4
0 5
0 6
0 9
0 13
0 14
1 4
1 5
1 7
1 12
1 13
2 5
2 8
2 9
2 10
2 15
3 5
3 6
3 9
3 15
4 7
4 8
4 9
4 11
4 13
4 14
5 7
5 9
5 10
5 11
5 13
5 14
6 7
6 13
7 8
7 14
8 13
8 14
9 12
9 13
9 14
10 13
10 14
11 13
12 14
13 14
-1
EDGE_WEIGHT_SECTION
0	1	1	1	1	1	1	0	0	1	0	0	0	1	1	0
1	0	0	0	1	1	0	1	0	0	0	0	1	1	0	0
1	0	0	0	0	1	0	0	1	1	1	0	0	0	0	1
1	0	0	0	0	1	1	0	0	1	0	0	0	0	0	1
1	1	0	0	0	0	0	1	1	1	0	1	0	1	1	0
1	1	1	1	0	0	0	1	0	1	1	1	0	1	1	0
1	0	0	1	0	0	0	1	0	0	0	0	0	1	0	0
0	1	0	0	1	1	1	0	1	0	0	0	0	0	1	0
0	0	1	0	1	0	0	1	0	0	0	0	0	1	1	0
1	0	1	1	1	1	0	0	0	0	0	0	1	1	1	0
0	0	1	0	0	1	0	0	0	0	0	0	0	1	1	0
0	0	0	0	1	1	0	0	0	0	0	0	0	1	0	0
0	1	0	0	0	0	0	0	0	1	0	0	0	0	1	0
1	1	0	0	1	1	1	0	1	1	1	1	0	1	1	0
1	0	0	0	1	1	0	1	1	1	1	0	1	1	0	0
0	0	1	1	0	0	0	0	0	0	0	0	0	0	0	0
DIFF_EDGE
0 0
CHROM_NUMBER
8
EOF
