TYPE : graph_{count}
DIMENSION: 16
EDGE_DATA_FORMAT: EDGE_LIST
EDGE_WEIGHT_TYPE: EXPLICIT
EDGE_WEIGHT_FORMAT: FULL_MATRIX
EDGE_DATA_SECTION
0 3
0 4
0 6
0 8
0 9
0 10
0 11
1 3
1 4
1 5
1 6
1 7
1 8
2 5
2 6
2 8
2 9
3 6
3 8
3 9
3 10
3 13
4 5
4 6
4 9
4 10
5 6
5 7
5 9
6 10
7 8
7 9
7 10
8 9
8 12
8 15
10 14
10 15
-1
EDGE_WEIGHT_SECTION
0	0	0	1	1	0	1	0	1	1	1	1	0	0	0	0
0	0	0	1	1	1	1	1	1	0	0	0	0	0	0	0
0	0	0	0	0	1	1	0	1	1	0	0	0	0	0	0
1	1	0	0	0	0	1	0	1	1	1	0	0	1	0	0
1	1	0	0	0	1	1	0	0	1	1	0	0	0	0	0
0	1	1	0	1	0	1	1	0	1	0	0	0	0	0	0
1	1	1	1	1	1	0	0	0	0	1	0	0	0	0	0
0	1	0	0	0	1	0	0	1	1	1	0	0	0	0	0
1	1	1	1	0	0	0	1	0	1	0	0	1	0	0	1
1	0	1	1	1	1	0	1	1	0	0	0	0	0	0	0
1	0	0	1	1	0	1	1	0	0	0	0	0	0	1	1
1	0	0	0	0	0	0	0	0	0	0	0	0	0	0	0
0	0	0	0	0	0	0	0	1	0	0	0	0	0	0	0
0	0	0	1	0	0	0	0	0	0	0	0	0	0	0	0
0	0	0	0	0	0	0	0	0	0	1	0	0	0	0	0
0	0	0	0	0	0	0	0	1	0	1	0	0	0	0	0
DIFF_EDGE
0 0
CHROM_NUMBER
7
EOF
