TYPE : graph_{count}
DIMENSION: 20
EDGE_DATA_FORMAT: EDGE_LIST
EDGE_WEIGHT_TYPE: EXPLICIT
EDGE_WEIGHT_FORMAT: FULL_MATRIX
EDGE_DATA_SECTION
0 1
0 2
0 3
0 4
0 6
0 8
0 9
0 10
0 19
1 2
1 5
1 6
1 7
1 8
1 9
1 19
2 3
2 4
2 10
3 4
3 5
3 6
3 10
3 15
3 19
4 5
4 6
4 9
4 11
4 17
5 6
5 7
5 9
6 7
6 8
6 9
6 10
6 14
7 8
7 9
8 12
9 12
10 13
10 17
10 18
11 16
11 19
13 19
14 19
15 19
16 19
-1
EDGE_WEIGHT_SECTION
0	1	1	1	1	0	1	0	1	1	1	0	0	0	0	0	0	0	0	1
1	0	1	0	0	1	1	1	1	1	0	0	0	0	0	0	0	0	0	1
1	1	0	1	1	0	0	0	0	0	1	0	0	0	0	0	0	0	0	0
1	0	1	0	1	1	1	0	0	0	1	0	0	0	0	1	0	0	0	1
1	0	1	1	0	1	1	0	0	1	0	1	0	0	0	0	0	1	0	0
0	1	0	1	1	0	1	1	0	1	0	0	0	0	0	0	0	0	0	0
1	1	0	1	1	1	0	1	1	1	1	0	0	0	1	0	0	0	0	0
0	1	0	0	0	1	1	0	1	1	0	0	0	0	0	0	0	0	0	0
1	1	0	0	0	0	1	1	0	0	0	0	1	0	0	0	0	0	0	0
1	1	0	0	1	1	1	1	0	0	0	0	1	0	0	0	0	0	0	0
1	0	1	1	0	0	1	0	0	0	0	0	0	1	0	0	0	1	1	0
0	0	0	0	1	0	0	0	0	0	0	0	0	0	0	0	1	0	0	1
0	0	0	0	0	0	0	0	1	1	0	0	0	0	0	0	0	0	0	0
0	0	0	0	0	0	0	0	0	0	1	0	0	0	0	0	0	0	0	1
0	0	0	0	0	0	1	0	0	0	0	0	0	0	0	0	0	0	0	1
0	0	0	1	0	0	0	0	0	0	0	0	0	0	0	0	0	0	0	1
0	0	0	0	0	0	0	0	0	0	0	1	0	0	0	0	0	0	0	1
0	0	0	0	1	0	0	0	0	0	1	0	0	0	0	0	0	0	0	0
0	0	0	0	0	0	0	0	0	0	1	0	0	0	0	0	0	0	0	0
1	1	0	1	0	0	0	0	0	0	0	1	0	1	1	1	1	0	0	0
DIFF_EDGE
0 0
CHROM_NUMBER
7
EOF
