TYPE : graph_{count}
DIMENSION: 21
EDGE_DATA_FORMAT: EDGE_LIST
EDGE_WEIGHT_TYPE: EXPLICIT
EDGE_WEIGHT_FORMAT: FULL_MATRIX
EDGE_DATA_SECTION
0 3
0 6
0 8
0 10
0 17
0 18
1 2
1 3
1 4
1 6
1 7
1 8
1 10
1 11
1 14
1 17
2 4
2 6
2 7
2 9
2 10
2 12
2 17
2 20
3 8
3 9
4 6
4 8
4 13
4 15
4 17
5 6
5 7
5 9
6 8
6 14
6 16
6 17
6 19
7 8
7 9
7 13
7 14
7 17
7 19
8 10
8 14
8 17
8 19
8 20
9 10
9 11
11 14
11 17
11 19
12 14
12 17
12 19
14 15
14 17
14 18
14 19
15 17
15 19
17 19
-1
EDGE_WEIGHT_SECTION
0	0	0	1	0	0	1	0	1	0	1	0	0	0	0	0	0	1	1	0	0
0	0	1	1	1	0	1	1	1	0	1	1	0	0	1	0	0	1	0	0	0
0	1	0	0	1	0	1	1	0	1	1	0	1	0	0	0	0	1	0	0	1
1	1	0	0	0	0	0	0	1	1	0	0	0	0	0	0	0	0	0	0	0
0	1	1	0	0	0	1	0	1	0	0	0	0	1	0	1	0	1	0	0	0
0	0	0	0	0	0	1	1	0	1	0	0	0	0	0	0	0	0	0	0	0
1	1	1	0	1	1	0	0	1	0	0	0	0	0	1	0	1	1	0	1	0
0	1	1	0	0	1	0	0	1	1	0	0	0	1	1	0	0	1	0	1	0
1	1	0	1	1	0	1	1	0	0	1	0	0	0	1	0	0	1	0	1	1
0	0	1	1	0	1	0	1	0	0	1	1	0	0	0	0	0	0	0	0	0
1	1	1	0	0	0	0	0	1	1	0	0	0	0	0	0	0	0	0	0	0
0	1	0	0	0	0	0	0	0	1	0	0	0	0	1	0	0	1	0	1	0
0	0	1	0	0	0	0	0	0	0	0	0	0	0	1	0	0	1	0	1	0
0	0	0	0	1	0	0	1	0	0	0	0	0	0	0	0	0	0	0	0	0
0	1	0	0	0	0	1	1	1	0	0	1	1	0	1	1	0	1	1	1	0
0	0	0	0	1	0	0	0	0	0	0	0	0	0	1	0	0	1	0	1	0
0	0	0	0	0	0	1	0	0	0	0	0	0	0	0	0	0	0	0	0	0
1	1	1	0	1	0	1	1	1	0	0	1	1	0	1	1	0	0	0	1	0
1	0	0	0	0	0	0	0	0	0	0	0	0	0	1	0	0	0	0	0	0
0	0	0	0	0	0	1	1	1	0	0	1	1	0	1	1	0	1	0	0	0
0	0	1	0	0	0	0	0	1	0	0	0	0	0	0	0	0	0	0	0	0
DIFF_EDGE
0 0
CHROM_NUMBER
9
EOF
