TYPE : graph_{count}
DIMENSION: 15
EDGE_DATA_FORMAT: EDGE_LIST
EDGE_WEIGHT_TYPE: EXPLICIT
EDGE_WEIGHT_FORMAT: FULL_MATRIX
EDGE_DATA_SECTION
0 2
0 3
0 4
0 5
0 6
0 7
0 11
0 13
1 2
1 5
1 6
1 9
1 11
1 13
1 14
2 3
2 4
2 6
2 9
2 10
3 6
3 10
4 7
4 9
4 11
4 13
5 6
5 7
5 11
5 13
6 7
6 8
6 11
6 13
7 9
7 11
8 10
8 13
11 12
11 13
12 13
-1
EDGE_WEIGHT_SECTION
0	0	1	1	1	1	1	1	0	0	0	1	0	1	0
0	0	1	0	0	1	1	0	0	1	0	1	0	1	1
1	1	0	1	1	0	1	0	0	1	1	0	0	0	0
1	0	1	0	0	0	1	0	0	0	1	0	0	0	0
1	0	1	0	0	0	0	1	0	1	0	1	0	1	0
1	1	0	0	0	0	1	1	0	0	0	1	0	1	0
1	1	1	1	0	1	0	1	1	0	0	1	0	1	0
1	0	0	0	1	1	1	0	0	1	0	1	0	0	0
0	0	0	0	0	0	1	0	0	0	1	0	0	1	0
0	1	1	0	1	0	0	1	0	0	0	0	0	0	0
0	0	1	1	0	0	0	0	1	0	0	0	0	0	0
1	1	0	0	1	1	1	1	0	0	0	0	1	1	0
0	0	0	0	0	0	0	0	0	0	0	1	0	1	0
1	1	0	0	1	1	1	0	1	0	0	1	1	0	0
0	1	0	0	0	0	0	0	0	0	0	0	0	0	0
DIFF_EDGE
0 0
CHROM_NUMBER
7
EOF
