TYPE : graph_{count}
DIMENSION: 16
EDGE_DATA_FORMAT: EDGE_LIST
EDGE_WEIGHT_TYPE: EXPLICIT
EDGE_WEIGHT_FORMAT: FULL_MATRIX
EDGE_DATA_SECTION
0 1
0 2
0 4
0 9
0 11
1 2
1 3
1 4
1 5
1 7
1 8
1 9
1 10
1 13
2 7
2 8
2 15
3 4
3 6
3 8
3 9
4 5
4 6
4 10
5 7
5 8
6 8
6 13
6 14
6 15
8 9
8 11
8 12
10 12
10 14
-1
EDGE_WEIGHT_SECTION
0	1	1	0	1	0	0	0	0	1	0	1	0	0	0	0
1	0	1	1	1	1	0	1	1	1	1	0	0	1	0	0
1	1	0	0	0	0	0	1	1	0	0	0	0	0	0	1
0	1	0	0	1	0	1	0	1	1	0	0	0	0	0	0
1	1	0	1	0	1	1	0	0	0	1	0	0	0	0	0
0	1	0	0	1	0	0	1	1	0	0	0	0	0	0	0
0	0	0	1	1	0	0	0	1	0	0	0	0	1	1	1
0	1	1	0	0	1	0	0	0	0	0	0	0	0	0	0
0	1	1	1	0	1	1	0	0	1	0	1	1	0	0	0
1	1	0	1	0	0	0	0	1	0	0	0	0	0	0	0
0	1	0	0	1	0	0	0	0	0	0	0	1	0	1	0
1	0	0	0	0	0	0	0	1	0	0	0	0	0	0	0
0	0	0	0	0	0	0	0	1	0	1	0	0	0	0	0
0	1	0	0	0	0	1	0	0	0	0	0	0	0	0	0
0	0	0	0	0	0	1	0	0	0	1	0	0	0	0	0
0	0	1	0	0	0	1	0	0	0	0	0	0	0	0	0
DIFF_EDGE
0 0
CHROM_NUMBER
6
EOF
