TYPE : graph_{count}
DIMENSION: 21
EDGE_DATA_FORMAT: EDGE_LIST
EDGE_WEIGHT_TYPE: EXPLICIT
EDGE_WEIGHT_FORMAT: FULL_MATRIX
EDGE_DATA_SECTION
0 9
0 12
0 13
0 14
1 2
1 5
1 6
1 8
1 9
1 11
1 12
1 14
1 17
2 4
2 12
2 13
2 16
2 17
2 19
3 5
3 6
3 8
3 10
3 12
3 14
3 17
4 5
4 7
4 8
4 10
4 14
4 20
5 6
5 7
5 11
5 12
5 14
5 17
6 10
6 11
6 14
6 17
6 18
6 19
7 10
7 14
8 9
8 11
9 12
9 16
11 12
11 14
11 17
11 20
12 14
12 17
12 18
13 17
14 15
14 17
-1
EDGE_WEIGHT_SECTION
0	0	0	0	0	0	0	0	0	1	0	0	1	1	1	0	0	0	0	0	0
0	0	1	0	0	1	1	0	1	1	0	1	1	0	1	0	0	1	0	0	0
0	1	0	0	1	0	0	0	0	0	0	0	1	1	0	0	1	1	0	1	0
0	0	0	0	0	1	1	0	1	0	1	0	1	0	1	0	0	1	0	0	0
0	0	1	0	0	1	0	1	1	0	1	0	0	0	1	0	0	0	0	0	1
0	1	0	1	1	0	1	1	0	0	0	1	1	0	1	0	0	1	0	0	0
0	1	0	1	0	1	0	0	0	0	1	1	0	0	1	0	0	1	1	1	0
0	0	0	0	1	1	0	0	0	0	1	0	0	0	1	0	0	0	0	0	0
0	1	0	1	1	0	0	0	0	1	0	1	0	0	0	0	0	0	0	0	0
1	1	0	0	0	0	0	0	1	0	0	0	1	0	0	0	1	0	0	0	0
0	0	0	1	1	0	1	1	0	0	0	0	0	0	0	0	0	0	0	0	0
0	1	0	0	0	1	1	0	1	0	0	0	1	0	1	0	0	1	0	0	1
1	1	1	1	0	1	0	0	0	1	0	1	1	0	1	0	0	1	1	0	0
1	0	1	0	0	0	0	0	0	0	0	0	0	0	0	0	0	1	0	0	0
1	1	0	1	1	1	1	1	0	0	0	1	1	0	0	1	0	1	0	0	0
0	0	0	0	0	0	0	0	0	0	0	0	0	0	1	0	0	0	0	0	0
0	0	1	0	0	0	0	0	0	1	0	0	0	0	0	0	0	0	0	0	0
0	1	1	1	0	1	1	0	0	0	0	1	1	1	1	0	0	0	0	0	0
0	0	0	0	0	0	1	0	0	0	0	0	1	0	0	0	0	0	0	0	0
0	0	1	0	0	0	1	0	0	0	0	0	0	0	0	0	0	0	0	0	0
0	0	0	0	1	0	0	0	0	0	0	1	0	0	0	0	0	0	0	0	0
DIFF_EDGE
0 0
CHROM_NUMBER
9
EOF
