TYPE : graph_{count}
DIMENSION: 19
EDGE_DATA_FORMAT: EDGE_LIST
EDGE_WEIGHT_TYPE: EXPLICIT
EDGE_WEIGHT_FORMAT: FULL_MATRIX
EDGE_DATA_SECTION
0 1
0 4
0 5
0 6
0 9
0 15
1 2
1 5
1 8
1 9
1 10
1 11
1 12
1 15
1 18
2 3
2 5
2 6
2 8
2 9
2 10
2 11
2 12
2 15
2 18
3 7
3 9
3 10
3 16
4 8
4 10
4 15
5 7
5 9
5 10
5 11
5 12
5 15
5 16
5 18
6 7
6 8
6 10
6 11
6 12
6 18
7 8
7 9
7 11
8 10
8 12
8 15
8 18
9 10
9 11
9 12
9 15
9 18
10 11
10 12
10 15
10 18
11 13
11 17
11 18
12 15
12 17
12 18
13 14
14 15
15 18
17 18
-1
EDGE_WEIGHT_SECTION
0	1	0	0	1	1	1	0	0	1	0	0	0	0	0	1	0	0	0
1	0	1	0	0	1	0	0	1	1	1	1	1	0	0	1	0	0	1
0	1	0	1	0	1	1	0	1	1	1	1	1	0	0	1	0	0	1
0	0	1	0	0	0	0	1	0	1	1	0	0	0	0	0	1	0	0
1	0	0	0	0	0	0	0	1	0	1	0	0	0	0	1	0	0	0
1	1	1	0	0	0	0	1	0	1	1	1	1	0	0	1	1	0	1
1	0	1	0	0	0	0	1	1	0	1	1	1	0	0	0	0	0	1
0	0	0	1	0	1	1	0	1	1	0	1	0	0	0	0	0	0	0
0	1	1	0	1	0	1	1	0	0	1	0	1	0	0	1	0	0	1
1	1	1	1	0	1	0	1	0	0	1	1	1	0	0	1	0	0	1
0	1	1	1	1	1	1	0	1	1	0	1	1	0	0	1	0	0	1
0	1	1	0	0	1	1	1	0	1	1	0	0	1	0	0	0	1	1
0	1	1	0	0	1	1	0	1	1	1	0	1	0	0	1	0	1	1
0	0	0	0	0	0	0	0	0	0	0	1	0	0	1	0	0	0	0
0	0	0	0	0	0	0	0	0	0	0	0	0	1	0	1	0	0	0
1	1	1	0	1	1	0	0	1	1	1	0	1	0	1	0	0	0	1
0	0	0	1	0	1	0	0	0	0	0	0	0	0	0	0	0	0	0
0	0	0	0	0	0	0	0	0	0	0	1	1	0	0	0	0	0	1
0	1	1	0	0	1	1	0	1	1	1	1	1	0	0	1	0	1	0
DIFF_EDGE
0 0
CHROM_NUMBER
11
EOF
