TYPE : graph_{count}
DIMENSION: 17
EDGE_DATA_FORMAT: EDGE_LIST
EDGE_WEIGHT_TYPE: EXPLICIT
EDGE_WEIGHT_FORMAT: FULL_MATRIX
EDGE_DATA_SECTION
0 2
0 4
0 6
0 8
0 9
0 10
0 11
1 2
1 3
1 4
1 6
1 8
1 10
1 13
1 14
2 3
2 4
2 5
2 7
2 10
2 13
2 14
3 4
3 5
3 6
3 9
3 13
3 14
4 5
4 6
4 10
4 13
4 16
5 7
5 10
5 14
6 9
6 12
7 8
7 9
7 10
8 9
8 13
9 10
9 14
10 13
10 14
10 15
11 13
11 14
13 14
14 16
-1
EDGE_WEIGHT_SECTION
0	0	1	0	1	0	1	0	1	1	1	1	0	0	0	0	0
0	0	1	1	1	0	1	0	1	0	1	0	0	1	1	0	0
1	1	0	1	1	1	0	1	0	0	1	0	0	1	1	0	0
0	1	1	0	1	1	1	0	0	1	0	0	0	1	1	0	0
1	1	1	1	0	1	1	0	0	0	1	0	0	1	0	0	1
0	0	1	1	1	0	0	1	0	0	1	0	0	0	1	0	0
1	1	0	1	1	0	0	0	0	1	0	0	1	0	0	0	0
0	0	1	0	0	1	0	0	1	1	1	0	0	0	0	0	0
1	1	0	0	0	0	0	1	0	1	0	0	0	1	0	0	0
1	0	0	1	0	0	1	1	1	0	1	0	0	0	1	0	0
1	1	1	0	1	1	0	1	0	1	0	0	0	1	1	1	0
1	0	0	0	0	0	0	0	0	0	0	0	0	1	1	0	0
0	0	0	0	0	0	1	0	0	0	0	0	0	0	0	0	0
0	1	1	1	1	0	0	0	1	0	1	1	0	0	1	0	0
0	1	1	1	0	1	0	0	0	1	1	1	0	1	0	0	1
0	0	0	0	0	0	0	0	0	0	1	0	0	0	0	0	0
0	0	0	0	1	0	0	0	0	0	0	0	0	0	1	0	0
DIFF_EDGE
0 0
CHROM_NUMBER
9
EOF
