TYPE : graph_{count}
DIMENSION: 21
EDGE_DATA_FORMAT: EDGE_LIST
EDGE_WEIGHT_TYPE: EXPLICIT
EDGE_WEIGHT_FORMAT: FULL_MATRIX
EDGE_DATA_SECTION
0 3
0 6
0 9
0 10
0 12
0 14
0 20
1 3
1 4
1 8
1 9
1 18
1 19
2 3
2 4
2 10
3 4
3 6
3 7
3 10
3 11
3 15
3 20
4 8
4 12
4 14
4 19
5 8
5 9
5 14
6 8
6 9
6 10
6 14
6 15
6 18
6 19
7 8
7 10
7 15
8 10
8 14
8 15
8 20
9 10
9 14
9 15
9 20
10 13
10 14
10 15
10 19
10 20
11 14
11 15
11 19
12 15
12 17
12 20
13 15
14 15
14 19
14 20
15 16
15 19
15 20
16 19
16 20
17 19
18 20
19 20
-1
EDGE_WEIGHT_SECTION
0	0	0	1	0	0	1	0	0	1	1	0	1	0	1	0	0	0	0	0	1
0	0	0	1	1	0	0	0	1	1	0	0	0	0	0	0	0	0	1	1	0
0	0	0	1	1	0	0	0	0	0	1	0	0	0	0	0	0	0	0	0	0
1	1	1	0	1	0	1	1	0	0	1	1	0	0	0	1	0	0	0	0	1
0	1	1	1	0	0	0	0	1	0	0	0	1	0	1	0	0	0	0	1	0
0	0	0	0	0	0	0	0	1	1	0	0	0	0	1	0	0	0	0	0	0
1	0	0	1	0	0	0	0	1	1	1	0	0	0	1	1	0	0	1	1	0
0	0	0	1	0	0	0	0	1	0	1	0	0	0	0	1	0	0	0	0	0
0	1	0	0	1	1	1	1	0	0	1	0	0	0	1	1	0	0	0	0	1
1	1	0	0	0	1	1	0	0	0	1	0	0	0	1	1	0	0	0	0	1
1	0	1	1	0	0	1	1	1	1	0	0	0	1	1	1	0	0	0	1	1
0	0	0	1	0	0	0	0	0	0	0	0	0	0	1	1	0	0	0	1	0
1	0	0	0	1	0	0	0	0	0	0	0	0	0	0	1	0	1	0	0	1
0	0	0	0	0	0	0	0	0	0	1	0	0	0	0	1	0	0	0	0	0
1	0	0	0	1	1	1	0	1	1	1	1	0	0	0	1	0	0	0	1	1
0	0	0	1	0	0	1	1	1	1	1	1	1	1	1	0	1	0	0	1	1
0	0	0	0	0	0	0	0	0	0	0	0	0	0	0	1	0	0	0	1	1
0	0	0	0	0	0	0	0	0	0	0	0	1	0	0	0	0	0	0	1	0
0	1	0	0	0	0	1	0	0	0	0	0	0	0	0	0	0	0	0	0	1
0	1	0	0	1	0	1	0	0	0	1	1	0	0	1	1	1	1	0	0	1
1	0	0	1	0	0	0	0	1	1	1	0	1	0	1	1	1	0	1	1	0
DIFF_EDGE
0 0
CHROM_NUMBER
10
EOF
