TYPE : graph_{count}
DIMENSION: 21
EDGE_DATA_FORMAT: EDGE_LIST
EDGE_WEIGHT_TYPE: EXPLICIT
EDGE_WEIGHT_FORMAT: FULL_MATRIX
EDGE_DATA_SECTION
0 1
0 3
0 4
0 6
0 9
0 10
0 14
0 17
0 18
0 19
1 2
1 4
1 10
1 13
1 14
2 7
2 8
2 10
2 20
3 4
3 9
3 10
3 11
3 13
3 15
3 17
4 5
4 7
4 10
4 14
4 17
4 20
5 6
5 7
5 9
5 14
6 7
6 8
6 9
7 8
7 9
7 10
7 14
8 10
8 11
8 14
8 17
8 19
9 17
10 14
10 16
11 17
12 14
12 18
13 17
14 15
14 17
16 17
-1
EDGE_WEIGHT_SECTION
0	1	0	1	1	0	1	0	0	1	1	0	0	0	1	0	0	1	1	1	0
1	0	1	0	1	0	0	0	0	0	1	0	0	1	1	0	0	0	0	0	0
0	1	0	0	0	0	0	1	1	0	1	0	0	0	0	0	0	0	0	0	1
1	0	0	0	1	0	0	0	0	1	1	1	0	1	0	1	0	1	0	0	0
1	1	0	1	0	1	0	1	0	0	1	0	0	0	1	0	0	1	0	0	1
0	0	0	0	1	0	1	1	0	1	0	0	0	0	1	0	0	0	0	0	0
1	0	0	0	0	1	0	1	1	1	0	0	0	0	0	0	0	0	0	0	0
0	0	1	0	1	1	1	0	1	1	1	0	0	0	1	0	0	0	0	0	0
0	0	1	0	0	0	1	1	0	0	1	1	0	0	1	0	0	1	0	1	0
1	0	0	1	0	1	1	1	0	0	0	0	0	0	0	0	0	1	0	0	0
1	1	1	1	1	0	0	1	1	0	0	0	0	0	1	0	1	0	0	0	0
0	0	0	1	0	0	0	0	1	0	0	0	0	0	0	0	0	1	0	0	0
0	0	0	0	0	0	0	0	0	0	0	0	0	0	1	0	0	0	1	0	0
0	1	0	1	0	0	0	0	0	0	0	0	0	0	0	0	0	1	0	0	0
1	1	0	0	1	1	0	1	1	0	1	0	1	0	1	1	0	1	0	0	0
0	0	0	1	0	0	0	0	0	0	0	0	0	0	1	0	0	0	0	0	0
0	0	0	0	0	0	0	0	0	0	1	0	0	0	0	0	0	1	0	0	0
1	0	0	1	1	0	0	0	1	1	0	1	0	1	1	0	1	0	0	0	0
1	0	0	0	0	0	0	0	0	0	0	0	1	0	0	0	0	0	0	0	0
1	0	0	0	0	0	0	0	1	0	0	0	0	0	0	0	0	0	0	0	0
0	0	1	0	1	0	0	0	0	0	0	0	0	0	0	0	0	0	0	0	0
DIFF_EDGE
0 0
CHROM_NUMBER
9
EOF
