TYPE : graph_{count}
DIMENSION: 16
EDGE_DATA_FORMAT: EDGE_LIST
EDGE_WEIGHT_TYPE: EXPLICIT
EDGE_WEIGHT_FORMAT: FULL_MATRIX
EDGE_DATA_SECTION
0 2
0 5
0 6
0 7
0 8
0 9
0 11
0 14
0 15
1 5
1 9
1 10
1 15
2 7
2 8
2 10
2 11
2 12
3 5
3 7
3 9
3 11
4 6
4 7
5 7
5 8
5 11
6 8
7 9
7 10
7 13
8 10
9 10
9 11
9 12
10 11
11 13
-1
EDGE_WEIGHT_SECTION
0	0	1	0	0	1	1	1	1	1	0	1	0	0	1	1
0	0	0	0	0	1	0	0	0	1	1	0	0	0	0	1
1	0	0	0	0	0	0	1	1	0	1	1	1	0	0	0
0	0	0	0	0	1	0	1	0	1	0	1	0	0	0	0
0	0	0	0	0	0	1	1	0	0	0	0	0	0	0	0
1	1	0	1	0	0	0	1	1	0	0	1	0	0	0	0
1	0	0	0	1	0	0	0	1	0	0	0	0	0	0	0
1	0	1	1	1	1	0	0	0	1	1	0	0	1	0	0
1	0	1	0	0	1	1	0	0	0	1	0	0	0	0	0
1	1	0	1	0	0	0	1	0	0	1	1	1	0	0	0
0	1	1	0	0	0	0	1	1	1	0	1	0	0	0	0
1	0	1	1	0	1	0	0	0	1	1	1	0	1	0	0
0	0	1	0	0	0	0	0	0	1	0	0	0	0	0	0
0	0	0	0	0	0	0	1	0	0	0	1	0	0	0	0
1	0	0	0	0	0	0	0	0	0	0	0	0	0	0	0
1	1	0	0	0	0	0	0	0	0	0	0	0	0	0	0
DIFF_EDGE
0 0
CHROM_NUMBER
7
EOF
