TYPE : graph_{count}
DIMENSION: 21
EDGE_DATA_FORMAT: EDGE_LIST
EDGE_WEIGHT_TYPE: EXPLICIT
EDGE_WEIGHT_FORMAT: FULL_MATRIX
EDGE_DATA_SECTION
0 4
0 6
0 7
0 9
0 10
0 12
1 2
1 3
1 4
1 7
1 10
1 12
1 17
2 3
2 4
2 5
2 6
2 7
2 11
2 12
2 20
3 4
3 5
3 7
3 8
3 9
3 12
3 16
3 17
4 10
4 17
5 7
5 13
6 8
6 9
6 10
7 8
7 9
7 10
7 12
7 17
8 10
8 12
8 20
9 18
10 14
10 18
11 12
11 17
12 13
13 15
13 17
14 17
16 17
16 19
-1
EDGE_WEIGHT_SECTION
0	0	0	0	1	0	1	1	0	1	1	0	1	0	0	0	0	0	0	0	0
0	0	1	1	1	0	0	1	0	0	1	0	1	0	0	0	0	1	0	0	0
0	1	0	1	1	1	1	1	0	0	0	1	1	0	0	0	0	0	0	0	1
0	1	1	0	1	1	0	1	1	1	0	0	1	0	0	0	1	1	0	0	0
1	1	1	1	0	0	0	0	0	0	1	0	0	0	0	0	0	1	0	0	0
0	0	1	1	0	0	0	1	0	0	0	0	0	1	0	0	0	0	0	0	0
1	0	1	0	0	0	0	0	1	1	1	0	0	0	0	0	0	0	0	0	0
1	1	1	1	0	1	0	0	1	1	1	0	1	0	0	0	0	1	0	0	0
0	0	0	1	0	0	1	1	0	0	1	0	1	0	0	0	0	0	0	0	1
1	0	0	1	0	0	1	1	0	0	0	0	0	0	0	0	0	0	1	0	0
1	1	0	0	1	0	1	1	1	0	0	0	0	0	1	0	0	0	1	0	0
0	0	1	0	0	0	0	0	0	0	0	0	1	0	0	0	0	1	0	0	0
1	1	1	1	0	0	0	1	1	0	0	1	0	1	0	0	0	0	0	0	0
0	0	0	0	0	1	0	0	0	0	0	0	1	0	0	1	0	1	0	0	0
0	0	0	0	0	0	0	0	0	0	1	0	0	0	0	0	0	1	0	0	0
0	0	0	0	0	0	0	0	0	0	0	0	0	1	0	0	0	0	0	0	0
0	0	0	1	0	0	0	0	0	0	0	0	0	0	0	0	0	1	0	1	0
0	1	0	1	1	0	0	1	0	0	0	1	0	1	1	0	1	1	0	0	0
0	0	0	0	0	0	0	0	0	1	1	0	0	0	0	0	0	0	0	0	0
0	0	0	0	0	0	0	0	0	0	0	0	0	0	0	0	1	0	0	0	0
0	0	1	0	0	0	0	0	1	0	0	0	0	0	0	0	0	0	0	0	0
DIFF_EDGE
0 0
CHROM_NUMBER
8
EOF
