TYPE : graph_{count}
DIMENSION: 20
EDGE_DATA_FORMAT: EDGE_LIST
EDGE_WEIGHT_TYPE: EXPLICIT
EDGE_WEIGHT_FORMAT: FULL_MATRIX
EDGE_DATA_SECTION
0 1
0 2
0 3
0 5
0 6
0 7
0 8
0 9
0 10
0 12
0 13
0 14
0 15
0 18
1 4
1 5
1 7
1 8
1 13
1 14
1 15
1 18
2 3
2 4
2 5
2 6
2 7
2 11
2 13
2 15
3 4
3 6
3 8
3 13
3 14
3 18
4 6
4 8
4 10
4 12
4 14
4 15
4 18
4 19
5 9
5 10
5 12
5 14
5 15
5 18
6 7
6 8
6 10
6 12
6 13
6 14
6 15
6 18
7 9
7 10
7 12
7 14
8 10
8 11
8 12
8 13
8 14
8 16
9 10
10 13
10 14
11 13
11 14
11 15
11 17
11 18
12 13
12 14
12 15
12 17
12 18
13 14
13 15
13 18
14 15
14 18
15 16
15 18
16 18
-1
EDGE_WEIGHT_SECTION
0	1	1	1	0	1	1	1	1	1	1	0	1	1	1	1	0	0	1	0
1	0	0	0	1	1	0	1	1	0	0	0	0	1	1	1	0	0	1	0
1	0	0	1	1	1	1	1	0	0	0	1	0	1	0	1	0	0	0	0
1	0	1	0	1	0	1	0	1	0	0	0	0	1	1	0	0	0	1	0
0	1	1	1	0	0	1	0	1	0	1	0	1	0	1	1	0	0	1	1
1	1	1	0	0	0	0	0	0	1	1	0	1	0	1	1	0	0	1	0
1	0	1	1	1	0	0	1	1	0	1	0	1	1	1	1	0	0	1	0
1	1	1	0	0	0	1	0	0	1	1	0	1	0	1	0	0	0	0	0
1	1	0	1	1	0	1	0	0	0	1	1	1	1	1	0	1	0	0	0
1	0	0	0	0	1	0	1	0	0	1	0	0	0	0	0	0	0	0	0
1	0	0	0	1	1	1	1	1	1	0	0	0	1	1	0	0	0	0	0
0	0	1	0	0	0	0	0	1	0	0	0	0	1	1	1	0	1	1	0
1	0	0	0	1	1	1	1	1	0	0	0	0	1	1	1	0	1	1	0
1	1	1	1	0	0	1	0	1	0	1	1	1	0	1	1	0	0	1	0
1	1	0	1	1	1	1	1	1	0	1	1	1	1	1	1	0	0	1	0
1	1	1	0	1	1	1	0	0	0	0	1	1	1	1	1	1	0	1	0
0	0	0	0	0	0	0	0	1	0	0	0	0	0	0	1	0	0	1	0
0	0	0	0	0	0	0	0	0	0	0	1	1	0	0	0	0	0	0	0
1	1	0	1	1	1	1	0	0	0	0	1	1	1	1	1	1	0	1	0
0	0	0	0	1	0	0	0	0	0	0	0	0	0	0	0	0	0	0	0
DIFF_EDGE
0 0
CHROM_NUMBER
12
EOF
