TYPE : graph_{count}
DIMENSION: 21
EDGE_DATA_FORMAT: EDGE_LIST
EDGE_WEIGHT_TYPE: EXPLICIT
EDGE_WEIGHT_FORMAT: FULL_MATRIX
EDGE_DATA_SECTION
0 3
0 5
0 7
0 9
0 11
1 4
1 9
1 10
1 11
1 14
1 18
1 20
2 4
2 9
2 10
2 15
2 18
3 5
3 7
3 10
3 11
3 18
4 5
4 6
4 7
4 9
4 10
4 11
4 14
4 18
5 7
5 8
5 12
5 14
5 18
5 20
6 9
6 10
6 17
7 8
7 13
8 10
8 11
9 11
9 14
10 11
10 12
10 14
10 18
11 14
11 18
12 19
13 17
13 18
14 16
14 18
15 18
17 18
-1
EDGE_WEIGHT_SECTION
0	0	0	1	0	1	0	1	0	1	0	1	0	0	0	0	0	0	0	0	0
0	0	0	0	1	0	0	0	0	1	1	1	0	0	1	0	0	0	1	0	1
0	0	0	0	1	0	0	0	0	1	1	0	0	0	0	1	0	0	1	0	0
1	0	0	0	0	1	0	1	0	0	1	1	0	0	0	0	0	0	1	0	0
0	1	1	0	0	1	1	1	0	1	1	1	0	0	1	0	0	0	1	0	0
1	0	0	1	1	0	0	1	1	0	0	0	1	0	1	0	0	0	1	0	1
0	0	0	0	1	0	0	0	0	1	1	0	0	0	0	0	0	1	0	0	0
1	0	0	1	1	1	0	0	1	0	0	0	0	1	0	0	0	0	0	0	0
0	0	0	0	0	1	0	1	0	0	1	1	0	0	0	0	0	0	0	0	0
1	1	1	0	1	0	1	0	0	0	0	1	0	0	1	0	0	0	0	0	0
0	1	1	1	1	0	1	0	1	0	0	1	1	0	1	0	0	0	1	0	0
1	1	0	1	1	0	0	0	1	1	1	0	0	0	1	0	0	0	1	0	0
0	0	0	0	0	1	0	0	0	0	1	0	0	0	0	0	0	0	0	1	0
0	0	0	0	0	0	0	1	0	0	0	0	0	0	0	0	0	1	1	0	0
0	1	0	0	1	1	0	0	0	1	1	1	0	0	1	0	1	0	1	0	0
0	0	1	0	0	0	0	0	0	0	0	0	0	0	0	0	0	0	1	0	0
0	0	0	0	0	0	0	0	0	0	0	0	0	0	1	0	0	0	0	0	0
0	0	0	0	0	0	1	0	0	0	0	0	0	1	0	0	0	0	1	0	0
0	1	1	1	1	1	0	0	0	0	1	1	0	1	1	1	0	1	0	0	0
0	0	0	0	0	0	0	0	0	0	0	0	1	0	0	0	0	0	0	0	0
0	1	0	0	0	1	0	0	0	0	0	0	0	0	0	0	0	0	0	0	0
DIFF_EDGE
0 0
CHROM_NUMBER
8
EOF
