TYPE : graph_{count}
DIMENSION: 17
EDGE_DATA_FORMAT: EDGE_LIST
EDGE_WEIGHT_TYPE: EXPLICIT
EDGE_WEIGHT_FORMAT: FULL_MATRIX
EDGE_DATA_SECTION
0 3
0 4
0 6
0 8
1 4
1 5
1 7
1 8
1 10
2 3
2 6
2 7
2 8
2 9
2 13
3 6
3 8
3 9
3 10
3 13
4 5
4 6
4 7
4 10
4 12
4 14
4 15
5 10
5 13
6 7
6 13
7 9
7 10
7 13
7 15
8 9
8 13
9 11
10 13
11 13
13 16
-1
EDGE_WEIGHT_SECTION
0	0	0	1	1	0	1	0	1	0	0	0	0	0	0	0	0
0	0	0	0	1	1	0	1	1	0	1	0	0	0	0	0	0
0	0	0	1	0	0	1	1	1	1	0	0	0	1	0	0	0
1	0	1	0	0	0	1	0	1	1	1	0	0	1	0	0	0
1	1	0	0	0	1	1	1	0	0	1	0	1	0	1	1	0
0	1	0	0	1	0	0	0	0	0	1	0	0	1	0	0	0
1	0	1	1	1	0	0	1	0	0	0	0	0	1	0	0	0
0	1	1	0	1	0	1	0	0	1	1	0	0	1	0	1	0
1	1	1	1	0	0	0	0	0	1	0	0	0	1	0	0	0
0	0	1	1	0	0	0	1	1	0	0	1	0	0	0	0	0
0	1	0	1	1	1	0	1	0	0	0	0	0	1	0	0	0
0	0	0	0	0	0	0	0	0	1	0	0	0	1	0	0	0
0	0	0	0	1	0	0	0	0	0	0	0	0	0	0	0	0
0	0	1	1	0	1	1	1	1	0	1	1	0	0	0	0	1
0	0	0	0	1	0	0	0	0	0	0	0	0	0	0	0	0
0	0	0	0	1	0	0	1	0	0	0	0	0	0	0	0	0
0	0	0	0	0	0	0	0	0	0	0	0	0	1	0	0	0
DIFF_EDGE
0 0
CHROM_NUMBER
6
EOF
