TYPE : graph_{count}
DIMENSION: 20
EDGE_DATA_FORMAT: EDGE_LIST
EDGE_WEIGHT_TYPE: EXPLICIT
EDGE_WEIGHT_FORMAT: FULL_MATRIX
EDGE_DATA_SECTION
0 1
0 3
0 4
0 5
0 8
0 17
0 18
1 2
1 3
1 14
2 8
2 9
2 10
2 13
2 17
2 18
3 4
3 5
3 9
3 10
3 11
3 17
4 5
4 7
4 15
4 18
5 6
5 7
5 17
5 18
5 19
6 7
6 9
6 12
6 17
6 18
7 9
7 10
7 14
8 9
8 10
8 12
8 13
8 17
9 10
9 13
9 16
9 19
10 13
10 17
10 18
11 13
11 18
12 17
12 18
13 15
13 17
13 18
14 18
15 17
15 18
16 17
16 18
17 18
-1
EDGE_WEIGHT_SECTION
0	1	0	1	1	1	0	0	1	0	0	0	0	0	0	0	0	1	1	0
1	0	1	1	0	0	0	0	0	0	0	0	0	0	1	0	0	0	0	0
0	1	0	0	0	0	0	0	1	1	1	0	0	1	0	0	0	1	1	0
1	1	0	0	1	1	0	0	0	1	1	1	0	0	0	0	0	1	0	0
1	0	0	1	0	1	0	1	0	0	0	0	0	0	0	1	0	0	1	0
1	0	0	1	1	0	1	1	0	0	0	0	0	0	0	0	0	1	1	1
0	0	0	0	0	1	0	1	0	1	0	0	1	0	0	0	0	1	1	0
0	0	0	0	1	1	1	0	0	1	1	0	0	0	1	0	0	0	0	0
1	0	1	0	0	0	0	0	0	1	1	0	1	1	0	0	0	1	0	0
0	0	1	1	0	0	1	1	1	0	1	0	0	1	0	0	1	0	0	1
0	0	1	1	0	0	0	1	1	1	0	0	0	1	0	0	0	1	1	0
0	0	0	1	0	0	0	0	0	0	0	0	0	1	0	0	0	0	1	0
0	0	0	0	0	0	1	0	1	0	0	0	0	0	0	0	0	1	1	0
0	0	1	0	0	0	0	0	1	1	1	1	0	0	0	1	0	1	1	0
0	1	0	0	0	0	0	1	0	0	0	0	0	0	0	0	0	0	1	0
0	0	0	0	1	0	0	0	0	0	0	0	0	1	0	0	0	1	1	0
0	0	0	0	0	0	0	0	0	1	0	0	0	0	0	0	0	1	1	0
1	0	1	1	0	1	1	0	1	0	1	0	1	1	0	1	1	1	1	0
1	0	1	0	1	1	1	0	0	0	1	1	1	1	1	1	1	1	1	0
0	0	0	0	0	1	0	0	0	1	0	0	0	0	0	0	0	0	0	0
DIFF_EDGE
0 0
CHROM_NUMBER
9
EOF
