TYPE : graph_{count}
DIMENSION: 16
EDGE_DATA_FORMAT: EDGE_LIST
EDGE_WEIGHT_TYPE: EXPLICIT
EDGE_WEIGHT_FORMAT: FULL_MATRIX
EDGE_DATA_SECTION
0 3
0 4
0 6
0 8
0 11
0 14
1 2
1 3
1 4
1 6
1 7
1 8
1 10
1 11
1 14
2 4
2 5
3 4
3 7
3 9
4 5
4 6
4 10
4 11
4 14
5 6
6 8
6 9
6 11
6 14
7 8
7 9
8 11
8 12
8 14
8 15
9 10
9 13
9 14
10 11
10 14
10 15
11 13
11 14
-1
EDGE_WEIGHT_SECTION
0	0	0	1	1	0	1	0	1	0	0	1	0	0	1	0
0	0	1	1	1	0	1	1	1	0	1	1	0	0	1	0
0	1	0	0	1	1	0	0	0	0	0	0	0	0	0	0
1	1	0	0	1	0	0	1	0	1	0	0	0	0	0	0
1	1	1	1	0	1	1	0	0	0	1	1	0	0	1	0
0	0	1	0	1	0	1	0	0	0	0	0	0	0	0	0
1	1	0	0	1	1	0	0	1	1	0	1	0	0	1	0
0	1	0	1	0	0	0	0	1	1	0	0	0	0	0	0
1	1	0	0	0	0	1	1	0	0	0	1	1	0	1	1
0	0	0	1	0	0	1	1	0	0	1	0	0	1	1	0
0	1	0	0	1	0	0	0	0	1	0	1	0	0	1	1
1	1	0	0	1	0	1	0	1	0	1	0	0	1	1	0
0	0	0	0	0	0	0	0	1	0	0	0	0	0	0	0
0	0	0	0	0	0	0	0	0	1	0	1	0	0	0	0
1	1	0	0	1	0	1	0	1	1	1	1	0	0	0	0
0	0	0	0	0	0	0	0	1	0	1	0	0	0	0	0
DIFF_EDGE
0 0
CHROM_NUMBER
8
EOF
