TYPE : graph_{count}
DIMENSION: 21
EDGE_DATA_FORMAT: EDGE_LIST
EDGE_WEIGHT_TYPE: EXPLICIT
EDGE_WEIGHT_FORMAT: FULL_MATRIX
EDGE_DATA_SECTION
0 1
0 2
0 6
0 7
0 12
0 14
1 2
1 5
1 6
1 9
1 10
1 14
1 19
1 20
2 3
2 4
2 5
2 8
2 10
2 14
2 19
2 20
3 5
3 9
3 14
3 19
3 20
5 8
5 10
5 14
5 19
5 20
6 11
6 13
6 19
7 8
7 9
8 11
8 12
8 14
8 16
8 20
10 15
10 17
10 18
11 14
12 20
13 17
13 20
14 18
14 19
14 20
15 19
15 20
16 20
18 20
19 20
-1
EDGE_WEIGHT_SECTION
0	1	1	0	0	0	1	1	0	0	0	0	1	0	1	0	0	0	0	0	0
1	0	1	0	0	1	1	0	0	1	1	0	0	0	1	0	0	0	0	1	1
1	1	0	1	1	1	0	0	1	0	1	0	0	0	1	0	0	0	0	1	1
0	0	1	0	0	1	0	0	0	1	0	0	0	0	1	0	0	0	0	1	1
0	0	1	0	0	0	0	0	0	0	0	0	0	0	0	0	0	0	0	0	0
0	1	1	1	0	0	0	0	1	0	1	0	0	0	1	0	0	0	0	1	1
1	1	0	0	0	0	0	0	0	0	0	1	0	1	0	0	0	0	0	1	0
1	0	0	0	0	0	0	0	1	1	0	0	0	0	0	0	0	0	0	0	0
0	0	1	0	0	1	0	1	0	0	0	1	1	0	1	0	1	0	0	0	1
0	1	0	1	0	0	0	1	0	0	0	0	0	0	0	0	0	0	0	0	0
0	1	1	0	0	1	0	0	0	0	0	0	0	0	0	1	0	1	1	0	0
0	0	0	0	0	0	1	0	1	0	0	0	0	0	1	0	0	0	0	0	0
1	0	0	0	0	0	0	0	1	0	0	0	0	0	0	0	0	0	0	0	1
0	0	0	0	0	0	1	0	0	0	0	0	0	0	0	0	0	1	0	0	1
1	1	1	1	0	1	0	0	1	0	0	1	0	0	0	0	0	0	1	1	1
0	0	0	0	0	0	0	0	0	0	1	0	0	0	0	0	0	0	0	1	1
0	0	0	0	0	0	0	0	1	0	0	0	0	0	0	0	0	0	0	0	1
0	0	0	0	0	0	0	0	0	0	1	0	0	1	0	0	0	0	0	0	0
0	0	0	0	0	0	0	0	0	0	1	0	0	0	1	0	0	0	0	0	1
0	1	1	1	0	1	1	0	0	0	0	0	0	0	1	1	0	0	0	0	1
0	1	1	1	0	1	0	0	1	0	0	0	1	1	1	1	1	0	1	1	1
DIFF_EDGE
0 0
CHROM_NUMBER
8
EOF
