TYPE : graph_{count}
DIMENSION: 18
EDGE_DATA_FORMAT: EDGE_LIST
EDGE_WEIGHT_TYPE: EXPLICIT
EDGE_WEIGHT_FORMAT: FULL_MATRIX
EDGE_DATA_SECTION
0 1
0 2
0 3
0 4
0 9
0 10
0 11
0 15
1 9
2 4
2 6
2 7
2 10
2 11
2 15
2 17
3 4
3 5
3 6
3 10
3 11
4 7
4 10
4 11
4 15
5 7
5 8
5 9
5 10
5 11
5 14
6 7
6 8
6 9
6 15
6 16
7 8
7 15
8 10
9 10
10 12
10 13
11 12
11 15
13 15
-1
EDGE_WEIGHT_SECTION
0	1	1	1	1	0	0	0	0	1	1	1	0	0	0	1	0	0
1	0	0	0	0	0	0	0	0	1	0	0	0	0	0	0	0	0
1	0	0	0	1	0	1	1	0	0	1	1	0	0	0	1	0	1
1	0	0	0	1	1	1	0	0	0	1	1	0	0	0	0	0	0
1	0	1	1	0	0	0	1	0	0	1	1	0	0	0	1	0	0
0	0	0	1	0	0	0	1	1	1	1	1	0	0	1	0	0	0
0	0	1	1	0	0	0	1	1	1	0	0	0	0	0	1	1	0
0	0	1	0	1	1	1	0	1	0	0	0	0	0	0	1	0	0
0	0	0	0	0	1	1	1	0	0	1	0	0	0	0	0	0	0
1	1	0	0	0	1	1	0	0	0	1	0	0	0	0	0	0	0
1	0	1	1	1	1	0	0	1	1	0	0	1	1	0	0	0	0
1	0	1	1	1	1	0	0	0	0	0	0	1	0	0	1	0	0
0	0	0	0	0	0	0	0	0	0	1	1	0	0	0	0	0	0
0	0	0	0	0	0	0	0	0	0	1	0	0	0	0	1	0	0
0	0	0	0	0	1	0	0	0	0	0	0	0	0	0	0	0	0
1	0	1	0	1	0	1	1	0	0	0	1	0	1	0	0	0	0
0	0	0	0	0	0	1	0	0	0	0	0	0	0	0	0	0	0
0	0	1	0	0	0	0	0	0	0	0	0	0	0	0	0	0	0
DIFF_EDGE
0 0
CHROM_NUMBER
8
EOF
