TYPE : graph_{count}
DIMENSION: 15
EDGE_DATA_FORMAT: EDGE_LIST
EDGE_WEIGHT_TYPE: EXPLICIT
EDGE_WEIGHT_FORMAT: FULL_MATRIX
EDGE_DATA_SECTION
0 2
0 3
0 7
0 9
0 10
0 14
1 3
1 4
1 5
1 7
1 9
1 13
1 14
2 5
2 8
2 11
3 4
3 6
3 9
4 10
5 6
5 7
5 8
5 12
5 14
6 10
6 14
7 8
7 10
7 14
8 10
8 14
10 13
10 14
11 14
-1
EDGE_WEIGHT_SECTION
0	0	1	1	0	0	0	1	0	1	1	0	0	0	1
0	0	0	1	1	1	0	1	0	1	0	0	0	1	1
1	0	0	0	0	1	0	0	1	0	0	1	0	0	0
1	1	0	0	1	0	1	0	0	1	0	0	0	0	0
0	1	0	1	0	0	0	0	0	0	1	0	0	0	0
0	1	1	0	0	0	1	1	1	0	0	0	1	0	1
0	0	0	1	0	1	0	0	0	0	1	0	0	0	1
1	1	0	0	0	1	0	0	1	0	1	0	0	0	1
0	0	1	0	0	1	0	1	0	0	1	0	0	0	1
1	1	0	1	0	0	0	0	0	0	0	0	0	0	0
1	0	0	0	1	0	1	1	1	0	0	0	0	1	1
0	0	1	0	0	0	0	0	0	0	0	0	0	0	1
0	0	0	0	0	1	0	0	0	0	0	0	0	0	0
0	1	0	0	0	0	0	0	0	0	1	0	0	0	0
1	1	0	0	0	1	1	1	1	0	1	1	0	0	0
DIFF_EDGE
0 0
CHROM_NUMBER
6
EOF
