TYPE : graph_{count}
DIMENSION: 21
EDGE_DATA_FORMAT: EDGE_LIST
EDGE_WEIGHT_TYPE: EXPLICIT
EDGE_WEIGHT_FORMAT: FULL_MATRIX
EDGE_DATA_SECTION
0 1
0 4
0 5
0 6
0 9
0 11
0 13
0 16
0 17
0 20
1 3
1 4
1 5
1 6
1 7
1 11
1 13
1 16
1 17
1 20
2 3
2 4
2 5
2 7
2 13
2 16
3 4
3 9
3 11
3 13
3 14
3 16
4 7
4 8
4 9
4 11
4 17
5 6
5 8
5 9
5 11
5 13
5 15
5 20
6 7
6 9
6 10
6 11
6 13
6 14
6 16
6 17
6 20
7 9
7 10
7 12
7 16
7 20
8 9
8 10
8 17
9 11
9 13
9 16
9 17
10 16
11 16
11 17
11 19
12 13
13 16
13 17
13 18
13 19
13 20
14 20
15 16
15 17
16 17
16 20
17 20
19 20
-1
EDGE_WEIGHT_SECTION
0	1	0	0	1	1	1	0	0	1	0	1	0	1	0	0	1	1	0	0	1
1	0	0	1	1	1	1	1	0	0	0	1	0	1	0	0	1	1	0	0	1
0	0	0	1	1	1	0	1	0	0	0	0	0	1	0	0	1	0	0	0	0
0	1	1	0	1	0	0	0	0	1	0	1	0	1	1	0	1	0	0	0	0
1	1	1	1	0	0	0	1	1	1	0	1	0	0	0	0	0	1	0	0	0
1	1	1	0	0	0	1	0	1	1	0	1	0	1	0	1	0	0	0	0	1
1	1	0	0	0	1	0	1	0	1	1	1	0	1	1	0	1	1	0	0	1
0	1	1	0	1	0	1	0	0	1	1	0	1	0	0	0	1	0	0	0	1
0	0	0	0	1	1	0	0	0	1	1	0	0	0	0	0	0	1	0	0	0
1	0	0	1	1	1	1	1	1	0	0	1	0	1	0	0	1	1	0	0	0
0	0	0	0	0	0	1	1	1	0	0	0	0	0	0	0	1	0	0	0	0
1	1	0	1	1	1	1	0	0	1	0	1	0	0	0	0	1	1	0	1	0
0	0	0	0	0	0	0	1	0	0	0	0	0	1	0	0	0	0	0	0	0
1	1	1	1	0	1	1	0	0	1	0	0	1	0	0	0	1	1	1	1	1
0	0	0	1	0	0	1	0	0	0	0	0	0	0	0	0	0	0	0	0	1
0	0	0	0	0	1	0	0	0	0	0	0	0	0	0	0	1	1	0	0	0
1	1	1	1	0	0	1	1	0	1	1	1	0	1	0	1	0	1	0	0	1
1	1	0	0	1	0	1	0	1	1	0	1	0	1	0	1	1	1	0	0	1
0	0	0	0	0	0	0	0	0	0	0	0	0	1	0	0	0	0	0	0	0
0	0	0	0	0	0	0	0	0	0	0	1	0	1	0	0	0	0	0	0	1
1	1	0	0	0	1	1	1	0	0	0	0	0	1	1	0	1	1	0	1	0
DIFF_EDGE
0 0
CHROM_NUMBER
11
EOF
