TYPE : graph_{count}
DIMENSION: 19
EDGE_DATA_FORMAT: EDGE_LIST
EDGE_WEIGHT_TYPE: EXPLICIT
EDGE_WEIGHT_FORMAT: FULL_MATRIX
EDGE_DATA_SECTION
0 1
0 4
0 8
0 10
0 13
0 17
1 4
1 9
1 10
2 3
2 4
2 5
2 6
2 7
2 8
2 14
2 15
2 16
2 17
3 4
3 6
3 8
3 10
3 12
4 6
4 7
4 8
4 11
4 15
4 17
5 6
5 8
5 13
5 15
5 16
6 15
7 8
7 15
8 9
8 15
8 16
8 17
9 15
10 11
10 17
11 16
11 17
12 16
12 17
12 18
13 15
13 17
15 16
15 17
15 18
16 17
-1
EDGE_WEIGHT_SECTION
0	1	0	0	1	0	0	0	1	0	1	0	0	1	0	0	0	1	0
1	0	0	0	1	0	0	0	0	1	1	0	0	0	0	0	0	0	0
0	0	0	1	1	1	1	1	1	0	0	0	0	0	1	1	1	1	0
0	0	1	0	1	0	1	0	1	0	1	0	1	0	0	0	0	0	0
1	1	1	1	0	0	1	1	1	0	0	1	0	0	0	1	0	1	0
0	0	1	0	0	0	1	0	1	0	0	0	0	1	0	1	1	0	0
0	0	1	1	1	1	0	0	0	0	0	0	0	0	0	1	0	0	0
0	0	1	0	1	0	0	0	1	0	0	0	0	0	0	1	0	0	0
1	0	1	1	1	1	0	1	0	1	0	0	0	0	0	1	1	1	0
0	1	0	0	0	0	0	0	1	0	0	0	0	0	0	1	0	0	0
1	1	0	1	0	0	0	0	0	0	0	1	0	0	0	0	0	1	0
0	0	0	0	1	0	0	0	0	0	1	0	0	0	0	0	1	1	0
0	0	0	1	0	0	0	0	0	0	0	0	0	0	0	0	1	1	1
1	0	0	0	0	1	0	0	0	0	0	0	0	0	0	1	0	1	0
0	0	1	0	0	0	0	0	0	0	0	0	0	0	0	0	0	0	0
0	0	1	0	1	1	1	1	1	1	0	0	0	1	0	0	1	1	1
0	0	1	0	0	1	0	0	1	0	0	1	1	0	0	1	0	1	0
1	0	1	0	1	0	0	0	1	0	1	1	1	1	0	1	1	1	0
0	0	0	0	0	0	0	0	0	0	0	0	1	0	0	1	0	0	0
DIFF_EDGE
0 0
CHROM_NUMBER
8
EOF
