TYPE : graph_{count}
DIMENSION: 20
EDGE_DATA_FORMAT: EDGE_LIST
EDGE_WEIGHT_TYPE: EXPLICIT
EDGE_WEIGHT_FORMAT: FULL_MATRIX
EDGE_DATA_SECTION
0 1
0 8
0 9
0 13
0 19
1 2
1 6
1 7
1 9
1 19
2 3
2 6
2 7
2 8
2 9
2 12
2 14
2 17
2 19
3 5
3 9
3 10
4 5
4 19
5 6
5 11
6 19
7 9
7 19
8 9
8 11
8 15
8 18
8 19
9 10
9 19
13 16
13 19
14 19
15 19
-1
EDGE_WEIGHT_SECTION
0	1	0	0	0	0	0	0	1	1	0	0	0	1	0	0	0	0	0	1
1	0	1	0	0	0	1	1	0	1	0	0	0	0	0	0	0	0	0	1
0	1	0	1	0	0	1	1	1	1	0	0	1	0	1	0	0	1	0	1
0	0	1	0	0	1	0	0	0	1	1	0	0	0	0	0	0	0	0	0
0	0	0	0	0	1	0	0	0	0	0	0	0	0	0	0	0	0	0	1
0	0	0	1	1	0	1	0	0	0	0	1	0	0	0	0	0	0	0	0
0	1	1	0	0	1	0	0	0	0	0	0	0	0	0	0	0	0	0	1
0	1	1	0	0	0	0	0	0	1	0	0	0	0	0	0	0	0	0	1
1	0	1	0	0	0	0	0	0	1	0	1	0	0	0	1	0	0	1	1
1	1	1	1	0	0	0	1	1	0	1	0	0	0	0	0	0	0	0	1
0	0	0	1	0	0	0	0	0	1	0	0	0	0	0	0	0	0	0	0
0	0	0	0	0	1	0	0	1	0	0	0	0	0	0	0	0	0	0	0
0	0	1	0	0	0	0	0	0	0	0	0	0	0	0	0	0	0	0	0
1	0	0	0	0	0	0	0	0	0	0	0	0	0	0	0	1	0	0	1
0	0	1	0	0	0	0	0	0	0	0	0	0	0	0	0	0	0	0	1
0	0	0	0	0	0	0	0	1	0	0	0	0	0	0	0	0	0	0	1
0	0	0	0	0	0	0	0	0	0	0	0	0	1	0	0	0	0	0	0
0	0	1	0	0	0	0	0	0	0	0	0	0	0	0	0	0	0	0	0
0	0	0	0	0	0	0	0	1	0	0	0	0	0	0	0	0	0	0	0
1	1	1	0	1	0	1	1	1	1	0	0	0	1	1	1	0	0	0	0
DIFF_EDGE
0 0
CHROM_NUMBER
6
EOF
