TYPE : graph_{count}
DIMENSION: 17
EDGE_DATA_FORMAT: EDGE_LIST
EDGE_WEIGHT_TYPE: EXPLICIT
EDGE_WEIGHT_FORMAT: FULL_MATRIX
EDGE_DATA_SECTION
0 1
0 2
0 4
0 5
0 7
0 8
0 15
0 16
1 2
1 4
1 6
1 15
1 16
2 4
2 5
2 6
2 8
2 15
2 16
3 5
3 6
3 9
4 6
4 7
4 9
5 9
5 10
5 13
5 16
6 7
6 12
6 14
7 9
8 9
8 10
8 13
8 15
8 16
9 11
9 16
10 12
10 15
11 14
11 15
12 16
13 15
13 16
15 16
-1
EDGE_WEIGHT_SECTION
0	1	1	0	1	1	0	1	1	0	0	0	0	0	0	1	1
1	0	1	0	1	0	1	0	0	0	0	0	0	0	0	1	1
1	1	0	0	1	1	1	0	1	0	0	0	0	0	0	1	1
0	0	0	0	0	1	1	0	0	1	0	0	0	0	0	0	0
1	1	1	0	0	0	1	1	0	1	0	0	0	0	0	0	0
1	0	1	1	0	0	0	0	0	1	1	0	0	1	0	0	1
0	1	1	1	1	0	0	1	0	0	0	0	1	0	1	0	0
1	0	0	0	1	0	1	0	0	1	0	0	0	0	0	0	0
1	0	1	0	0	0	0	0	0	1	1	0	0	1	0	1	1
0	0	0	1	1	1	0	1	1	0	0	1	0	0	0	0	1
0	0	0	0	0	1	0	0	1	0	0	0	1	0	0	1	0
0	0	0	0	0	0	0	0	0	1	0	0	0	0	1	1	0
0	0	0	0	0	0	1	0	0	0	1	0	0	0	0	0	1
0	0	0	0	0	1	0	0	1	0	0	0	0	0	0	1	1
0	0	0	0	0	0	1	0	0	0	0	1	0	0	0	0	0
1	1	1	0	0	0	0	0	1	0	1	1	0	1	0	0	1
1	1	1	0	0	1	0	0	1	1	0	0	1	1	0	1	1
DIFF_EDGE
0 0
CHROM_NUMBER
8
EOF
