TYPE : graph_{count}
DIMENSION: 16
EDGE_DATA_FORMAT: EDGE_LIST
EDGE_WEIGHT_TYPE: EXPLICIT
EDGE_WEIGHT_FORMAT: FULL_MATRIX
EDGE_DATA_SECTION
0 1
0 2
0 6
0 8
0 13
1 2
1 4
1 5
1 6
1 8
1 13
2 3
2 5
2 8
2 12
2 13
2 14
3 5
3 6
3 8
3 10
3 13
4 5
4 7
4 10
6 7
7 9
7 10
7 11
8 11
9 13
11 13
11 15
-1
EDGE_WEIGHT_SECTION
0	1	1	0	0	0	1	0	1	0	0	0	0	1	0	0
1	0	1	0	1	1	1	0	1	0	0	0	0	1	0	0
1	1	0	1	0	1	0	0	1	0	0	0	1	1	1	0
0	0	1	0	0	1	1	0	1	0	1	0	0	1	0	0
0	1	0	0	0	1	0	1	0	0	1	0	0	0	0	0
0	1	1	1	1	0	0	0	0	0	0	0	0	0	0	0
1	1	0	1	0	0	0	1	0	0	0	0	0	0	0	0
0	0	0	0	1	0	1	0	0	1	1	1	0	0	0	0
1	1	1	1	0	0	0	0	0	0	0	1	0	0	0	0
0	0	0	0	0	0	0	1	0	0	0	0	0	1	0	0
0	0	0	1	1	0	0	1	0	0	0	0	0	0	0	0
0	0	0	0	0	0	0	1	1	0	0	0	0	1	0	1
0	0	1	0	0	0	0	0	0	0	0	0	0	0	0	0
1	1	1	1	0	0	0	0	0	1	0	1	0	0	0	0
0	0	1	0	0	0	0	0	0	0	0	0	0	0	0	0
0	0	0	0	0	0	0	0	0	0	0	1	0	0	0	0
DIFF_EDGE
0 0
CHROM_NUMBER
6
EOF
