TYPE : graph_{count}
DIMENSION: 21
EDGE_DATA_FORMAT: EDGE_LIST
EDGE_WEIGHT_TYPE: EXPLICIT
EDGE_WEIGHT_FORMAT: FULL_MATRIX
EDGE_DATA_SECTION
0 8
0 9
0 10
0 11
0 14
1 3
1 6
1 10
1 12
2 4
2 5
2 7
2 9
2 11
2 12
2 14
2 15
2 16
4 5
4 7
4 8
4 9
4 12
4 14
4 15
4 16
4 17
5 6
5 8
5 9
5 12
5 14
5 15
5 16
5 17
6 7
6 9
6 10
6 12
6 14
6 15
6 16
6 17
7 9
7 10
7 12
7 15
7 17
8 12
8 15
8 16
8 17
9 12
9 13
9 15
9 16
9 18
10 12
11 17
12 14
12 15
12 16
12 17
12 20
13 14
13 15
13 17
14 15
14 16
14 17
15 17
15 19
16 17
16 19
-1
EDGE_WEIGHT_SECTION
0	0	0	0	0	0	0	0	1	1	1	1	0	0	1	0	0	0	0	0	0
0	0	0	1	0	0	1	0	0	0	1	0	1	0	0	0	0	0	0	0	0
0	0	0	0	1	1	0	1	0	1	0	1	1	0	1	1	1	0	0	0	0
0	1	0	0	0	0	0	0	0	0	0	0	0	0	0	0	0	0	0	0	0
0	0	1	0	0	1	0	1	1	1	0	0	1	0	1	1	1	1	0	0	0
0	0	1	0	1	0	1	0	1	1	0	0	1	0	1	1	1	1	0	0	0
0	1	0	0	0	1	0	1	0	1	1	0	1	0	1	1	1	1	0	0	0
0	0	1	0	1	0	1	0	0	1	1	0	1	0	0	1	0	1	0	0	0
1	0	0	0	1	1	0	0	0	0	0	0	1	0	0	1	1	1	0	0	0
1	0	1	0	1	1	1	1	0	0	0	0	1	1	0	1	1	0	1	0	0
1	1	0	0	0	0	1	1	0	0	0	0	1	0	0	0	0	0	0	0	0
1	0	1	0	0	0	0	0	0	0	0	0	0	0	0	0	0	1	0	0	0
0	1	1	0	1	1	1	1	1	1	1	0	0	0	1	1	1	1	0	0	1
0	0	0	0	0	0	0	0	0	1	0	0	0	0	1	1	0	1	0	0	0
1	0	1	0	1	1	1	0	0	0	0	0	1	1	0	1	1	1	0	0	0
0	0	1	0	1	1	1	1	1	1	0	0	1	1	1	0	0	1	0	1	0
0	0	1	0	1	1	1	0	1	1	0	0	1	0	1	0	0	1	0	1	0
0	0	0	0	1	1	1	1	1	0	0	1	1	1	1	1	1	0	0	0	0
0	0	0	0	0	0	0	0	0	1	0	0	0	0	0	0	0	0	0	0	0
0	0	0	0	0	0	0	0	0	0	0	0	0	0	0	1	1	0	0	0	0
0	0	0	0	0	0	0	0	0	0	0	0	1	0	0	0	0	0	0	0	0
DIFF_EDGE
0 0
CHROM_NUMBER
11
EOF
