TYPE : graph_{count}
DIMENSION: 20
EDGE_DATA_FORMAT: EDGE_LIST
EDGE_WEIGHT_TYPE: EXPLICIT
EDGE_WEIGHT_FORMAT: FULL_MATRIX
EDGE_DATA_SECTION
0 3
0 5
0 7
0 9
0 15
0 19
1 3
1 4
1 5
1 10
1 11
2 3
2 5
2 7
2 8
2 9
2 10
2 11
2 15
3 14
3 15
4 6
4 7
4 11
5 6
5 7
5 8
5 15
6 8
6 10
6 11
6 14
7 8
7 10
7 11
7 15
8 9
8 10
8 11
8 12
8 15
8 18
9 10
9 11
9 15
9 17
10 11
10 15
11 13
12 16
13 15
14 15
18 19
-1
EDGE_WEIGHT_SECTION
0	0	0	1	0	1	0	1	0	1	0	0	0	0	0	1	0	0	0	1
0	0	0	1	1	1	0	0	0	0	1	1	0	0	0	0	0	0	0	0
0	0	0	1	0	1	0	1	1	1	1	1	0	0	0	1	0	0	0	0
1	1	1	0	0	0	0	0	0	0	0	0	0	0	1	1	0	0	0	0
0	1	0	0	0	0	1	1	0	0	0	1	0	0	0	0	0	0	0	0
1	1	1	0	0	0	1	1	1	0	0	0	0	0	0	1	0	0	0	0
0	0	0	0	1	1	0	0	1	0	1	1	0	0	1	0	0	0	0	0
1	0	1	0	1	1	0	0	1	0	1	1	0	0	0	1	0	0	0	0
0	0	1	0	0	1	1	1	0	1	1	1	1	0	0	1	0	0	1	0
1	0	1	0	0	0	0	0	1	0	1	1	0	0	0	1	0	1	0	0
0	1	1	0	0	0	1	1	1	1	0	1	0	0	0	1	0	0	0	0
0	1	1	0	1	0	1	1	1	1	1	1	0	1	0	0	0	0	0	0
0	0	0	0	0	0	0	0	1	0	0	0	0	0	0	0	1	0	0	0
0	0	0	0	0	0	0	0	0	0	0	1	0	0	0	1	0	0	0	0
0	0	0	1	0	0	1	0	0	0	0	0	0	0	0	1	0	0	0	0
1	0	1	1	0	1	0	1	1	1	1	0	0	1	1	0	0	0	0	0
0	0	0	0	0	0	0	0	0	0	0	0	1	0	0	0	0	0	0	0
0	0	0	0	0	0	0	0	0	1	0	0	0	0	0	0	0	0	0	0
0	0	0	0	0	0	0	0	1	0	0	0	0	0	0	0	0	0	0	1
1	0	0	0	0	0	0	0	0	0	0	0	0	0	0	0	0	0	1	0
DIFF_EDGE
0 0
CHROM_NUMBER
9
EOF
