TYPE : graph_{count}
DIMENSION: 17
EDGE_DATA_FORMAT: EDGE_LIST
EDGE_WEIGHT_TYPE: EXPLICIT
EDGE_WEIGHT_FORMAT: FULL_MATRIX
EDGE_DATA_SECTION
0 1
0 2
0 3
0 6
0 7
0 8
0 10
0 11
0 15
1 2
1 3
1 6
1 9
1 10
1 11
1 13
1 15
1 16
2 3
2 4
2 5
2 6
2 8
2 9
2 11
2 14
3 4
3 8
3 11
3 15
4 7
4 8
4 12
4 13
5 9
5 10
6 7
8 9
8 10
8 11
9 15
10 14
11 12
11 15
12 15
14 15
-1
EDGE_WEIGHT_SECTION
0	1	1	1	0	0	1	1	1	0	1	1	0	0	0	1	0
1	0	1	1	0	0	1	0	0	1	1	1	0	1	0	1	1
1	1	0	1	1	1	1	0	1	1	0	1	0	0	1	0	0
1	1	1	0	1	0	0	0	1	0	0	1	0	0	0	1	0
0	0	1	1	0	0	0	1	1	0	0	0	1	1	0	0	0
0	0	1	0	0	0	0	0	0	1	1	0	0	0	0	0	0
1	1	1	0	0	0	0	1	0	0	0	0	0	0	0	0	0
1	0	0	0	1	0	1	0	0	0	0	0	0	0	0	0	0
1	0	1	1	1	0	0	0	0	1	1	1	0	0	0	0	0
0	1	1	0	0	1	0	0	1	0	0	0	0	0	0	1	0
1	1	0	0	0	1	0	0	1	0	0	0	0	0	1	0	0
1	1	1	1	0	0	0	0	1	0	0	0	1	0	0	1	0
0	0	0	0	1	0	0	0	0	0	0	1	0	0	0	1	0
0	1	0	0	1	0	0	0	0	0	0	0	0	0	0	0	0
0	0	1	0	0	0	0	0	0	0	1	0	0	0	0	1	0
1	1	0	1	0	0	0	0	0	1	0	1	1	0	1	0	0
0	1	0	0	0	0	0	0	0	0	0	0	0	0	0	0	0
DIFF_EDGE
0 0
CHROM_NUMBER
8
EOF
