TYPE : graph_{count}
DIMENSION: 16
EDGE_DATA_FORMAT: EDGE_LIST
EDGE_WEIGHT_TYPE: EXPLICIT
EDGE_WEIGHT_FORMAT: FULL_MATRIX
EDGE_DATA_SECTION
0 1
0 2
0 3
0 4
0 6
0 8
0 9
0 10
0 11
0 14
1 3
1 4
1 5
1 9
1 11
1 14
1 15
2 3
2 5
2 7
2 8
2 9
2 10
2 11
3 6
3 7
3 9
3 10
3 11
3 13
4 5
4 7
4 8
4 9
4 11
4 12
4 14
5 6
5 7
5 8
5 11
5 14
6 7
7 8
8 9
9 11
9 14
11 14
13 14
-1
EDGE_WEIGHT_SECTION
0	1	1	1	1	0	1	0	1	1	1	1	0	0	1	0
1	0	0	1	1	1	0	0	0	1	0	1	0	0	1	1
1	0	0	1	0	1	0	1	1	1	1	1	0	0	0	0
1	1	1	0	0	0	1	1	0	1	1	1	0	1	0	0
1	1	0	0	0	1	0	1	1	1	0	1	1	0	1	0
0	1	1	0	1	0	1	1	1	0	0	1	0	0	1	0
1	0	0	1	0	1	0	1	0	0	0	0	0	0	0	0
0	0	1	1	1	1	1	0	1	0	0	0	0	0	0	0
1	0	1	0	1	1	0	1	0	1	0	0	0	0	0	0
1	1	1	1	1	0	0	0	1	0	0	1	0	0	1	0
1	0	1	1	0	0	0	0	0	0	0	0	0	0	0	0
1	1	1	1	1	1	0	0	0	1	0	0	0	0	1	0
0	0	0	0	1	0	0	0	0	0	0	0	0	0	0	0
0	0	0	1	0	0	0	0	0	0	0	0	0	0	1	0
1	1	0	0	1	1	0	0	0	1	0	1	0	1	0	0
0	1	0	0	0	0	0	0	0	0	0	0	0	0	0	0
DIFF_EDGE
0 0
CHROM_NUMBER
8
EOF
