TYPE : graph_{count}
DIMENSION: 20
EDGE_DATA_FORMAT: EDGE_LIST
EDGE_WEIGHT_TYPE: EXPLICIT
EDGE_WEIGHT_FORMAT: FULL_MATRIX
EDGE_DATA_SECTION
0 3
0 5
0 8
0 9
0 14
0 17
0 18
1 3
1 4
1 5
1 6
1 7
1 11
1 14
1 17
1 18
2 4
2 5
2 6
2 7
2 14
2 17
3 5
3 6
3 10
4 5
4 6
4 9
4 17
4 19
5 6
5 13
5 14
6 9
6 10
6 14
6 18
7 8
7 14
7 18
8 9
8 12
8 13
8 17
8 18
9 15
9 18
10 14
10 17
11 14
11 17
13 17
13 18
14 16
14 17
14 18
14 19
15 17
17 18
-1
EDGE_WEIGHT_SECTION
0	0	0	1	0	1	0	0	1	1	0	0	0	0	1	0	0	1	1	0
0	0	0	1	1	1	1	1	0	0	0	1	0	0	1	0	0	1	1	0
0	0	0	0	1	1	1	1	0	0	0	0	0	0	1	0	0	1	0	0
1	1	0	0	0	1	1	0	0	0	1	0	0	0	0	0	0	0	0	0
0	1	1	0	0	1	1	0	0	1	0	0	0	0	0	0	0	1	0	1
1	1	1	1	1	0	1	0	0	0	0	0	0	1	1	0	0	0	0	0
0	1	1	1	1	1	0	0	0	1	1	0	0	0	1	0	0	0	1	0
0	1	1	0	0	0	0	0	1	0	0	0	0	0	1	0	0	0	1	0
1	0	0	0	0	0	0	1	0	1	0	0	1	1	0	0	0	1	1	0
1	0	0	0	1	0	1	0	1	0	0	0	0	0	0	1	0	0	1	0
0	0	0	1	0	0	1	0	0	0	0	0	0	0	1	0	0	1	0	0
0	1	0	0	0	0	0	0	0	0	0	0	0	0	1	0	0	1	0	0
0	0	0	0	0	0	0	0	1	0	0	0	0	0	0	0	0	0	0	0
0	0	0	0	0	1	0	0	1	0	0	0	0	0	0	0	0	1	1	0
1	1	1	0	0	1	1	1	0	0	1	1	0	0	0	0	1	1	1	1
0	0	0	0	0	0	0	0	0	1	0	0	0	0	0	0	0	1	0	0
0	0	0	0	0	0	0	0	0	0	0	0	0	0	1	0	0	0	0	0
1	1	1	0	1	0	0	0	1	0	1	1	0	1	1	1	0	0	1	0
1	1	0	0	0	0	1	1	1	1	0	0	0	1	1	0	0	1	0	0
0	0	0	0	1	0	0	0	0	0	0	0	0	0	1	0	0	0	0	0
DIFF_EDGE
0 0
CHROM_NUMBER
9
EOF
