TYPE : graph_{count}
DIMENSION: 20
EDGE_DATA_FORMAT: EDGE_LIST
EDGE_WEIGHT_TYPE: EXPLICIT
EDGE_WEIGHT_FORMAT: FULL_MATRIX
EDGE_DATA_SECTION
0 1
0 2
0 3
0 6
0 7
0 8
0 18
0 19
1 7
1 13
1 17
2 3
2 8
3 4
3 5
3 8
3 11
3 14
3 17
4 6
4 8
4 9
4 12
4 17
4 19
5 8
5 10
6 7
6 9
6 17
7 8
7 9
8 16
8 19
9 13
9 14
9 16
9 17
9 19
10 17
11 19
12 17
13 15
14 17
14 19
16 17
17 19
18 19
-1
EDGE_WEIGHT_SECTION
0	1	1	1	0	0	1	1	1	0	0	0	0	0	0	0	0	0	1	1
1	0	0	0	0	0	0	1	0	0	0	0	0	1	0	0	0	1	0	0
1	0	0	1	0	0	0	0	1	0	0	0	0	0	0	0	0	0	0	0
1	0	1	0	1	1	0	0	1	0	0	1	0	0	1	0	0	1	0	0
0	0	0	1	0	0	1	0	1	1	0	0	1	0	0	0	0	1	0	1
0	0	0	1	0	0	0	0	1	0	1	0	0	0	0	0	0	0	0	0
1	0	0	0	1	0	0	1	0	1	0	0	0	0	0	0	0	1	0	0
1	1	0	0	0	0	1	0	1	1	0	0	0	0	0	0	0	0	0	0
1	0	1	1	1	1	0	1	0	0	0	0	0	0	0	0	1	0	0	1
0	0	0	0	1	0	1	1	0	0	0	0	0	1	1	0	1	1	0	1
0	0	0	0	0	1	0	0	0	0	0	0	0	0	0	0	0	1	0	0
0	0	0	1	0	0	0	0	0	0	0	0	0	0	0	0	0	0	0	1
0	0	0	0	1	0	0	0	0	0	0	0	0	0	0	0	0	1	0	0
0	1	0	0	0	0	0	0	0	1	0	0	0	0	0	1	0	0	0	0
0	0	0	1	0	0	0	0	0	1	0	0	0	0	0	0	0	1	0	1
0	0	0	0	0	0	0	0	0	0	0	0	0	1	0	0	0	0	0	0
0	0	0	0	0	0	0	0	1	1	0	0	0	0	0	0	0	1	0	0
0	1	0	1	1	0	1	0	0	1	1	0	1	0	1	0	1	0	0	1
1	0	0	0	0	0	0	0	0	0	0	0	0	0	0	0	0	0	0	1
1	0	0	0	1	0	0	0	1	1	0	1	0	0	1	0	0	1	1	1
DIFF_EDGE
0 0
CHROM_NUMBER
7
EOF
