TYPE : graph_{count}
DIMENSION: 19
EDGE_DATA_FORMAT: EDGE_LIST
EDGE_WEIGHT_TYPE: EXPLICIT
EDGE_WEIGHT_FORMAT: FULL_MATRIX
EDGE_DATA_SECTION
0 1
0 3
0 4
0 5
0 6
0 9
0 11
0 15
1 4
1 5
1 6
1 8
1 9
1 10
1 11
1 12
1 14
2 4
2 8
2 9
2 10
2 11
2 15
3 5
3 6
3 15
4 5
4 6
4 11
5 6
5 9
5 11
5 13
6 8
6 10
6 11
6 15
7 9
7 18
8 9
8 15
9 10
9 11
10 11
10 13
11 16
13 15
14 15
15 16
15 17
15 18
-1
EDGE_WEIGHT_SECTION
0	1	0	1	1	1	1	0	0	1	0	1	0	0	0	1	0	0	0
1	0	0	0	1	1	1	0	1	1	1	1	1	0	1	0	0	0	0
0	0	0	0	1	0	0	0	1	1	1	1	0	0	0	1	0	0	0
1	0	0	0	0	1	1	0	0	0	0	0	0	0	0	1	0	0	0
1	1	1	0	0	1	1	0	0	0	0	1	0	0	0	0	0	0	0
1	1	0	1	1	0	1	0	0	1	0	1	0	1	0	0	0	0	0
1	1	0	1	1	1	0	0	1	0	1	1	0	0	0	1	0	0	0
0	0	0	0	0	0	0	0	0	1	0	0	0	0	0	0	0	0	1
0	1	1	0	0	0	1	0	0	1	0	0	0	0	0	1	0	0	0
1	1	1	0	0	1	0	1	1	0	1	1	0	0	0	0	0	0	0
0	1	1	0	0	0	1	0	0	1	0	1	0	1	0	0	0	0	0
1	1	1	0	1	1	1	0	0	1	1	0	0	0	0	0	1	0	0
0	1	0	0	0	0	0	0	0	0	0	0	0	0	0	0	0	0	0
0	0	0	0	0	1	0	0	0	0	1	0	0	0	0	1	0	0	0
0	1	0	0	0	0	0	0	0	0	0	0	0	0	0	1	0	0	0
1	0	1	1	0	0	1	0	1	0	0	0	0	1	1	0	1	1	1
0	0	0	0	0	0	0	0	0	0	0	1	0	0	0	1	0	0	0
0	0	0	0	0	0	0	0	0	0	0	0	0	0	0	1	0	0	0
0	0	0	0	0	0	0	1	0	0	0	0	0	0	0	1	0	0	0
DIFF_EDGE
0 0
CHROM_NUMBER
8
EOF
