TYPE : graph_{count}
DIMENSION: 16
EDGE_DATA_FORMAT: EDGE_LIST
EDGE_WEIGHT_TYPE: EXPLICIT
EDGE_WEIGHT_FORMAT: FULL_MATRIX
EDGE_DATA_SECTION
0 1
0 2
0 3
0 5
0 7
0 9
0 10
0 11
0 15
1 4
1 10
2 4
2 5
2 6
2 7
2 12
3 5
3 8
3 9
3 10
4 5
4 6
4 7
4 11
5 6
6 7
6 11
7 8
7 9
7 11
8 9
8 10
8 15
10 11
11 14
12 13
12 14
-1
EDGE_WEIGHT_SECTION
0	1	1	1	0	1	0	1	0	1	1	1	0	0	0	1
1	0	0	0	1	0	0	0	0	0	1	0	0	0	0	0
1	0	0	0	1	1	1	1	0	0	0	0	1	0	0	0
1	0	0	0	0	1	0	0	1	1	1	0	0	0	0	0
0	1	1	0	0	1	1	1	0	0	0	1	0	0	0	0
1	0	1	1	1	0	1	0	0	0	0	0	0	0	0	0
0	0	1	0	1	1	0	1	0	0	0	1	0	0	0	0
1	0	1	0	1	0	1	0	1	1	0	1	0	0	0	0
0	0	0	1	0	0	0	1	0	1	1	0	0	0	0	1
1	0	0	1	0	0	0	1	1	0	0	0	0	0	0	0
1	1	0	1	0	0	0	0	1	0	0	1	0	0	0	0
1	0	0	0	1	0	1	1	0	0	1	0	0	0	1	0
0	0	1	0	0	0	0	0	0	0	0	0	0	1	1	0
0	0	0	0	0	0	0	0	0	0	0	0	1	0	0	0
0	0	0	0	0	0	0	0	0	0	0	1	1	0	0	0
1	0	0	0	0	0	0	0	1	0	0	0	0	0	0	0
DIFF_EDGE
0 0
CHROM_NUMBER
6
EOF
