TYPE : graph_{count}
DIMENSION: 17
EDGE_DATA_FORMAT: EDGE_LIST
EDGE_WEIGHT_TYPE: EXPLICIT
EDGE_WEIGHT_FORMAT: FULL_MATRIX
EDGE_DATA_SECTION
0 1
0 2
0 5
0 10
0 11
0 13
0 15
1 3
1 4
1 8
1 9
1 15
2 4
2 5
2 6
2 8
2 15
2 16
4 5
4 6
4 8
4 10
4 11
4 15
5 6
5 8
5 9
5 11
5 15
6 7
6 8
6 10
6 12
6 15
7 10
7 11
7 14
8 11
8 14
8 15
9 11
10 11
10 15
11 15
11 16
13 15
-1
EDGE_WEIGHT_SECTION
0	1	1	0	0	1	0	0	0	0	1	1	0	1	0	1	0
1	0	0	1	1	0	0	0	1	1	0	0	0	0	0	1	0
1	0	0	0	1	1	1	0	1	0	0	0	0	0	0	1	1
0	1	0	0	0	0	0	0	0	0	0	0	0	0	0	0	0
0	1	1	0	0	1	1	0	1	0	1	1	0	0	0	1	0
1	0	1	0	1	0	1	0	1	1	0	1	0	0	0	1	0
0	0	1	0	1	1	0	1	1	0	1	0	1	0	0	1	0
0	0	0	0	0	0	1	0	0	0	1	1	0	0	1	0	0
0	1	1	0	1	1	1	0	0	0	0	1	0	0	1	1	0
0	1	0	0	0	1	0	0	0	0	0	1	0	0	0	0	0
1	0	0	0	1	0	1	1	0	0	0	1	0	0	0	1	0
1	0	0	0	1	1	0	1	1	1	1	0	0	0	0	1	1
0	0	0	0	0	0	1	0	0	0	0	0	0	0	0	0	0
1	0	0	0	0	0	0	0	0	0	0	0	0	0	0	1	0
0	0	0	0	0	0	0	1	1	0	0	0	0	0	0	0	0
1	1	1	0	1	1	1	0	1	0	1	1	0	1	0	0	0
0	0	1	0	0	0	0	0	0	0	0	1	0	0	0	0	0
DIFF_EDGE
0 0
CHROM_NUMBER
8
EOF
