TYPE : graph_{count}
DIMENSION: 20
EDGE_DATA_FORMAT: EDGE_LIST
EDGE_WEIGHT_TYPE: EXPLICIT
EDGE_WEIGHT_FORMAT: FULL_MATRIX
EDGE_DATA_SECTION
0 2
0 3
0 7
0 17
0 18
0 19
1 3
1 4
1 6
1 10
1 19
2 3
2 4
2 5
2 6
2 7
2 9
2 10
2 14
2 19
3 8
3 9
3 10
3 13
3 16
4 7
4 8
4 16
4 17
4 19
5 8
5 9
5 10
5 19
6 10
7 8
8 10
8 12
8 19
11 12
12 19
13 15
13 19
14 19
15 19
17 19
-1
EDGE_WEIGHT_SECTION
0	0	1	1	0	0	0	1	0	0	0	0	0	0	0	0	0	1	1	1
0	0	0	1	1	0	1	0	0	0	1	0	0	0	0	0	0	0	0	1
1	0	0	1	1	1	1	1	0	1	1	0	0	0	1	0	0	0	0	1
1	1	1	0	0	0	0	0	1	1	1	0	0	1	0	0	1	0	0	0
0	1	1	0	0	0	0	1	1	0	0	0	0	0	0	0	1	1	0	1
0	0	1	0	0	0	0	0	1	1	1	0	0	0	0	0	0	0	0	1
0	1	1	0	0	0	0	0	0	0	1	0	0	0	0	0	0	0	0	0
1	0	1	0	1	0	0	0	1	0	0	0	0	0	0	0	0	0	0	0
0	0	0	1	1	1	0	1	0	0	1	0	1	0	0	0	0	0	0	1
0	0	1	1	0	1	0	0	0	0	0	0	0	0	0	0	0	0	0	0
0	1	1	1	0	1	1	0	1	0	0	0	0	0	0	0	0	0	0	0
0	0	0	0	0	0	0	0	0	0	0	0	1	0	0	0	0	0	0	0
0	0	0	0	0	0	0	0	1	0	0	1	0	0	0	0	0	0	0	1
0	0	0	1	0	0	0	0	0	0	0	0	0	0	0	1	0	0	0	1
0	0	1	0	0	0	0	0	0	0	0	0	0	0	0	0	0	0	0	1
0	0	0	0	0	0	0	0	0	0	0	0	0	1	0	0	0	0	0	1
0	0	0	1	1	0	0	0	0	0	0	0	0	0	0	0	0	0	0	0
1	0	0	0	1	0	0	0	0	0	0	0	0	0	0	0	0	0	0	1
1	0	0	0	0	0	0	0	0	0	0	0	0	0	0	0	0	0	0	0
1	1	1	0	1	1	0	0	1	0	0	0	1	1	1	1	0	1	0	0
DIFF_EDGE
0 0
CHROM_NUMBER
6
EOF
