TYPE : graph_{count}
DIMENSION: 21
EDGE_DATA_FORMAT: EDGE_LIST
EDGE_WEIGHT_TYPE: EXPLICIT
EDGE_WEIGHT_FORMAT: FULL_MATRIX
EDGE_DATA_SECTION
0 1
0 2
0 5
0 6
0 8
0 10
0 12
0 15
0 16
0 17
0 19
1 2
1 5
1 6
1 7
1 12
1 14
1 17
1 19
2 3
2 5
2 6
2 10
2 12
2 16
2 17
2 19
3 17
4 10
5 11
5 13
5 16
5 17
6 8
7 11
7 17
8 9
8 17
8 19
11 19
12 13
12 16
12 18
12 19
13 17
14 16
14 17
14 19
14 20
16 17
16 19
17 18
17 19
-1
EDGE_WEIGHT_SECTION
0	1	1	0	0	1	1	0	1	0	1	0	1	0	0	1	1	1	0	1	0
1	0	1	0	0	1	1	1	0	0	0	0	1	0	1	0	0	1	0	1	0
1	1	0	1	0	1	1	0	0	0	1	0	1	0	0	0	1	1	0	1	0
0	0	1	0	0	0	0	0	0	0	0	0	0	0	0	0	0	1	0	0	0
0	0	0	0	0	0	0	0	0	0	1	0	0	0	0	0	0	0	0	0	0
1	1	1	0	0	0	0	0	0	0	0	1	0	1	0	0	1	1	0	0	0
1	1	1	0	0	0	0	0	1	0	0	0	0	0	0	0	0	0	0	0	0
0	1	0	0	0	0	0	0	0	0	0	1	0	0	0	0	0	1	0	0	0
1	0	0	0	0	0	1	0	0	1	0	0	0	0	0	0	0	1	0	1	0
0	0	0	0	0	0	0	0	1	0	0	0	0	0	0	0	0	0	0	0	0
1	0	1	0	1	0	0	0	0	0	0	0	0	0	0	0	0	0	0	0	0
0	0	0	0	0	1	0	1	0	0	0	0	0	0	0	0	0	0	0	1	0
1	1	1	0	0	0	0	0	0	0	0	0	1	1	0	0	1	0	1	1	0
0	0	0	0	0	1	0	0	0	0	0	0	1	0	0	0	0	1	0	0	0
0	1	0	0	0	0	0	0	0	0	0	0	0	0	0	0	1	1	0	1	1
1	0	0	0	0	0	0	0	0	0	0	0	0	0	0	0	0	0	0	0	0
1	0	1	0	0	1	0	0	0	0	0	0	1	0	1	0	0	1	0	1	0
1	1	1	1	0	1	0	1	1	0	0	0	0	1	1	0	1	1	1	1	0
0	0	0	0	0	0	0	0	0	0	0	0	1	0	0	0	0	1	0	0	0
1	1	1	0	0	0	0	0	1	0	0	1	1	0	1	0	1	1	0	0	0
0	0	0	0	0	0	0	0	0	0	0	0	0	0	1	0	0	0	0	0	0
DIFF_EDGE
0 0
CHROM_NUMBER
8
EOF
