TYPE : graph_{count}
DIMENSION: 19
EDGE_DATA_FORMAT: EDGE_LIST
EDGE_WEIGHT_TYPE: EXPLICIT
EDGE_WEIGHT_FORMAT: FULL_MATRIX
EDGE_DATA_SECTION
0 2
0 3
0 6
0 8
0 10
0 11
0 12
1 6
1 9
1 11
1 12
1 15
1 16
2 3
2 4
2 5
2 7
2 11
2 12
2 15
2 18
3 4
3 8
3 9
3 12
3 13
3 15
3 18
4 5
4 6
4 7
4 11
4 12
4 15
4 16
5 6
5 8
5 12
5 15
5 17
5 18
6 18
7 9
7 10
7 12
7 15
8 9
8 10
8 12
8 14
9 11
9 12
9 18
10 12
10 15
11 12
11 13
11 15
11 17
11 18
12 15
12 18
15 18
16 18
-1
EDGE_WEIGHT_SECTION
0	0	1	1	0	0	1	0	1	0	1	1	1	0	0	0	0	0	0
0	0	0	0	0	0	1	0	0	1	0	1	1	0	0	1	1	0	0
1	0	0	1	1	1	0	1	0	0	0	1	1	0	0	1	0	0	1
1	0	1	0	1	0	0	0	1	1	0	0	1	1	0	1	0	0	1
0	0	1	1	0	1	1	1	0	0	0	1	1	0	0	1	1	0	0
0	0	1	0	1	0	1	0	1	0	0	0	1	0	0	1	0	1	1
1	1	0	0	1	1	0	0	0	0	0	0	0	0	0	0	0	0	1
0	0	1	0	1	0	0	0	0	1	1	0	1	0	0	1	0	0	0
1	0	0	1	0	1	0	0	0	1	1	0	1	0	1	0	0	0	0
0	1	0	1	0	0	0	1	1	0	0	1	1	0	0	0	0	0	1
1	0	0	0	0	0	0	1	1	0	0	0	1	0	0	1	0	0	0
1	1	1	0	1	0	0	0	0	1	0	0	1	1	0	1	0	1	1
1	1	1	1	1	1	0	1	1	1	1	1	0	0	0	1	0	0	1
0	0	0	1	0	0	0	0	0	0	0	1	0	0	0	0	0	0	0
0	0	0	0	0	0	0	0	1	0	0	0	0	0	0	0	0	0	0
0	1	1	1	1	1	0	1	0	0	1	1	1	0	0	1	0	0	1
0	1	0	0	1	0	0	0	0	0	0	0	0	0	0	0	0	0	1
0	0	0	0	0	1	0	0	0	0	0	1	0	0	0	0	0	0	0
0	0	1	1	0	1	1	0	0	1	0	1	1	0	0	1	1	0	0
DIFF_EDGE
0 0
CHROM_NUMBER
10
EOF
