TYPE : graph_{count}
DIMENSION: 19
EDGE_DATA_FORMAT: EDGE_LIST
EDGE_WEIGHT_TYPE: EXPLICIT
EDGE_WEIGHT_FORMAT: FULL_MATRIX
EDGE_DATA_SECTION
0 4
0 5
0 7
0 8
0 10
0 15
0 17
1 2
1 3
1 6
1 8
1 9
1 12
2 3
3 4
3 8
3 10
4 5
4 6
4 8
4 9
4 15
5 8
5 13
6 8
6 13
6 14
6 15
7 9
7 10
7 11
7 14
8 15
9 16
9 18
10 12
10 18
13 15
15 16
-1
EDGE_WEIGHT_SECTION
0	0	0	0	1	1	0	1	1	0	1	0	0	0	0	1	0	1	0
0	0	1	1	0	0	1	0	1	1	0	0	1	0	0	0	0	0	0
0	1	0	1	0	0	0	0	0	0	0	0	0	0	0	0	0	0	0
0	1	1	0	1	0	0	0	1	0	1	0	0	0	0	0	0	0	0
1	0	0	1	0	1	1	0	1	1	0	0	0	0	0	1	0	0	0
1	0	0	0	1	0	0	0	1	0	0	0	0	1	0	0	0	0	0
0	1	0	0	1	0	0	0	1	0	0	0	0	1	1	1	0	0	0
1	0	0	0	0	0	0	0	0	1	1	1	0	0	1	0	0	0	0
1	1	0	1	1	1	1	0	0	0	0	0	0	0	0	1	0	0	0
0	1	0	0	1	0	0	1	0	0	0	0	0	0	0	0	1	0	1
1	0	0	1	0	0	0	1	0	0	0	0	1	0	0	0	0	0	1
0	0	0	0	0	0	0	1	0	0	0	0	0	0	0	0	0	0	0
0	1	0	0	0	0	0	0	0	0	1	0	0	0	0	0	0	0	0
0	0	0	0	0	1	1	0	0	0	0	0	0	0	0	1	0	0	0
0	0	0	0	0	0	1	1	0	0	0	0	0	0	0	0	0	0	0
1	0	0	0	1	0	1	0	1	0	0	0	0	1	0	0	1	0	0
0	0	0	0	0	0	0	0	0	1	0	0	0	0	0	1	0	0	0
1	0	0	0	0	0	0	0	0	0	0	0	0	0	0	0	0	0	0
0	0	0	0	0	0	0	0	0	1	1	0	0	0	0	0	0	0	0
DIFF_EDGE
0 0
CHROM_NUMBER
6
EOF
