TYPE : graph_{count}
DIMENSION: 19
EDGE_DATA_FORMAT: EDGE_LIST
EDGE_WEIGHT_TYPE: EXPLICIT
EDGE_WEIGHT_FORMAT: FULL_MATRIX
EDGE_DATA_SECTION
0 3
0 6
0 8
0 9
0 10
0 12
0 16
0 18
1 3
1 4
1 6
1 7
1 8
1 10
1 15
1 16
1 18
2 3
2 4
2 7
2 8
2 9
2 18
3 4
3 6
3 10
3 11
3 16
4 10
4 12
4 15
4 18
5 7
5 9
5 15
6 7
6 8
6 13
6 14
6 15
6 18
7 9
7 10
7 15
7 16
7 18
8 9
8 15
8 16
8 17
8 18
9 10
9 14
9 15
9 16
10 18
11 15
11 17
11 18
13 16
13 18
15 16
15 18
16 18
17 18
-1
EDGE_WEIGHT_SECTION
0	0	0	1	0	0	1	0	1	1	1	0	1	0	0	0	1	0	1
0	0	0	1	1	0	1	1	1	0	1	0	0	0	0	1	1	0	1
0	0	0	1	1	0	0	1	1	1	0	0	0	0	0	0	0	0	1
1	1	1	0	1	0	1	0	0	0	1	1	0	0	0	0	1	0	0
0	1	1	1	0	0	0	0	0	0	1	0	1	0	0	1	0	0	1
0	0	0	0	0	0	0	1	0	1	0	0	0	0	0	1	0	0	0
1	1	0	1	0	0	0	1	1	0	0	0	0	1	1	1	0	0	1
0	1	1	0	0	1	1	0	0	1	1	0	0	0	0	1	1	0	1
1	1	1	0	0	0	1	0	0	1	0	0	0	0	0	1	1	1	1
1	0	1	0	0	1	0	1	1	0	1	0	0	0	1	1	1	0	0
1	1	0	1	1	0	0	1	0	1	0	0	0	0	0	0	0	0	1
0	0	0	1	0	0	0	0	0	0	0	0	0	0	0	1	0	1	1
1	0	0	0	1	0	0	0	0	0	0	0	0	0	0	0	0	0	0
0	0	0	0	0	0	1	0	0	0	0	0	0	0	0	0	1	0	1
0	0	0	0	0	0	1	0	0	1	0	0	0	0	0	0	0	0	0
0	1	0	0	1	1	1	1	1	1	0	1	0	0	0	1	1	0	1
1	1	0	1	0	0	0	1	1	1	0	0	0	1	0	1	0	0	1
0	0	0	0	0	0	0	0	1	0	0	1	0	0	0	0	0	0	1
1	1	1	0	1	0	1	1	1	0	1	1	0	1	0	1	1	1	0
DIFF_EDGE
0 0
CHROM_NUMBER
10
EOF
