TYPE : graph_{count}
DIMENSION: 21
EDGE_DATA_FORMAT: EDGE_LIST
EDGE_WEIGHT_TYPE: EXPLICIT
EDGE_WEIGHT_FORMAT: FULL_MATRIX
EDGE_DATA_SECTION
0 4
0 7
0 8
0 9
0 11
0 19
1 2
1 5
1 7
1 8
1 10
1 11
1 17
1 19
2 3
2 4
2 6
2 8
2 10
2 11
2 17
2 19
3 6
3 8
3 9
3 10
3 17
4 5
4 6
4 9
4 10
4 17
4 19
5 6
5 17
5 19
6 10
6 12
6 16
6 19
7 13
8 10
8 11
8 12
8 17
8 18
8 19
9 11
9 19
10 11
10 13
10 17
10 19
11 15
11 17
11 19
12 19
13 14
13 19
14 17
15 16
16 17
17 19
18 19
19 20
-1
EDGE_WEIGHT_SECTION
0	0	0	0	1	0	0	1	1	1	0	1	0	0	0	0	0	0	0	1	0
0	0	1	0	0	1	0	1	1	0	1	1	0	0	0	0	0	1	0	1	0
0	1	0	1	1	0	1	0	1	0	1	1	0	0	0	0	0	1	0	1	0
0	0	1	0	0	0	1	0	1	1	1	0	0	0	0	0	0	1	0	0	0
1	0	1	0	0	1	1	0	0	1	1	0	0	0	0	0	0	1	0	1	0
0	1	0	0	1	0	1	0	0	0	0	0	0	0	0	0	0	1	0	1	0
0	0	1	1	1	1	0	0	0	0	1	0	1	0	0	0	1	0	0	1	0
1	1	0	0	0	0	0	0	0	0	0	0	0	1	0	0	0	0	0	0	0
1	1	1	1	0	0	0	0	0	0	1	1	1	0	0	0	0	1	1	1	0
1	0	0	1	1	0	0	0	0	0	0	1	0	0	0	0	0	0	0	1	0
0	1	1	1	1	0	1	0	1	0	0	1	0	1	0	0	0	1	0	1	0
1	1	1	0	0	0	0	0	1	1	1	1	0	0	0	1	0	1	0	1	0
0	0	0	0	0	0	1	0	1	0	0	0	0	0	0	0	0	0	0	1	0
0	0	0	0	0	0	0	1	0	0	1	0	0	0	1	0	0	0	0	1	0
0	0	0	0	0	0	0	0	0	0	0	0	0	1	0	0	0	1	0	0	0
0	0	0	0	0	0	0	0	0	0	0	1	0	0	0	0	1	0	0	0	0
0	0	0	0	0	0	1	0	0	0	0	0	0	0	0	1	0	1	0	0	0
0	1	1	1	1	1	0	0	1	0	1	1	0	0	1	0	1	0	0	1	0
0	0	0	0	0	0	0	0	1	0	0	0	0	0	0	0	0	0	0	1	0
1	1	1	0	1	1	1	0	1	1	1	1	1	1	0	0	0	1	1	1	1
0	0	0	0	0	0	0	0	0	0	0	0	0	0	0	0	0	0	0	1	0
DIFF_EDGE
0 0
CHROM_NUMBER
9
EOF
