TYPE : graph_{count}
DIMENSION: 19
EDGE_DATA_FORMAT: EDGE_LIST
EDGE_WEIGHT_TYPE: EXPLICIT
EDGE_WEIGHT_FORMAT: FULL_MATRIX
EDGE_DATA_SECTION
0 3
0 4
0 10
0 15
0 16
1 3
1 4
1 5
1 6
1 7
1 11
2 9
3 5
3 8
3 9
3 14
4 5
4 6
4 8
4 10
4 18
5 8
5 12
6 7
6 16
7 10
7 17
8 11
8 13
8 15
9 10
9 17
-1
EDGE_WEIGHT_SECTION
0	0	0	1	1	0	0	0	0	0	1	0	0	0	0	1	1	0	0
0	0	0	1	1	1	1	1	0	0	0	1	0	0	0	0	0	0	0
0	0	0	0	0	0	0	0	0	1	0	0	0	0	0	0	0	0	0
1	1	0	0	0	1	0	0	1	1	0	0	0	0	1	0	0	0	0
1	1	0	0	0	1	1	0	1	0	1	0	0	0	0	0	0	0	1
0	1	0	1	1	0	0	0	1	0	0	0	1	0	0	0	0	0	0
0	1	0	0	1	0	0	1	0	0	0	0	0	0	0	0	1	0	0
0	1	0	0	0	0	1	0	0	0	1	0	0	0	0	0	0	1	0
0	0	0	1	1	1	0	0	0	0	0	1	0	1	0	1	0	0	0
0	0	1	1	0	0	0	0	0	0	1	0	0	0	0	0	0	1	0
1	0	0	0	1	0	0	1	0	1	0	0	0	0	0	0	0	0	0
0	1	0	0	0	0	0	0	1	0	0	0	0	0	0	0	0	0	0
0	0	0	0	0	1	0	0	0	0	0	0	0	0	0	0	0	0	0
0	0	0	0	0	0	0	0	1	0	0	0	0	0	0	0	0	0	0
0	0	0	1	0	0	0	0	0	0	0	0	0	0	0	0	0	0	0
1	0	0	0	0	0	0	0	1	0	0	0	0	0	0	0	0	0	0
1	0	0	0	0	0	1	0	0	0	0	0	0	0	0	0	0	0	0
0	0	0	0	0	0	0	1	0	1	0	0	0	0	0	0	0	0	0
0	0	0	0	1	0	0	0	0	0	0	0	0	0	0	0	0	0	0
DIFF_EDGE
0 0
CHROM_NUMBER
5
EOF
