TYPE : graph_{count}
DIMENSION: 15
EDGE_DATA_FORMAT: EDGE_LIST
EDGE_WEIGHT_TYPE: EXPLICIT
EDGE_WEIGHT_FORMAT: FULL_MATRIX
EDGE_DATA_SECTION
0 1
0 4
0 5
0 6
0 10
0 11
0 13
0 14
1 6
1 9
1 10
1 11
1 13
2 4
2 6
2 8
2 9
2 14
3 4
3 5
3 8
3 9
4 5
4 6
4 9
4 10
4 11
4 13
4 14
5 8
5 9
5 10
5 11
5 13
5 14
6 10
6 13
7 8
8 10
8 11
8 13
9 10
9 13
9 14
10 11
10 13
10 14
11 12
11 14
12 13
13 14
-1
EDGE_WEIGHT_SECTION
0	1	0	0	1	1	1	0	0	0	1	1	0	1	1
1	0	0	0	0	0	1	0	0	1	1	1	0	1	0
0	0	0	0	1	0	1	0	1	1	0	0	0	0	1
0	0	0	0	1	1	0	0	1	1	0	0	0	0	0
1	0	1	1	0	1	1	0	0	1	1	1	0	1	1
1	0	0	1	1	0	0	0	1	1	1	1	0	1	1
1	1	1	0	1	0	0	0	0	0	1	0	0	1	0
0	0	0	0	0	0	0	0	1	0	0	0	0	0	0
0	0	1	1	0	1	0	1	0	0	1	1	0	1	0
0	1	1	1	1	1	0	0	0	0	1	0	0	1	1
1	1	0	0	1	1	1	0	1	1	0	1	0	1	1
1	1	0	0	1	1	0	0	1	0	1	0	1	0	1
0	0	0	0	0	0	0	0	0	0	0	1	0	1	0
1	1	0	0	1	1	1	0	1	1	1	0	1	0	1
1	0	1	0	1	1	0	0	0	1	1	1	0	1	0
DIFF_EDGE
0 0
CHROM_NUMBER
9
EOF
