TYPE : graph_{count}
DIMENSION: 17
EDGE_DATA_FORMAT: EDGE_LIST
EDGE_WEIGHT_TYPE: EXPLICIT
EDGE_WEIGHT_FORMAT: FULL_MATRIX
EDGE_DATA_SECTION
0 2
0 4
0 8
0 11
1 4
1 6
1 8
1 11
2 3
2 5
2 7
2 10
3 4
3 6
3 7
3 12
3 16
4 5
4 7
4 9
4 10
5 7
5 9
6 13
6 14
7 15
9 13
10 16
13 14
-1
EDGE_WEIGHT_SECTION
0	0	1	0	1	0	0	0	1	0	0	1	0	0	0	0	0
0	0	0	0	1	0	1	0	1	0	0	1	0	0	0	0	0
1	0	0	1	0	1	0	1	0	0	1	0	0	0	0	0	0
0	0	1	0	1	0	1	1	0	0	0	0	1	0	0	0	1
1	1	0	1	0	1	0	1	0	1	1	0	0	0	0	0	0
0	0	1	0	1	0	0	1	0	1	0	0	0	0	0	0	0
0	1	0	1	0	0	0	0	0	0	0	0	0	1	1	0	0
0	0	1	1	1	1	0	0	0	0	0	0	0	0	0	1	0
1	1	0	0	0	0	0	0	0	0	0	0	0	0	0	0	0
0	0	0	0	1	1	0	0	0	0	0	0	0	1	0	0	0
0	0	1	0	1	0	0	0	0	0	0	0	0	0	0	0	1
1	1	0	0	0	0	0	0	0	0	0	0	0	0	0	0	0
0	0	0	1	0	0	0	0	0	0	0	0	0	0	0	0	0
0	0	0	0	0	0	1	0	0	1	0	0	0	0	1	0	0
0	0	0	0	0	0	1	0	0	0	0	0	0	1	0	0	0
0	0	0	0	0	0	0	1	0	0	0	0	0	0	0	0	0
0	0	0	1	0	0	0	0	0	0	1	0	0	0	0	0	0
DIFF_EDGE
0 0
CHROM_NUMBER
5
EOF
