TYPE : graph_{count}
DIMENSION: 20
EDGE_DATA_FORMAT: EDGE_LIST
EDGE_WEIGHT_TYPE: EXPLICIT
EDGE_WEIGHT_FORMAT: FULL_MATRIX
EDGE_DATA_SECTION
0 2
0 5
0 6
0 7
0 8
0 10
0 11
0 14
0 15
0 16
0 17
0 19
1 8
1 9
1 10
1 14
1 15
1 16
1 17
1 18
2 4
2 5
2 6
2 13
2 15
2 16
2 17
2 19
3 7
3 9
3 10
3 12
3 14
3 16
4 6
4 9
4 10
4 11
4 14
4 17
4 19
5 8
5 10
5 11
5 16
5 19
6 8
6 10
6 11
6 12
6 14
6 15
6 16
6 17
6 19
7 11
7 16
7 19
8 11
8 14
8 16
8 17
9 10
9 11
9 13
9 14
9 15
9 17
10 11
10 14
10 15
10 16
10 17
10 19
11 14
11 15
11 16
11 17
11 19
12 17
13 14
13 16
13 17
13 19
14 15
14 16
14 17
14 19
15 16
15 17
15 19
16 17
16 19
17 19
18 19
-1
EDGE_WEIGHT_SECTION
0	0	1	0	0	1	1	1	1	0	1	1	0	0	1	1	1	1	0	1
0	0	0	0	0	0	0	0	1	1	1	0	0	0	1	1	1	1	1	0
1	0	0	0	1	1	1	0	0	0	0	0	0	1	0	1	1	1	0	1
0	0	0	0	0	0	0	1	0	1	1	0	1	0	1	0	1	0	0	0
0	0	1	0	0	0	1	0	0	1	1	1	0	0	1	0	0	1	0	1
1	0	1	0	0	0	0	0	1	0	1	1	0	0	0	0	1	0	0	1
1	0	1	0	1	0	0	0	1	0	1	1	1	0	1	1	1	1	0	1
1	0	0	1	0	0	0	0	0	0	0	1	0	0	0	0	1	0	0	1
1	1	0	0	0	1	1	0	0	0	0	1	0	0	1	0	1	1	0	0
0	1	0	1	1	0	0	0	0	0	1	1	0	1	1	1	0	1	0	0
1	1	0	1	1	1	1	0	0	1	0	1	0	0	1	1	1	1	0	1
1	0	0	0	1	1	1	1	1	1	1	1	0	0	1	1	1	1	0	1
0	0	0	1	0	0	1	0	0	0	0	0	0	0	0	0	0	1	0	0
0	0	1	0	0	0	0	0	0	1	0	0	0	0	1	0	1	1	0	1
1	1	0	1	1	0	1	0	1	1	1	1	0	1	0	1	1	1	0	1
1	1	1	0	0	0	1	0	0	1	1	1	0	0	1	0	1	1	0	1
1	1	1	1	0	1	1	1	1	0	1	1	0	1	1	1	0	1	0	1
1	1	1	0	1	0	1	0	1	1	1	1	1	1	1	1	1	0	0	1
0	1	0	0	0	0	0	0	0	0	0	0	0	0	0	0	0	0	0	1
1	0	1	0	1	1	1	1	0	0	1	1	0	1	1	1	1	1	1	0
DIFF_EDGE
0 0
CHROM_NUMBER
12
EOF
