TYPE : graph_{count}
DIMENSION: 19
EDGE_DATA_FORMAT: EDGE_LIST
EDGE_WEIGHT_TYPE: EXPLICIT
EDGE_WEIGHT_FORMAT: FULL_MATRIX
EDGE_DATA_SECTION
0 1
0 5
0 7
0 8
0 9
0 10
0 12
0 16
1 2
1 5
1 7
1 9
1 10
1 12
1 14
1 17
2 4
2 5
2 12
2 16
2 18
3 10
3 12
3 14
3 16
4 7
4 8
4 12
5 7
5 8
5 10
5 12
5 16
6 8
6 11
7 12
7 16
8 10
8 12
8 13
9 10
9 11
9 12
9 16
12 15
12 16
15 16
16 17
-1
EDGE_WEIGHT_SECTION
0	1	0	0	0	1	0	1	1	1	1	0	1	0	0	0	1	0	0
1	0	1	0	0	1	0	1	0	1	1	0	1	0	1	0	0	1	0
0	1	0	0	1	1	0	0	0	0	0	0	1	0	0	0	1	0	1
0	0	0	0	0	0	0	0	0	0	1	0	1	0	1	0	1	0	0
0	0	1	0	0	0	0	1	1	0	0	0	1	0	0	0	0	0	0
1	1	1	0	0	0	0	1	1	0	1	0	1	0	0	0	1	0	0
0	0	0	0	0	0	0	0	1	0	0	1	0	0	0	0	0	0	0
1	1	0	0	1	1	0	0	0	0	0	0	1	0	0	0	1	0	0
1	0	0	0	1	1	1	0	0	0	1	0	1	1	0	0	0	0	0
1	1	0	0	0	0	0	0	0	0	1	1	1	0	0	0	1	0	0
1	1	0	1	0	1	0	0	1	1	0	0	0	0	0	0	0	0	0
0	0	0	0	0	0	1	0	0	1	0	0	0	0	0	0	0	0	0
1	1	1	1	1	1	0	1	1	1	0	0	0	0	0	1	1	0	0
0	0	0	0	0	0	0	0	1	0	0	0	0	0	0	0	0	0	0
0	1	0	1	0	0	0	0	0	0	0	0	0	0	0	0	0	0	0
0	0	0	0	0	0	0	0	0	0	0	0	1	0	0	0	1	0	0
1	0	1	1	0	1	0	1	0	1	0	0	1	0	0	1	0	1	0
0	1	0	0	0	0	0	0	0	0	0	0	0	0	0	0	1	0	0
0	0	1	0	0	0	0	0	0	0	0	0	0	0	0	0	0	0	0
DIFF_EDGE
0 0
CHROM_NUMBER
7
EOF
