TYPE : graph_{count}
DIMENSION: 16
EDGE_DATA_FORMAT: EDGE_LIST
EDGE_WEIGHT_TYPE: EXPLICIT
EDGE_WEIGHT_FORMAT: FULL_MATRIX
EDGE_DATA_SECTION
0 1
0 5
0 6
0 7
0 8
0 15
1 3
1 4
1 7
2 6
2 8
2 10
2 15
3 4
3 6
3 10
3 12
4 6
4 8
4 10
4 15
5 6
5 11
5 12
5 13
6 7
6 8
6 10
6 14
7 8
7 9
7 11
7 15
9 10
11 15
12 13
14 15
-1
EDGE_WEIGHT_SECTION
0	1	0	0	0	1	1	1	1	0	0	0	0	0	0	1
1	0	0	1	1	0	0	1	0	0	0	0	0	0	0	0
0	0	0	0	0	0	1	0	1	0	1	0	0	0	0	1
0	1	0	0	1	0	1	0	0	0	1	0	1	0	0	0
0	1	0	1	0	0	1	0	1	0	1	0	0	0	0	1
1	0	0	0	0	0	1	0	0	0	0	1	1	1	0	0
1	0	1	1	1	1	0	1	1	0	1	0	0	0	1	0
1	1	0	0	0	0	1	0	1	1	0	1	0	0	0	1
1	0	1	0	1	0	1	1	0	0	0	0	0	0	0	0
0	0	0	0	0	0	0	1	0	0	1	0	0	0	0	0
0	0	1	1	1	0	1	0	0	1	0	0	0	0	0	0
0	0	0	0	0	1	0	1	0	0	0	0	0	0	0	1
0	0	0	1	0	1	0	0	0	0	0	0	0	1	0	0
0	0	0	0	0	1	0	0	0	0	0	0	1	0	0	0
0	0	0	0	0	0	1	0	0	0	0	0	0	0	0	1
1	0	1	0	1	0	0	1	0	0	0	1	0	0	1	0
DIFF_EDGE
0 0
CHROM_NUMBER
7
EOF
