TYPE : graph_{count}
DIMENSION: 21
EDGE_DATA_FORMAT: EDGE_LIST
EDGE_WEIGHT_TYPE: EXPLICIT
EDGE_WEIGHT_FORMAT: FULL_MATRIX
EDGE_DATA_SECTION
0 1
0 4
0 6
0 7
0 13
0 18
0 19
0 20
1 2
1 4
1 5
1 7
1 9
1 10
1 12
1 16
1 18
1 20
2 3
2 7
2 9
2 13
2 15
2 16
2 18
3 6
3 8
3 10
3 13
3 15
3 16
3 17
3 19
4 5
4 6
4 10
4 15
4 16
4 18
4 19
4 20
5 7
5 9
5 10
5 11
5 15
5 16
5 18
5 19
6 7
6 8
7 8
7 13
7 16
7 17
7 18
7 20
8 11
8 13
8 15
8 18
8 20
9 10
9 16
9 20
10 13
10 14
10 18
11 13
11 15
11 16
11 20
12 13
12 15
12 16
12 18
12 19
12 20
13 15
13 16
13 18
13 19
13 20
14 15
14 16
14 19
14 20
15 16
15 18
15 19
15 20
16 18
16 19
16 20
17 19
17 20
18 19
18 20
19 20
-1
EDGE_WEIGHT_SECTION
0	1	0	0	1	0	1	1	0	0	0	0	0	1	0	0	0	0	1	1	1
1	0	1	0	1	1	0	1	0	1	1	0	1	0	0	0	1	0	1	0	1
0	1	0	1	0	0	0	1	0	1	0	0	0	1	0	1	1	0	1	0	0
0	0	1	0	0	0	1	0	1	0	1	0	0	1	0	1	1	1	0	1	0
1	1	0	0	0	1	1	0	0	0	1	0	0	0	0	1	1	0	1	1	1
0	1	0	0	1	0	0	1	0	1	1	1	0	0	0	1	1	0	1	1	0
1	0	0	1	1	0	0	1	1	0	0	0	0	0	0	0	0	0	0	0	0
1	1	1	0	0	1	1	0	1	0	0	0	0	1	0	0	1	1	1	0	1
0	0	0	1	0	0	1	1	0	0	0	1	0	1	0	1	0	0	1	0	1
0	1	1	0	0	1	0	0	0	0	1	0	0	0	0	0	1	0	0	0	1
0	1	0	1	1	1	0	0	0	1	0	0	0	1	1	0	0	0	1	0	0
0	0	0	0	0	1	0	0	1	0	0	0	0	1	0	1	1	0	0	0	1
0	1	0	0	0	0	0	0	0	0	0	0	0	1	0	1	1	0	1	1	1
1	0	1	1	0	0	0	1	1	0	1	1	1	1	0	1	1	0	1	1	1
0	0	0	0	0	0	0	0	0	0	1	0	0	0	0	1	1	0	0	1	1
0	0	1	1	1	1	0	0	1	0	0	1	1	1	1	0	1	0	1	1	1
0	1	1	1	1	1	0	1	0	1	0	1	1	1	1	1	0	0	1	1	1
0	0	0	1	0	0	0	1	0	0	0	0	0	0	0	0	0	0	0	1	1
1	1	1	0	1	1	0	1	1	0	1	0	1	1	0	1	1	0	1	1	1
1	0	0	1	1	1	0	0	0	0	0	0	1	1	1	1	1	1	1	0	1
1	1	0	0	1	0	0	1	1	1	0	1	1	1	1	1	1	1	1	1	0
DIFF_EDGE
0 0
CHROM_NUMBER
11
EOF
