TYPE : graph_{count}
DIMENSION: 20
EDGE_DATA_FORMAT: EDGE_LIST
EDGE_WEIGHT_TYPE: EXPLICIT
EDGE_WEIGHT_FORMAT: FULL_MATRIX
EDGE_DATA_SECTION
0 2
0 3
0 5
0 8
0 11
0 12
0 18
1 4
1 7
1 18
1 19
2 6
2 8
2 12
2 18
3 5
3 6
3 10
3 12
4 5
4 9
5 7
5 9
5 14
6 9
7 8
7 10
7 11
7 12
7 15
7 18
8 9
8 10
8 18
9 12
9 15
9 19
10 12
10 17
10 18
11 18
12 14
12 16
12 18
13 16
14 18
15 18
17 18
-1
EDGE_WEIGHT_SECTION
0	0	1	1	0	1	0	0	1	0	0	1	1	0	0	0	0	0	1	0
0	0	0	0	1	0	0	1	0	0	0	0	0	0	0	0	0	0	1	1
1	0	0	0	0	0	1	0	1	0	0	0	1	0	0	0	0	0	1	0
1	0	0	0	0	1	1	0	0	0	1	0	1	0	0	0	0	0	0	0
0	1	0	0	0	1	0	0	0	1	0	0	0	0	0	0	0	0	0	0
1	0	0	1	1	0	0	1	0	1	0	0	0	0	1	0	0	0	0	0
0	0	1	1	0	0	0	0	0	1	0	0	0	0	0	0	0	0	0	0
0	1	0	0	0	1	0	0	1	0	1	1	1	0	0	1	0	0	1	0
1	0	1	0	0	0	0	1	0	1	1	0	0	0	0	0	0	0	1	0
0	0	0	0	1	1	1	0	1	0	0	0	1	0	0	1	0	0	0	1
0	0	0	1	0	0	0	1	1	0	0	0	1	0	0	0	0	1	1	0
1	0	0	0	0	0	0	1	0	0	0	0	0	0	0	0	0	0	1	0
1	0	1	1	0	0	0	1	0	1	1	0	0	0	1	0	1	0	1	0
0	0	0	0	0	0	0	0	0	0	0	0	0	0	0	0	1	0	0	0
0	0	0	0	0	1	0	0	0	0	0	0	1	0	0	0	0	0	1	0
0	0	0	0	0	0	0	1	0	1	0	0	0	0	0	0	0	0	1	0
0	0	0	0	0	0	0	0	0	0	0	0	1	1	0	0	0	0	0	0
0	0	0	0	0	0	0	0	0	0	1	0	0	0	0	0	0	0	1	0
1	1	1	0	0	0	0	1	1	0	1	1	1	0	1	1	0	1	1	0
0	1	0	0	0	0	0	0	0	1	0	0	0	0	0	0	0	0	0	0
DIFF_EDGE
0 0
CHROM_NUMBER
7
EOF
