TYPE : graph_{count}
DIMENSION: 18
EDGE_DATA_FORMAT: EDGE_LIST
EDGE_WEIGHT_TYPE: EXPLICIT
EDGE_WEIGHT_FORMAT: FULL_MATRIX
EDGE_DATA_SECTION
0 1
0 3
0 4
0 6
0 8
0 9
0 10
0 14
1 3
1 4
1 8
1 10
2 4
2 6
2 7
2 9
2 10
2 11
2 15
3 5
3 6
3 9
3 10
3 17
4 5
4 7
4 8
4 10
4 12
4 16
5 7
5 9
5 10
6 7
7 8
7 17
8 15
9 10
9 16
10 13
-1
EDGE_WEIGHT_SECTION
0	1	0	1	1	0	1	0	1	1	1	0	0	0	1	0	0	0
1	0	0	1	1	0	0	0	1	0	1	0	0	0	0	0	0	0
0	0	0	0	1	0	1	1	0	1	1	1	0	0	0	1	0	0
1	1	0	0	0	1	1	0	0	1	1	0	0	0	0	0	0	1
1	1	1	0	0	1	0	1	1	0	1	0	1	0	0	0	1	0
0	0	0	1	1	0	0	1	0	1	1	0	0	0	0	0	0	0
1	0	1	1	0	0	0	1	0	0	0	0	0	0	0	0	0	0
0	0	1	0	1	1	1	0	1	0	0	0	0	0	0	0	0	1
1	1	0	0	1	0	0	1	0	0	0	0	0	0	0	1	0	0
1	0	1	1	0	1	0	0	0	0	1	0	0	0	0	0	1	0
1	1	1	1	1	1	0	0	0	1	0	0	0	1	0	0	0	0
0	0	1	0	0	0	0	0	0	0	0	0	0	0	0	0	0	0
0	0	0	0	1	0	0	0	0	0	0	0	0	0	0	0	0	0
0	0	0	0	0	0	0	0	0	0	1	0	0	0	0	0	0	0
1	0	0	0	0	0	0	0	0	0	0	0	0	0	0	0	0	0
0	0	1	0	0	0	0	0	1	0	0	0	0	0	0	0	0	0
0	0	0	0	1	0	0	0	0	1	0	0	0	0	0	0	0	0
0	0	0	1	0	0	0	1	0	0	0	0	0	0	0	0	0	0
DIFF_EDGE
0 0
CHROM_NUMBER
7
EOF
