TYPE : graph_{count}
DIMENSION: 16
EDGE_DATA_FORMAT: EDGE_LIST
EDGE_WEIGHT_TYPE: EXPLICIT
EDGE_WEIGHT_FORMAT: FULL_MATRIX
EDGE_DATA_SECTION
0 1
0 8
0 10
1 8
1 9
1 10
1 13
2 3
2 4
2 5
2 6
2 9
2 12
2 14
3 5
3 7
3 12
4 8
4 10
4 11
4 14
5 6
5 8
5 11
5 12
5 13
5 15
6 7
6 8
6 12
6 14
7 9
7 10
7 14
7 15
8 9
8 14
9 12
9 14
10 12
12 14
13 14
-1
EDGE_WEIGHT_SECTION
0	1	0	0	0	0	0	0	1	0	1	0	0	0	0	0
1	0	0	0	0	0	0	0	1	1	1	0	0	1	0	0
0	0	0	1	1	1	1	0	0	1	0	0	1	0	1	0
0	0	1	0	0	1	0	1	0	0	0	0	1	0	0	0
0	0	1	0	0	0	0	0	1	0	1	1	0	0	1	0
0	0	1	1	0	0	1	0	1	0	0	1	1	1	0	1
0	0	1	0	0	1	0	1	1	0	0	0	1	0	1	0
0	0	0	1	0	0	1	0	0	1	1	0	0	0	1	1
1	1	0	0	1	1	1	0	0	1	0	0	0	0	1	0
0	1	1	0	0	0	0	1	1	0	0	0	1	0	1	0
1	1	0	0	1	0	0	1	0	0	0	0	1	0	0	0
0	0	0	0	1	1	0	0	0	0	0	0	0	0	0	0
0	0	1	1	0	1	1	0	0	1	1	0	1	0	1	0
0	1	0	0	0	1	0	0	0	0	0	0	0	0	1	0
0	0	1	0	1	0	1	1	1	1	0	0	1	1	0	0
0	0	0	0	0	1	0	1	0	0	0	0	0	0	0	0
DIFF_EDGE
0 0
CHROM_NUMBER
8
EOF
