TYPE : graph_{count}
DIMENSION: 18
EDGE_DATA_FORMAT: EDGE_LIST
EDGE_WEIGHT_TYPE: EXPLICIT
EDGE_WEIGHT_FORMAT: FULL_MATRIX
EDGE_DATA_SECTION
0 1
0 2
0 7
0 11
0 14
1 3
1 5
1 7
1 8
1 9
1 11
1 15
1 16
1 17
2 4
2 5
2 7
2 10
2 11
2 12
2 15
4 5
4 9
4 11
4 14
4 15
4 16
5 6
5 7
5 8
5 11
5 14
5 15
5 16
6 7
6 9
6 10
6 14
7 8
7 9
7 11
7 14
7 15
7 16
8 11
8 14
9 11
9 13
9 14
9 16
11 14
11 15
11 16
12 14
12 15
12 16
13 14
13 15
14 15
14 16
15 16
-1
EDGE_WEIGHT_SECTION
0	1	1	0	0	0	0	1	0	0	0	1	0	0	1	0	0	0
1	0	0	1	0	1	0	1	1	1	0	1	0	0	0	1	1	1
1	0	0	0	1	1	0	1	0	0	1	1	1	0	0	1	0	0
0	1	0	0	0	0	0	0	0	0	0	0	0	0	0	0	0	0
0	0	1	0	0	1	0	0	0	1	0	1	0	0	1	1	1	0
0	1	1	0	1	0	1	1	1	0	0	1	0	0	1	1	1	0
0	0	0	0	0	1	0	1	0	1	1	0	0	0	1	0	0	0
1	1	1	0	0	1	1	0	1	1	0	1	0	0	1	1	1	0
0	1	0	0	0	1	0	1	0	0	0	1	0	0	1	0	0	0
0	1	0	0	1	0	1	1	0	0	0	1	0	1	1	0	1	0
0	0	1	0	0	0	1	0	0	0	0	0	0	0	0	0	0	0
1	1	1	0	1	1	0	1	1	1	0	1	0	0	1	1	1	0
0	0	1	0	0	0	0	0	0	0	0	0	0	0	1	1	1	0
0	0	0	0	0	0	0	0	0	1	0	0	0	0	1	1	0	0
1	0	0	0	1	1	1	1	1	1	0	1	1	1	0	1	1	0
0	1	1	0	1	1	0	1	0	0	0	1	1	1	1	1	1	0
0	1	0	0	1	1	0	1	0	1	0	1	1	0	1	1	1	0
0	1	0	0	0	0	0	0	0	0	0	0	0	0	0	0	0	0
DIFF_EDGE
0 0
CHROM_NUMBER
9
EOF
