TYPE : graph_{count}
DIMENSION: 18
EDGE_DATA_FORMAT: EDGE_LIST
EDGE_WEIGHT_TYPE: EXPLICIT
EDGE_WEIGHT_FORMAT: FULL_MATRIX
EDGE_DATA_SECTION
0 1
0 2
0 4
0 6
0 7
0 8
0 9
0 12
0 17
1 2
1 3
1 4
1 6
1 8
1 9
1 10
1 12
1 17
2 3
2 4
2 6
2 10
2 12
2 17
3 6
3 7
4 6
4 7
4 13
4 16
5 15
6 8
6 11
6 12
6 17
7 10
7 12
7 17
8 9
8 15
9 10
9 12
9 16
10 11
10 12
10 17
12 13
12 14
13 17
14 17
16 17
-1
EDGE_WEIGHT_SECTION
0	1	1	0	1	0	1	1	1	1	0	0	1	0	0	0	0	1
1	0	1	1	1	0	1	0	1	1	1	0	1	0	0	0	0	1
1	1	0	1	1	0	1	0	0	0	1	0	1	0	0	0	0	1
0	1	1	0	0	0	1	1	0	0	0	0	0	0	0	0	0	0
1	1	1	0	0	0	1	1	0	0	0	0	0	1	0	0	1	0
0	0	0	0	0	0	0	0	0	0	0	0	0	0	0	1	0	0
1	1	1	1	1	0	0	0	1	0	0	1	1	0	0	0	0	1
1	0	0	1	1	0	0	0	0	0	1	0	1	0	0	0	0	1
1	1	0	0	0	0	1	0	0	1	0	0	0	0	0	1	0	0
1	1	0	0	0	0	0	0	1	0	1	0	1	0	0	0	1	0
0	1	1	0	0	0	0	1	0	1	0	1	1	0	0	0	0	1
0	0	0	0	0	0	1	0	0	0	1	0	0	0	0	0	0	0
1	1	1	0	0	0	1	1	0	1	1	0	0	1	1	0	0	0
0	0	0	0	1	0	0	0	0	0	0	0	1	0	0	0	0	1
0	0	0	0	0	0	0	0	0	0	0	0	1	0	0	0	0	1
0	0	0	0	0	1	0	0	1	0	0	0	0	0	0	0	0	0
0	0	0	0	1	0	0	0	0	1	0	0	0	0	0	0	0	1
1	1	1	0	0	0	1	1	0	0	1	0	0	1	1	0	1	0
DIFF_EDGE
0 0
CHROM_NUMBER
9
EOF
