TYPE : graph_{count}
DIMENSION: 17
EDGE_DATA_FORMAT: EDGE_LIST
EDGE_WEIGHT_TYPE: EXPLICIT
EDGE_WEIGHT_FORMAT: FULL_MATRIX
EDGE_DATA_SECTION
0 6
0 7
0 8
0 10
0 12
0 14
0 16
1 2
1 4
1 5
1 6
1 7
1 8
1 10
1 12
1 14
1 16
2 3
2 4
2 5
2 8
2 10
2 11
2 14
2 16
3 4
3 5
3 7
3 9
3 16
4 5
4 6
4 9
4 12
5 6
5 8
5 10
5 12
5 14
5 16
6 10
6 13
6 14
6 16
7 9
7 10
7 12
7 14
7 16
8 9
9 16
10 12
10 14
10 16
11 12
11 15
11 16
12 14
12 16
14 16
-1
EDGE_WEIGHT_SECTION
0	0	0	0	0	0	1	1	1	0	1	0	1	0	1	0	1
0	0	1	0	1	1	1	1	1	0	1	0	1	0	1	0	1
0	1	0	1	1	1	0	0	1	0	1	1	0	0	1	0	1
0	0	1	0	1	1	0	1	0	1	0	0	0	0	0	0	1
0	1	1	1	0	1	1	0	0	1	0	0	1	0	0	0	0
0	1	1	1	1	0	1	0	1	0	1	0	1	0	1	0	1
1	1	0	0	1	1	0	0	0	0	1	0	0	1	1	0	1
1	1	0	1	0	0	0	0	0	1	1	0	1	0	1	0	1
1	1	1	0	0	1	0	0	0	1	0	0	0	0	0	0	0
0	0	0	1	1	0	0	1	1	0	0	0	0	0	0	0	1
1	1	1	0	0	1	1	1	0	0	0	0	1	0	1	0	1
0	0	1	0	0	0	0	0	0	0	0	0	1	0	0	1	1
1	1	0	0	1	1	0	1	0	0	1	1	0	0	1	0	1
0	0	0	0	0	0	1	0	0	0	0	0	0	0	0	0	0
1	1	1	0	0	1	1	1	0	0	1	0	1	0	0	0	1
0	0	0	0	0	0	0	0	0	0	0	1	0	0	0	0	0
1	1	1	1	0	1	1	1	0	1	1	1	1	0	1	0	1
DIFF_EDGE
0 0
CHROM_NUMBER
10
EOF
