TYPE : graph_{count}
DIMENSION: 18
EDGE_DATA_FORMAT: EDGE_LIST
EDGE_WEIGHT_TYPE: EXPLICIT
EDGE_WEIGHT_FORMAT: FULL_MATRIX
EDGE_DATA_SECTION
0 2
0 6
0 8
0 10
0 12
0 15
1 2
1 3
1 4
1 5
2 3
2 6
2 7
2 8
2 9
2 10
2 12
2 13
2 15
3 4
3 9
3 10
4 5
4 7
4 10
4 13
4 15
5 6
5 8
5 9
5 12
5 16
6 8
6 9
7 9
8 9
8 10
8 12
8 15
9 10
9 11
10 12
10 15
11 12
11 14
11 15
12 15
13 15
15 17
-1
EDGE_WEIGHT_SECTION
0	0	1	0	0	0	1	0	1	0	1	0	1	0	0	1	0	0
0	0	1	1	1	1	0	0	0	0	0	0	0	0	0	0	0	0
1	1	0	1	0	0	1	1	1	1	1	0	1	1	0	1	0	0
0	1	1	0	1	0	0	0	0	1	1	0	0	0	0	0	0	0
0	1	0	1	0	1	0	1	0	0	1	0	0	1	0	1	0	0
0	1	0	0	1	0	1	0	1	1	0	0	1	0	0	0	1	0
1	0	1	0	0	1	0	0	1	1	0	0	0	0	0	0	0	0
0	0	1	0	1	0	0	0	0	1	0	0	0	0	0	0	0	0
1	0	1	0	0	1	1	0	0	1	1	0	1	0	0	1	0	0
0	0	1	1	0	1	1	1	1	0	1	1	0	0	0	0	0	0
1	0	1	1	1	0	0	0	1	1	0	0	1	0	0	1	0	0
0	0	0	0	0	0	0	0	0	1	0	0	1	0	1	1	0	0
1	0	1	0	0	1	0	0	1	0	1	1	1	0	0	1	0	0
0	0	1	0	1	0	0	0	0	0	0	0	0	0	0	1	0	0
0	0	0	0	0	0	0	0	0	0	0	1	0	0	0	0	0	0
1	0	1	0	1	0	0	0	1	0	1	1	1	1	0	0	0	1
0	0	0	0	0	1	0	0	0	0	0	0	0	0	0	0	0	0
0	0	0	0	0	0	0	0	0	0	0	0	0	0	0	1	0	0
DIFF_EDGE
0 0
CHROM_NUMBER
8
EOF
