TYPE : graph_{count}
DIMENSION: 17
EDGE_DATA_FORMAT: EDGE_LIST
EDGE_WEIGHT_TYPE: EXPLICIT
EDGE_WEIGHT_FORMAT: FULL_MATRIX
EDGE_DATA_SECTION
0 2
0 5
0 6
0 10
0 11
0 14
1 2
1 6
1 7
1 9
1 10
1 12
1 13
1 14
2 3
2 4
2 5
2 6
2 10
2 13
2 15
3 6
3 7
3 8
3 9
3 13
3 14
4 7
4 8
4 9
4 14
5 7
5 9
5 10
5 14
6 8
6 9
6 13
6 14
6 15
7 9
7 15
7 16
8 9
8 12
8 13
8 14
8 15
9 10
9 11
9 14
10 16
11 13
11 14
11 15
12 14
12 15
13 14
13 15
14 15
-1
EDGE_WEIGHT_SECTION
0	0	1	0	0	1	1	0	0	0	1	1	0	0	1	0	0
0	0	1	0	0	0	1	1	0	1	1	0	1	1	1	0	0
1	1	0	1	1	1	1	0	0	0	1	0	0	1	0	1	0
0	0	1	0	0	0	1	1	1	1	0	0	0	1	1	0	0
0	0	1	0	0	0	0	1	1	1	0	0	0	0	1	0	0
1	0	1	0	0	0	0	1	0	1	1	0	0	0	1	0	0
1	1	1	1	0	0	0	0	1	1	0	0	0	1	1	1	0
0	1	0	1	1	1	0	0	0	1	0	0	0	0	0	1	1
0	0	0	1	1	0	1	0	0	1	0	0	1	1	1	1	0
0	1	0	1	1	1	1	1	1	0	1	1	0	0	1	0	0
1	1	1	0	0	1	0	0	0	1	0	0	0	0	0	0	1
1	0	0	0	0	0	0	0	0	1	0	0	0	1	1	1	0
0	1	0	0	0	0	0	0	1	0	0	0	0	0	1	1	0
0	1	1	1	0	0	1	0	1	0	0	1	0	1	1	1	0
1	1	0	1	1	1	1	0	1	1	0	1	1	1	0	1	0
0	0	1	0	0	0	1	1	1	0	0	1	1	1	1	0	0
0	0	0	0	0	0	0	1	0	0	1	0	0	0	0	0	0
DIFF_EDGE
0 0
CHROM_NUMBER
9
EOF
