TYPE : graph_{count}
DIMENSION: 21
EDGE_DATA_FORMAT: EDGE_LIST
EDGE_WEIGHT_TYPE: EXPLICIT
EDGE_WEIGHT_FORMAT: FULL_MATRIX
EDGE_DATA_SECTION
0 2
0 3
0 4
0 5
0 6
0 7
0 9
0 10
0 11
0 16
1 2
1 3
1 5
1 6
1 8
1 9
1 10
1 11
2 3
2 5
2 6
2 8
2 11
2 13
3 4
3 5
3 6
3 7
3 11
3 15
3 17
4 5
4 7
4 9
4 11
4 13
4 17
4 18
4 20
5 6
5 10
5 17
5 19
6 8
6 11
6 12
7 8
7 9
8 10
9 10
9 17
10 12
10 18
11 17
11 19
12 17
13 17
14 16
14 17
16 17
-1
EDGE_WEIGHT_SECTION
0	0	1	1	1	1	1	1	0	1	1	1	0	0	0	0	1	0	0	0	0
0	0	1	1	0	1	1	0	1	1	1	1	0	0	0	0	0	0	0	0	0
1	1	0	1	0	1	1	0	1	0	0	1	0	1	0	0	0	0	0	0	0
1	1	1	0	1	1	1	1	0	0	0	1	0	0	0	1	0	1	0	0	0
1	0	0	1	0	1	0	1	0	1	0	1	0	1	0	0	0	1	1	0	1
1	1	1	1	1	0	1	0	0	0	1	0	0	0	0	0	0	1	0	1	0
1	1	1	1	0	1	0	0	1	0	0	1	1	0	0	0	0	0	0	0	0
1	0	0	1	1	0	0	0	1	1	0	0	0	0	0	0	0	0	0	0	0
0	1	1	0	0	0	1	1	0	0	1	0	0	0	0	0	0	0	0	0	0
1	1	0	0	1	0	0	1	0	0	1	0	0	0	0	0	0	1	0	0	0
1	1	0	0	0	1	0	0	1	1	0	0	1	0	0	0	0	0	1	0	0
1	1	1	1	1	0	1	0	0	0	0	0	0	0	0	0	0	1	0	1	0
0	0	0	0	0	0	1	0	0	0	1	0	0	0	0	0	0	1	0	0	0
0	0	1	0	1	0	0	0	0	0	0	0	0	0	0	0	0	1	0	0	0
0	0	0	0	0	0	0	0	0	0	0	0	0	0	0	0	1	1	0	0	0
0	0	0	1	0	0	0	0	0	0	0	0	0	0	0	0	0	0	0	0	0
1	0	0	0	0	0	0	0	0	0	0	0	0	0	1	0	0	1	0	0	0
0	0	0	1	1	1	0	0	0	1	0	1	1	1	1	0	1	0	0	0	0
0	0	0	0	1	0	0	0	0	0	1	0	0	0	0	0	0	0	0	0	0
0	0	0	0	0	1	0	0	0	0	0	1	0	0	0	0	0	0	0	0	0
0	0	0	0	1	0	0	0	0	0	0	0	0	0	0	0	0	0	0	0	0
DIFF_EDGE
0 0
CHROM_NUMBER
9
EOF
