TYPE : graph_{count}
DIMENSION: 18
EDGE_DATA_FORMAT: EDGE_LIST
EDGE_WEIGHT_TYPE: EXPLICIT
EDGE_WEIGHT_FORMAT: FULL_MATRIX
EDGE_DATA_SECTION
0 2
0 3
0 5
0 7
0 8
0 9
0 10
0 12
0 13
0 14
0 16
1 2
1 3
1 9
1 12
2 5
2 9
2 10
2 12
2 13
2 14
3 4
3 5
3 9
4 5
4 8
4 9
4 12
5 7
5 8
5 12
5 13
5 14
6 9
6 10
6 11
6 13
6 14
7 9
7 11
7 12
7 17
8 9
8 15
9 10
9 12
9 13
9 14
10 12
10 13
10 14
10 17
11 13
12 13
12 14
13 14
14 15
-1
EDGE_WEIGHT_SECTION
0	0	1	1	0	1	0	1	1	1	1	0	1	1	1	0	1	0
0	0	1	1	0	0	0	0	0	1	0	0	1	0	0	0	0	0
1	1	0	0	0	1	0	0	0	1	1	0	1	1	1	0	0	0
1	1	0	0	1	1	0	0	0	1	0	0	0	0	0	0	0	0
0	0	0	1	0	1	0	0	1	1	0	0	1	0	0	0	0	0
1	0	1	1	1	0	0	1	1	0	0	0	1	1	1	0	0	0
0	0	0	0	0	0	0	0	0	1	1	1	0	1	1	0	0	0
1	0	0	0	0	1	0	0	0	1	0	1	1	0	0	0	0	1
1	0	0	0	1	1	0	0	0	1	0	0	0	0	0	1	0	0
1	1	1	1	1	0	1	1	1	0	1	0	1	1	1	0	0	0
1	0	1	0	0	0	1	0	0	1	0	0	1	1	1	0	0	1
0	0	0	0	0	0	1	1	0	0	0	0	0	1	0	0	0	0
1	1	1	0	1	1	0	1	0	1	1	0	1	1	1	0	0	0
1	0	1	0	0	1	1	0	0	1	1	1	1	0	1	0	0	0
1	0	1	0	0	1	1	0	0	1	1	0	1	1	1	1	0	0
0	0	0	0	0	0	0	0	1	0	0	0	0	0	1	0	0	0
1	0	0	0	0	0	0	0	0	0	0	0	0	0	0	0	0	0
0	0	0	0	0	0	0	1	0	0	1	0	0	0	0	0	0	0
DIFF_EDGE
0 0
CHROM_NUMBER
8
EOF
