TYPE : graph_{count}
DIMENSION: 17
EDGE_DATA_FORMAT: EDGE_LIST
EDGE_WEIGHT_TYPE: EXPLICIT
EDGE_WEIGHT_FORMAT: FULL_MATRIX
EDGE_DATA_SECTION
0 1
0 2
0 4
0 9
0 10
1 4
1 7
1 14
2 3
2 4
2 5
2 6
2 8
2 9
2 10
2 11
2 14
2 16
3 6
3 7
3 8
3 9
3 11
3 15
4 6
4 9
5 6
5 8
5 9
6 7
6 8
6 9
6 11
6 14
6 16
7 8
7 9
7 10
7 11
7 12
7 16
8 9
8 11
8 14
8 16
9 11
9 14
9 16
10 14
11 14
11 16
12 13
12 16
13 14
14 15
14 16
15 16
-1
EDGE_WEIGHT_SECTION
0	1	1	0	1	0	0	0	0	1	1	0	0	0	0	0	0
1	0	0	0	1	0	0	1	0	0	0	0	0	0	1	0	0
1	0	0	1	1	1	1	0	1	1	1	1	0	0	1	0	1
0	0	1	0	0	0	1	1	1	1	0	1	0	0	0	1	0
1	1	1	0	0	0	1	0	0	1	0	0	0	0	0	0	0
0	0	1	0	0	0	1	0	1	1	0	0	0	0	0	0	0
0	0	1	1	1	1	0	1	1	1	0	1	0	0	1	0	1
0	1	0	1	0	0	1	0	1	1	1	1	1	0	0	0	1
0	0	1	1	0	1	1	1	0	1	0	1	0	0	1	0	1
1	0	1	1	1	1	1	1	1	0	0	1	0	0	1	0	1
1	0	1	0	0	0	0	1	0	0	0	0	0	0	1	0	0
0	0	1	1	0	0	1	1	1	1	0	0	0	0	1	0	1
0	0	0	0	0	0	0	1	0	0	0	0	0	1	0	0	1
0	0	0	0	0	0	0	0	0	0	0	0	1	0	1	0	0
0	1	1	0	0	0	1	0	1	1	1	1	0	1	1	1	1
0	0	0	1	0	0	0	0	0	0	0	0	0	0	1	0	1
0	0	1	0	0	0	1	1	1	1	0	1	1	0	1	1	1
DIFF_EDGE
0 0
CHROM_NUMBER
9
EOF
