TYPE : graph_{count}
DIMENSION: 16
EDGE_DATA_FORMAT: EDGE_LIST
EDGE_WEIGHT_TYPE: EXPLICIT
EDGE_WEIGHT_FORMAT: FULL_MATRIX
EDGE_DATA_SECTION
0 1
0 4
0 6
0 12
1 2
1 3
1 5
1 7
1 8
1 11
1 14
2 3
2 5
2 6
2 8
2 11
3 5
3 7
3 10
3 11
3 13
4 6
4 8
4 9
4 10
4 13
5 6
5 10
5 11
6 8
6 10
6 11
6 14
7 9
8 9
8 10
8 12
10 11
14 15
-1
EDGE_WEIGHT_SECTION
0	1	0	0	1	0	1	0	0	0	0	0	1	0	0	0
1	0	1	1	0	1	0	1	1	0	0	1	0	0	1	0
0	1	0	1	0	1	1	0	1	0	0	1	0	0	0	0
0	1	1	0	0	1	0	1	0	0	1	1	0	1	0	0
1	0	0	0	0	0	1	0	1	1	1	0	0	1	0	0
0	1	1	1	0	0	1	0	0	0	1	1	0	0	0	0
1	0	1	0	1	1	0	0	1	0	1	1	0	0	1	0
0	1	0	1	0	0	0	0	0	1	0	0	0	0	0	0
0	1	1	0	1	0	1	0	0	1	1	0	1	0	0	0
0	0	0	0	1	0	0	1	1	0	0	0	0	0	0	0
0	0	0	1	1	1	1	0	1	0	0	1	0	0	0	0
0	1	1	1	0	1	1	0	0	0	1	0	0	0	0	0
1	0	0	0	0	0	0	0	1	0	0	0	0	0	0	0
0	0	0	1	1	0	0	0	0	0	0	0	0	0	0	0
0	1	0	0	0	0	1	0	0	0	0	0	0	0	0	1
0	0	0	0	0	0	0	0	0	0	0	0	0	0	1	0
DIFF_EDGE
0 0
CHROM_NUMBER
7
EOF
