TYPE : graph_{count}
DIMENSION: 20
EDGE_DATA_FORMAT: EDGE_LIST
EDGE_WEIGHT_TYPE: EXPLICIT
EDGE_WEIGHT_FORMAT: FULL_MATRIX
EDGE_DATA_SECTION
0 1
0 3
0 5
0 6
0 8
0 9
0 10
0 13
0 15
0 16
0 18
1 2
1 4
1 7
1 8
1 10
1 11
1 13
1 16
2 4
2 6
2 8
2 9
2 15
2 16
2 18
3 5
3 6
3 7
3 8
3 13
3 18
4 5
4 6
4 7
4 9
4 10
4 15
4 16
5 9
5 13
5 15
5 18
6 10
6 13
6 15
6 16
6 18
8 10
8 13
8 15
8 16
8 18
10 12
10 15
10 18
11 15
11 18
12 13
12 16
13 14
13 15
13 16
13 17
15 16
15 18
16 18
17 18
18 19
-1
EDGE_WEIGHT_SECTION
0	1	0	1	0	1	1	0	1	1	1	0	0	1	0	1	1	0	1	0
1	0	1	0	1	0	0	1	1	0	1	1	0	1	0	0	1	0	0	0
0	1	0	0	1	0	1	0	1	1	0	0	0	0	0	1	1	0	1	0
1	0	0	0	0	1	1	1	1	0	0	0	0	1	0	0	0	0	1	0
0	1	1	0	0	1	1	1	0	1	1	0	0	0	0	1	1	0	0	0
1	0	0	1	1	0	0	0	0	1	0	0	0	1	0	1	0	0	1	0
1	0	1	1	1	0	0	0	0	0	1	0	0	1	0	1	1	0	1	0
0	1	0	1	1	0	0	0	0	0	0	0	0	0	0	0	0	0	0	0
1	1	1	1	0	0	0	0	0	0	1	0	0	1	0	1	1	0	1	0
1	0	1	0	1	1	0	0	0	0	0	0	0	0	0	0	0	0	0	0
1	1	0	0	1	0	1	0	1	0	0	0	1	0	0	1	0	0	1	0
0	1	0	0	0	0	0	0	0	0	0	0	0	0	0	1	0	0	1	0
0	0	0	0	0	0	0	0	0	0	1	0	0	1	0	0	1	0	0	0
1	1	0	1	0	1	1	0	1	0	0	0	1	0	1	1	1	1	0	0
0	0	0	0	0	0	0	0	0	0	0	0	0	1	0	0	0	0	0	0
1	0	1	0	1	1	1	0	1	0	1	1	0	1	0	0	1	0	1	0
1	1	1	0	1	0	1	0	1	0	0	0	1	1	0	1	1	0	1	0
0	0	0	0	0	0	0	0	0	0	0	0	0	1	0	0	0	0	1	0
1	0	1	1	0	1	1	0	1	0	1	1	0	0	0	1	1	1	0	1
0	0	0	0	0	0	0	0	0	0	0	0	0	0	0	0	0	0	1	0
DIFF_EDGE
0 0
CHROM_NUMBER
10
EOF
