TYPE : graph_{count}
DIMENSION: 20
EDGE_DATA_FORMAT: EDGE_LIST
EDGE_WEIGHT_TYPE: EXPLICIT
EDGE_WEIGHT_FORMAT: FULL_MATRIX
EDGE_DATA_SECTION
0 1
0 4
0 5
0 7
0 8
0 10
0 11
0 12
0 19
1 2
1 5
1 6
1 7
1 13
1 17
2 4
2 7
2 10
2 16
2 17
2 19
3 5
3 7
3 13
3 17
4 5
4 6
4 7
4 14
5 10
5 14
5 17
6 10
6 17
7 14
8 17
10 17
11 14
11 17
13 14
13 18
14 15
14 16
15 17
16 17
17 18
-1
EDGE_WEIGHT_SECTION
0	1	0	0	1	1	0	1	1	0	1	1	1	0	0	0	0	0	0	1
1	0	1	0	0	1	1	1	0	0	0	0	0	1	0	0	0	1	0	0
0	1	0	0	1	0	0	1	0	0	1	0	0	0	0	0	1	1	0	1
0	0	0	0	0	1	0	1	0	0	0	0	0	1	0	0	0	1	0	0
1	0	1	0	0	1	1	1	0	0	0	0	0	0	1	0	0	0	0	0
1	1	0	1	1	0	0	0	0	0	1	0	0	0	1	0	0	1	0	0
0	1	0	0	1	0	0	0	0	0	1	0	0	0	0	0	0	1	0	0
1	1	1	1	1	0	0	0	0	0	0	0	0	0	1	0	0	0	0	0
1	0	0	0	0	0	0	0	0	0	0	0	0	0	0	0	0	1	0	0
0	0	0	0	0	0	0	0	0	0	0	0	0	0	0	0	0	0	0	0
1	0	1	0	0	1	1	0	0	0	0	0	0	0	0	0	0	1	0	0
1	0	0	0	0	0	0	0	0	0	0	0	0	0	1	0	0	1	0	0
1	0	0	0	0	0	0	0	0	0	0	0	0	0	0	0	0	0	0	0
0	1	0	1	0	0	0	0	0	0	0	0	0	0	1	0	0	0	1	0
0	0	0	0	1	1	0	1	0	0	0	1	0	1	0	1	1	0	0	0
0	0	0	0	0	0	0	0	0	0	0	0	0	0	1	0	0	1	0	0
0	0	1	0	0	0	0	0	0	0	0	0	0	0	1	0	0	1	0	0
0	1	1	1	0	1	1	0	1	0	1	1	0	0	0	1	1	1	1	0
0	0	0	0	0	0	0	0	0	0	0	0	0	1	0	0	0	1	0	0
1	0	1	0	0	0	0	0	0	0	0	0	0	0	0	0	0	0	0	0
DIFF_EDGE
0 0
CHROM_NUMBER
8
EOF
