TYPE : graph_{count}
DIMENSION: 15
EDGE_DATA_FORMAT: EDGE_LIST
EDGE_WEIGHT_TYPE: EXPLICIT
EDGE_WEIGHT_FORMAT: FULL_MATRIX
EDGE_DATA_SECTION
0 3
0 4
0 5
0 7
0 10
0 11
1 2
1 3
1 4
1 5
1 6
1 9
1 11
1 12
2 4
2 6
2 8
2 11
2 12
3 4
3 7
3 8
3 9
3 11
3 12
4 6
4 8
4 9
4 11
4 12
5 6
5 7
5 8
5 9
5 10
5 12
6 7
6 8
6 14
7 8
8 9
8 10
8 11
9 11
9 12
10 12
11 12
11 13
11 14
-1
EDGE_WEIGHT_SECTION
0	0	0	1	1	1	0	1	0	0	1	1	0	0	0
0	0	1	1	1	1	1	0	0	1	0	1	1	0	0
0	1	0	0	1	0	1	0	1	0	0	1	1	0	0
1	1	0	0	1	0	0	1	1	1	0	1	1	0	0
1	1	1	1	0	0	1	0	1	1	0	1	1	0	0
1	1	0	0	0	0	1	1	1	1	1	0	1	0	0
0	1	1	0	1	1	0	1	1	0	0	0	0	0	1
1	0	0	1	0	1	1	0	1	0	0	0	0	0	0
0	0	1	1	1	1	1	1	0	1	1	1	0	0	0
0	1	0	1	1	1	0	0	1	0	0	1	1	0	0
1	0	0	0	0	1	0	0	1	0	0	0	1	0	0
1	1	1	1	1	0	0	0	1	1	0	1	1	1	1
0	1	1	1	1	1	0	0	0	1	1	1	0	0	0
0	0	0	0	0	0	0	0	0	0	0	1	0	0	0
0	0	0	0	0	0	1	0	0	0	0	1	0	0	0
DIFF_EDGE
0 0
CHROM_NUMBER
8
EOF
