TYPE : graph_{count}
DIMENSION: 17
EDGE_DATA_FORMAT: EDGE_LIST
EDGE_WEIGHT_TYPE: EXPLICIT
EDGE_WEIGHT_FORMAT: FULL_MATRIX
EDGE_DATA_SECTION
0 2
0 6
0 9
0 15
1 2
1 4
1 5
1 8
1 11
1 16
2 4
2 5
2 6
2 9
2 15
3 5
3 14
3 15
5 6
5 7
5 8
5 9
5 15
6 12
6 13
6 14
6 15
7 10
7 13
8 15
9 15
9 16
10 12
11 15
12 15
13 15
14 15
-1
EDGE_WEIGHT_SECTION
0	0	1	0	0	0	1	0	0	1	0	0	0	0	0	1	0
0	0	1	0	1	1	0	0	1	0	0	1	0	0	0	0	1
1	1	0	0	1	1	1	0	0	1	0	0	0	0	0	1	0
0	0	0	0	0	1	0	0	0	0	0	0	0	0	1	1	0
0	1	1	0	0	0	0	0	0	0	0	0	0	0	0	0	0
0	1	1	1	0	0	1	1	1	1	0	0	0	0	0	1	0
1	0	1	0	0	1	0	0	0	0	0	0	1	1	1	1	0
0	0	0	0	0	1	0	0	0	0	1	0	0	1	0	0	0
0	1	0	0	0	1	0	0	0	0	0	0	0	0	0	1	0
1	0	1	0	0	1	0	0	0	0	0	0	0	0	0	1	1
0	0	0	0	0	0	0	1	0	0	0	0	1	0	0	0	0
0	1	0	0	0	0	0	0	0	0	0	0	0	0	0	1	0
0	0	0	0	0	0	1	0	0	0	1	0	0	0	0	1	0
0	0	0	0	0	0	1	1	0	0	0	0	0	0	0	1	0
0	0	0	1	0	0	1	0	0	0	0	0	0	0	0	1	0
1	0	1	1	0	1	1	0	1	1	0	1	1	1	1	0	0
0	1	0	0	0	0	0	0	0	1	0	0	0	0	0	0	0
DIFF_EDGE
0 0
CHROM_NUMBER
5
EOF
