TYPE : graph_{count}
DIMENSION: 20
EDGE_DATA_FORMAT: EDGE_LIST
EDGE_WEIGHT_TYPE: EXPLICIT
EDGE_WEIGHT_FORMAT: FULL_MATRIX
EDGE_DATA_SECTION
0 1
0 4
0 5
0 6
0 7
0 9
0 10
0 13
0 14
0 16
0 17
1 5
1 7
1 10
1 13
1 15
1 16
1 17
2 5
2 8
2 15
3 4
3 8
3 14
3 15
4 7
4 8
4 10
4 15
5 7
5 9
5 10
5 13
5 15
5 16
5 17
5 19
6 10
6 13
6 15
6 16
7 8
7 10
7 11
7 12
7 13
7 16
8 15
9 10
9 12
9 16
10 13
10 15
10 16
10 17
11 15
11 16
11 17
13 15
13 16
13 17
14 15
14 17
15 16
15 17
16 17
16 18
-1
EDGE_WEIGHT_SECTION
0	1	0	0	1	1	1	1	0	1	1	0	0	1	1	0	1	1	0	0
1	0	0	0	0	1	0	1	0	0	1	0	0	1	0	1	1	1	0	0
0	0	0	0	0	1	0	0	1	0	0	0	0	0	0	1	0	0	0	0
0	0	0	0	1	0	0	0	1	0	0	0	0	0	1	1	0	0	0	0
1	0	0	1	0	0	0	1	1	0	1	0	0	0	0	1	0	0	0	0
1	1	1	0	0	0	0	1	0	1	1	0	0	1	0	1	1	1	0	1
1	0	0	0	0	0	0	0	0	0	1	0	0	1	0	1	1	0	0	0
1	1	0	0	1	1	0	0	1	0	1	1	1	1	0	0	1	0	0	0
0	0	1	1	1	0	0	1	0	0	0	0	0	0	0	1	0	0	0	0
1	0	0	0	0	1	0	0	0	0	1	0	1	0	0	0	1	0	0	0
1	1	0	0	1	1	1	1	0	1	0	0	0	1	0	1	1	1	0	0
0	0	0	0	0	0	0	1	0	0	0	0	0	0	0	1	1	1	0	0
0	0	0	0	0	0	0	1	0	1	0	0	0	0	0	0	0	0	0	0
1	1	0	0	0	1	1	1	0	0	1	0	0	0	0	1	1	1	0	0
1	0	0	1	0	0	0	0	0	0	0	0	0	0	0	1	0	1	0	0
0	1	1	1	1	1	1	0	1	0	1	1	0	1	1	1	1	1	0	0
1	1	0	0	0	1	1	1	0	1	1	1	0	1	0	1	0	1	1	0
1	1	0	0	0	1	0	0	0	0	1	1	0	1	1	1	1	0	0	0
0	0	0	0	0	0	0	0	0	0	0	0	0	0	0	0	1	0	0	0
0	0	0	0	0	1	0	0	0	0	0	0	0	0	0	0	0	0	0	0
DIFF_EDGE
0 0
CHROM_NUMBER
9
EOF
