TYPE : graph_{count}
DIMENSION: 16
EDGE_DATA_FORMAT: EDGE_LIST
EDGE_WEIGHT_TYPE: EXPLICIT
EDGE_WEIGHT_FORMAT: FULL_MATRIX
EDGE_DATA_SECTION
0 1
0 2
0 3
0 5
0 10
0 12
0 15
1 2
1 4
1 7
1 8
1 15
2 4
2 9
2 10
2 15
3 5
3 10
4 5
4 6
4 7
4 8
4 12
4 15
5 7
5 8
5 9
5 10
5 12
5 15
6 10
6 11
6 15
7 9
7 10
7 12
7 14
8 9
9 12
9 15
10 12
10 15
11 12
12 13
12 15
13 15
14 15
-1
EDGE_WEIGHT_SECTION
0	1	1	1	0	1	0	0	0	0	1	0	1	0	0	1
1	0	1	0	1	0	0	1	1	0	0	0	0	0	0	1
1	1	0	0	1	0	0	0	0	1	1	0	0	0	0	1
1	0	0	0	0	1	0	0	0	0	1	0	0	0	0	0
0	1	1	0	0	1	1	1	1	0	0	0	1	0	0	1
1	0	0	1	1	0	0	1	1	1	1	0	1	0	0	1
0	0	0	0	1	0	0	0	0	0	1	1	0	0	0	1
0	1	0	0	1	1	0	0	0	1	1	0	1	0	1	0
0	1	0	0	1	1	0	0	0	1	0	0	0	0	0	0
0	0	1	0	0	1	0	1	1	0	0	0	1	0	0	1
1	0	1	1	0	1	1	1	0	0	0	0	1	0	0	1
0	0	0	0	0	0	1	0	0	0	0	0	1	0	0	0
1	0	0	0	1	1	0	1	0	1	1	1	0	1	0	1
0	0	0	0	0	0	0	0	0	0	0	0	1	0	0	1
0	0	0	0	0	0	0	1	0	0	0	0	0	0	0	1
1	1	1	0	1	1	1	0	0	1	1	0	1	1	1	0
DIFF_EDGE
0 0
CHROM_NUMBER
8
EOF
