TYPE : graph_{count}
DIMENSION: 21
EDGE_DATA_FORMAT: EDGE_LIST
EDGE_WEIGHT_TYPE: EXPLICIT
EDGE_WEIGHT_FORMAT: FULL_MATRIX
EDGE_DATA_SECTION
0 1
0 2
0 4
0 5
0 6
0 8
0 10
0 12
0 14
0 16
0 17
1 3
1 5
1 8
1 9
1 10
1 12
1 13
1 14
1 15
1 16
1 17
2 4
2 7
2 8
2 10
2 12
2 14
2 17
3 4
3 8
3 10
3 11
3 12
4 6
4 8
4 9
4 12
4 14
4 16
5 9
5 16
5 20
6 8
6 16
6 20
7 8
7 9
7 10
7 11
7 15
7 16
8 9
8 10
8 12
8 14
8 17
8 18
9 12
10 12
10 14
10 16
10 17
11 14
11 17
12 14
12 16
12 17
13 16
13 17
14 16
14 17
15 16
16 17
16 18
17 19
-1
EDGE_WEIGHT_SECTION
0	1	1	0	1	1	1	0	1	0	1	0	1	0	1	0	1	1	0	0	0
1	0	0	1	0	1	0	0	1	1	1	0	1	1	1	1	1	1	0	0	0
1	0	0	0	1	0	0	1	1	0	1	0	1	0	1	0	0	1	0	0	0
0	1	0	0	1	0	0	0	1	0	1	1	1	0	0	0	0	0	0	0	0
1	0	1	1	0	0	1	0	1	1	0	0	1	0	1	0	1	0	0	0	0
1	1	0	0	0	0	0	0	0	1	0	0	0	0	0	0	1	0	0	0	1
1	0	0	0	1	0	0	0	1	0	0	0	0	0	0	0	1	0	0	0	1
0	0	1	0	0	0	0	0	1	1	1	1	0	0	0	1	1	0	0	0	0
1	1	1	1	1	0	1	1	0	1	1	0	1	0	1	0	0	1	1	0	0
0	1	0	0	1	1	0	1	1	0	0	0	1	0	0	0	0	0	0	0	0
1	1	1	1	0	0	0	1	1	0	0	0	1	0	1	0	1	1	0	0	0
0	0	0	1	0	0	0	1	0	0	0	0	0	0	1	0	0	1	0	0	0
1	1	1	1	1	0	0	0	1	1	1	0	0	0	1	0	1	1	0	0	0
0	1	0	0	0	0	0	0	0	0	0	0	0	0	0	0	1	1	0	0	0
1	1	1	0	1	0	0	0	1	0	1	1	1	0	1	0	1	1	0	0	0
0	1	0	0	0	0	0	1	0	0	0	0	0	0	0	0	1	0	0	0	0
1	1	0	0	1	1	1	1	0	0	1	0	1	1	1	1	0	1	1	0	0
1	1	1	0	0	0	0	0	1	0	1	1	1	1	1	0	1	0	0	1	0
0	0	0	0	0	0	0	0	1	0	0	0	0	0	0	0	1	0	0	0	0
0	0	0	0	0	0	0	0	0	0	0	0	0	0	0	0	0	1	0	0	0
0	0	0	0	0	1	1	0	0	0	0	0	0	0	0	0	0	0	0	0	0
DIFF_EDGE
0 0
CHROM_NUMBER
10
EOF
