TYPE : graph_{count}
DIMENSION: 21
EDGE_DATA_FORMAT: EDGE_LIST
EDGE_WEIGHT_TYPE: EXPLICIT
EDGE_WEIGHT_FORMAT: FULL_MATRIX
EDGE_DATA_SECTION
0 2
0 4
0 8
0 9
0 11
0 15
0 17
1 8
1 9
2 3
2 4
2 5
2 7
2 10
2 11
2 15
2 16
2 17
3 5
3 7
4 7
4 8
4 10
4 11
4 15
4 20
5 8
5 9
5 10
5 11
5 17
6 9
6 11
6 12
6 15
7 9
7 11
7 12
7 15
8 15
8 17
9 10
9 17
10 15
11 14
11 17
13 18
13 20
14 15
15 17
17 18
17 19
-1
EDGE_WEIGHT_SECTION
0	0	1	0	1	0	0	0	1	1	0	1	0	0	0	1	0	1	0	0	0
0	0	0	0	0	0	0	0	1	1	0	0	0	0	0	0	0	0	0	0	0
1	0	0	1	1	1	0	1	0	0	1	1	0	0	0	1	1	1	0	0	0
0	0	1	0	0	1	0	1	0	0	0	0	0	0	0	0	0	0	0	0	0
1	0	1	0	0	0	0	1	1	0	1	1	0	0	0	1	0	0	0	0	1
0	0	1	1	0	0	0	0	1	1	1	1	0	0	0	0	0	1	0	0	0
0	0	0	0	0	0	0	0	0	1	0	1	1	0	0	1	0	0	0	0	0
0	0	1	1	1	0	0	0	0	1	0	1	1	0	0	1	0	0	0	0	0
1	1	0	0	1	1	0	0	0	0	0	0	0	0	0	1	0	1	0	0	0
1	1	0	0	0	1	1	1	0	0	1	0	0	0	0	0	0	1	0	0	0
0	0	1	0	1	1	0	0	0	1	0	0	0	0	0	1	0	0	0	0	0
1	0	1	0	1	1	1	1	0	0	0	0	0	0	1	0	0	1	0	0	0
0	0	0	0	0	0	1	1	0	0	0	0	0	0	0	0	0	0	0	0	0
0	0	0	0	0	0	0	0	0	0	0	0	0	0	0	0	0	0	1	0	1
0	0	0	0	0	0	0	0	0	0	0	1	0	0	0	1	0	0	0	0	0
1	0	1	0	1	0	1	1	1	0	1	0	0	0	1	0	0	1	0	0	0
0	0	1	0	0	0	0	0	0	0	0	0	0	0	0	0	0	0	0	0	0
1	0	1	0	0	1	0	0	1	1	0	1	0	0	0	1	0	0	1	1	0
0	0	0	0	0	0	0	0	0	0	0	0	0	1	0	0	0	1	0	0	0
0	0	0	0	0	0	0	0	0	0	0	0	0	0	0	0	0	1	0	0	0
0	0	0	0	1	0	0	0	0	0	0	0	0	1	0	0	0	0	0	0	0
DIFF_EDGE
0 0
CHROM_NUMBER
8
EOF
