TYPE : graph_{count}
DIMENSION: 17
EDGE_DATA_FORMAT: EDGE_LIST
EDGE_WEIGHT_TYPE: EXPLICIT
EDGE_WEIGHT_FORMAT: FULL_MATRIX
EDGE_DATA_SECTION
0 2
0 3
0 4
0 5
0 7
0 9
0 10
0 11
0 12
0 13
0 14
2 3
2 4
2 5
2 6
2 7
2 8
2 12
2 13
2 14
3 5
3 8
3 9
3 10
3 12
4 6
4 12
4 15
5 6
5 7
5 9
5 12
5 13
5 14
6 7
6 10
6 12
6 13
6 14
7 10
7 12
7 13
7 14
8 9
8 10
8 11
8 15
9 12
10 13
10 14
11 13
11 14
12 14
12 16
13 14
13 16
-1
EDGE_WEIGHT_SECTION
0	0	1	1	1	1	0	1	0	1	1	1	1	1	1	0	0
0	0	0	0	0	0	0	0	0	0	0	0	0	0	0	0	0
1	0	0	1	1	1	1	1	1	0	0	0	1	1	1	0	0
1	0	1	0	0	1	0	0	1	1	1	0	1	0	0	0	0
1	0	1	0	0	0	1	0	0	0	0	0	1	0	0	1	0
1	0	1	1	0	0	1	1	0	1	0	0	1	1	1	0	0
0	0	1	0	1	1	0	1	0	0	1	0	1	1	1	0	0
1	0	1	0	0	1	1	0	0	0	1	0	1	1	1	0	0
0	0	1	1	0	0	0	0	0	1	1	1	0	0	0	1	0
1	0	0	1	0	1	0	0	1	0	0	0	1	0	0	0	0
1	0	0	1	0	0	1	1	1	0	0	0	0	1	1	0	0
1	0	0	0	0	0	0	0	1	0	0	0	0	1	1	0	0
1	0	1	1	1	1	1	1	0	1	0	0	1	0	1	0	1
1	0	1	0	0	1	1	1	0	0	1	1	0	0	1	0	1
1	0	1	0	0	1	1	1	0	0	1	1	1	1	0	0	0
0	0	0	0	1	0	0	0	1	0	0	0	0	0	0	0	0
0	0	0	0	0	0	0	0	0	0	0	0	1	1	0	0	0
DIFF_EDGE
0 0
CHROM_NUMBER
9
EOF
