TYPE : graph_{count}
DIMENSION: 21
EDGE_DATA_FORMAT: EDGE_LIST
EDGE_WEIGHT_TYPE: EXPLICIT
EDGE_WEIGHT_FORMAT: FULL_MATRIX
EDGE_DATA_SECTION
0 1
0 2
0 3
0 6
0 7
0 9
0 10
0 12
0 16
0 17
0 18
0 20
1 5
1 10
2 3
2 5
2 10
2 12
2 14
3 5
3 8
3 11
3 13
3 16
3 17
4 7
4 8
4 10
4 12
5 7
5 10
5 12
5 16
5 17
6 7
6 9
6 10
6 11
6 12
6 14
6 16
6 19
7 10
7 12
7 16
8 9
8 12
8 16
8 17
8 18
9 12
9 13
10 16
11 12
12 15
12 17
13 16
13 17
14 16
14 17
15 16
16 17
17 19
-1
EDGE_WEIGHT_SECTION
0	1	1	1	0	0	1	1	0	1	1	0	1	0	0	0	1	1	1	0	1
1	0	0	0	0	1	0	0	0	0	1	0	0	0	0	0	0	0	0	0	0
1	0	0	1	0	1	0	0	0	0	1	0	1	0	1	0	0	0	0	0	0
1	0	1	0	0	1	0	0	1	0	0	1	0	1	0	0	1	1	0	0	0
0	0	0	0	0	0	0	1	1	0	1	0	1	0	0	0	0	0	0	0	0
0	1	1	1	0	0	0	1	0	0	1	0	1	0	0	0	1	1	0	0	0
1	0	0	0	0	0	0	1	0	1	1	1	1	0	1	0	1	0	0	1	0
1	0	0	0	1	1	1	0	0	0	1	0	1	0	0	0	1	0	0	0	0
0	0	0	1	1	0	0	0	0	1	0	0	1	0	0	0	1	1	1	0	0
1	0	0	0	0	0	1	0	1	0	0	0	1	1	0	0	0	0	0	0	0
1	1	1	0	1	1	1	1	0	0	0	0	0	0	0	0	1	0	0	0	0
0	0	0	1	0	0	1	0	0	0	0	0	1	0	0	0	0	0	0	0	0
1	0	1	0	1	1	1	1	1	1	0	1	0	0	0	1	0	1	0	0	0
0	0	0	1	0	0	0	0	0	1	0	0	0	0	0	0	1	1	0	0	0
0	0	1	0	0	0	1	0	0	0	0	0	0	0	0	0	1	1	0	0	0
0	0	0	0	0	0	0	0	0	0	0	0	1	0	0	0	1	0	0	0	0
1	0	0	1	0	1	1	1	1	0	1	0	0	1	1	1	1	1	0	0	0
1	0	0	1	0	1	0	0	1	0	0	0	1	1	1	0	1	1	0	1	0
1	0	0	0	0	0	0	0	1	0	0	0	0	0	0	0	0	0	0	0	0
0	0	0	0	0	0	1	0	0	0	0	0	0	0	0	0	0	1	0	0	0
1	0	0	0	0	0	0	0	0	0	0	0	0	0	0	0	0	0	0	0	0
DIFF_EDGE
0 0
CHROM_NUMBER
9
EOF
