TYPE : graph_{count}
DIMENSION: 18
EDGE_DATA_FORMAT: EDGE_LIST
EDGE_WEIGHT_TYPE: EXPLICIT
EDGE_WEIGHT_FORMAT: FULL_MATRIX
EDGE_DATA_SECTION
0 4
0 6
0 8
0 10
1 2
1 3
1 4
1 6
1 7
1 10
1 13
2 4
2 8
2 9
2 11
2 16
2 17
3 4
3 5
3 6
4 5
4 6
4 9
4 10
4 12
4 13
4 15
5 9
5 13
5 14
6 8
6 10
6 13
7 8
7 9
7 15
8 10
8 12
9 10
9 13
10 13
11 13
12 13
14 16
16 17
-1
EDGE_WEIGHT_SECTION
0	0	0	0	1	0	1	0	1	0	1	0	0	0	0	0	0	0
0	0	1	1	1	0	1	1	0	0	1	0	0	1	0	0	0	0
0	1	0	0	1	0	0	0	1	1	0	1	0	0	0	0	1	1
0	1	0	0	1	1	1	0	0	0	0	0	0	0	0	0	0	0
1	1	1	1	0	1	1	0	0	1	1	0	1	1	0	1	0	0
0	0	0	1	1	0	0	0	0	1	0	0	0	1	1	0	0	0
1	1	0	1	1	0	0	0	1	0	1	0	0	1	0	0	0	0
0	1	0	0	0	0	0	0	1	1	0	0	0	0	0	1	0	0
1	0	1	0	0	0	1	1	0	0	1	0	1	0	0	0	0	0
0	0	1	0	1	1	0	1	0	0	1	0	0	1	0	0	0	0
1	1	0	0	1	0	1	0	1	1	0	0	0	1	0	0	0	0
0	0	1	0	0	0	0	0	0	0	0	0	0	1	0	0	0	0
0	0	0	0	1	0	0	0	1	0	0	0	0	1	0	0	0	0
0	1	0	0	1	1	1	0	0	1	1	1	1	0	0	0	0	0
0	0	0	0	0	1	0	0	0	0	0	0	0	0	0	0	1	0
0	0	0	0	1	0	0	1	0	0	0	0	0	0	0	0	0	0
0	0	1	0	0	0	0	0	0	0	0	0	0	0	1	0	0	1
0	0	1	0	0	0	0	0	0	0	0	0	0	0	0	0	1	0
DIFF_EDGE
0 0
CHROM_NUMBER
7
EOF
